scenario_name,run_number,round,agent_id,move,payoff,strategy
NetworkRewiring_Test,21,0,0,cooperate,0.5172413793103449,lra_q
NetworkRewiring_Test,21,0,1,cooperate,0.3103448275862069,lra_q
NetworkRewiring_Test,21,0,2,cooperate,0.6206896551724138,lra_q
NetworkRewiring_Test,21,0,3,cooperate,0.3103448275862069,lra_q
NetworkRewiring_Test,21,0,4,cooperate,0.3103448275862069,lra_q
NetworkRewiring_Test,21,0,5,cooperate,0.41379310344827586,lra_q
NetworkRewiring_Test,21,0,6,cooperate,0.41379310344827586,lra_q
NetworkRewiring_Test,21,0,7,cooperate,0.3103448275862069,lra_q
NetworkRewiring_Test,21,0,8,cooperate,0.3103448275862069,lra_q
NetworkRewiring_Test,21,0,9,cooperate,0.3103448275862069,lra_q
NetworkRewiring_Test,21,0,10,cooperate,0.41379310344827586,lra_q
NetworkRewiring_Test,21,0,11,cooperate,0.3103448275862069,lra_q
NetworkRewiring_Test,21,0,12,cooperate,0.3103448275862069,lra_q
NetworkRewiring_Test,21,0,13,cooperate,0.41379310344827586,lra_q
NetworkRewiring_Test,21,0,14,cooperate,0.41379310344827586,lra_q
NetworkRewiring_Test,21,0,15,cooperate,0.6206896551724138,tit_for_tat
NetworkRewiring_Test,21,0,16,cooperate,0.41379310344827586,tit_for_tat
NetworkRewiring_Test,21,0,17,cooperate,0.5172413793103449,tit_for_tat
NetworkRewiring_Test,21,0,18,cooperate,0.41379310344827586,tit_for_tat
NetworkRewiring_Test,21,0,19,cooperate,0.5172413793103449,tit_for_tat
NetworkRewiring_Test,21,0,20,cooperate,0.41379310344827586,tit_for_tat
NetworkRewiring_Test,21,0,21,cooperate,0.5172413793103449,tit_for_tat
NetworkRewiring_Test,21,0,22,cooperate,0.5172413793103449,tit_for_tat
NetworkRewiring_Test,21,0,23,cooperate,0.3103448275862069,tit_for_tat
NetworkRewiring_Test,21,0,24,cooperate,0.3103448275862069,tit_for_tat
NetworkRewiring_Test,21,0,25,cooperate,0.5172413793103449,tit_for_tat
NetworkRewiring_Test,21,0,26,cooperate,0.41379310344827586,tit_for_tat
NetworkRewiring_Test,21,0,27,cooperate,0.3103448275862069,tit_for_tat
NetworkRewiring_Test,21,0,28,cooperate,0.3103448275862069,tit_for_tat
NetworkRewiring_Test,21,0,29,cooperate,0.6206896551724138,tit_for_tat
NetworkRewiring_Test,21,1,0,cooperate,0.5172413793103449,lra_q
NetworkRewiring_Test,21,1,1,cooperate,0.3103448275862069,lra_q
NetworkRewiring_Test,21,1,2,cooperate,0.6206896551724138,lra_q
NetworkRewiring_Test,21,1,3,cooperate,0.3103448275862069,lra_q
NetworkRewiring_Test,21,1,4,cooperate,0.3103448275862069,lra_q
NetworkRewiring_Test,21,1,5,cooperate,0.41379310344827586,lra_q
NetworkRewiring_Test,21,1,6,cooperate,0.41379310344827586,lra_q
NetworkRewiring_Test,21,1,7,cooperate,0.20689655172413793,lra_q
NetworkRewiring_Test,21,1,8,cooperate,0.3103448275862069,lra_q
NetworkRewiring_Test,21,1,9,defect,1.4137931034482758,lra_q
NetworkRewiring_Test,21,1,10,cooperate,0.3103448275862069,lra_q
NetworkRewiring_Test,21,1,11,cooperate,0.10344827586206896,lra_q
NetworkRewiring_Test,21,1,12,cooperate,0.20689655172413793,lra_q
NetworkRewiring_Test,21,1,13,defect,1.5517241379310345,lra_q
NetworkRewiring_Test,21,1,14,cooperate,0.3103448275862069,lra_q
NetworkRewiring_Test,21,1,15,cooperate,0.5172413793103449,tit_for_tat
NetworkRewiring_Test,21,1,16,cooperate,0.41379310344827586,tit_for_tat
NetworkRewiring_Test,21,1,17,cooperate,0.5172413793103449,tit_for_tat
NetworkRewiring_Test,21,1,18,cooperate,0.41379310344827586,tit_for_tat
NetworkRewiring_Test,21,1,19,cooperate,0.5172413793103449,tit_for_tat
NetworkRewiring_Test,21,1,20,cooperate,0.41379310344827586,tit_for_tat
NetworkRewiring_Test,21,1,21,cooperate,0.5172413793103449,tit_for_tat
NetworkRewiring_Test,21,1,22,cooperate,0.5172413793103449,tit_for_tat
NetworkRewiring_Test,21,1,23,cooperate,0.3103448275862069,tit_for_tat
NetworkRewiring_Test,21,1,24,cooperate,0.3103448275862069,tit_for_tat
NetworkRewiring_Test,21,1,25,cooperate,0.5172413793103449,tit_for_tat
NetworkRewiring_Test,21,1,26,cooperate,0.41379310344827586,tit_for_tat
NetworkRewiring_Test,21,1,27,cooperate,0.3103448275862069,tit_for_tat
NetworkRewiring_Test,21,1,28,cooperate,0.3103448275862069,tit_for_tat
NetworkRewiring_Test,21,1,29,cooperate,0.6206896551724138,tit_for_tat
NetworkRewiring_Test,21,2,0,cooperate,0.5172413793103449,lra_q
NetworkRewiring_Test,21,2,1,cooperate,0.3103448275862069,lra_q
NetworkRewiring_Test,21,2,2,cooperate,0.6206896551724138,lra_q
NetworkRewiring_Test,21,2,3,cooperate,0.3103448275862069,lra_q
NetworkRewiring_Test,21,2,4,cooperate,0.3103448275862069,lra_q
NetworkRewiring_Test,21,2,5,cooperate,0.41379310344827586,lra_q
NetworkRewiring_Test,21,2,6,cooperate,0.41379310344827586,lra_q
NetworkRewiring_Test,21,2,7,cooperate,0.20689655172413793,lra_q
NetworkRewiring_Test,21,2,8,cooperate,0.3103448275862069,lra_q
NetworkRewiring_Test,21,2,9,defect,1.4137931034482758,lra_q
NetworkRewiring_Test,21,2,10,cooperate,0.3103448275862069,lra_q
NetworkRewiring_Test,21,2,11,cooperate,0.10344827586206896,lra_q
NetworkRewiring_Test,21,2,12,cooperate,0.20689655172413793,lra_q
NetworkRewiring_Test,21,2,13,defect,1.5517241379310345,lra_q
NetworkRewiring_Test,21,2,14,cooperate,0.3103448275862069,lra_q
NetworkRewiring_Test,21,2,15,cooperate,0.5172413793103449,tit_for_tat
NetworkRewiring_Test,21,2,16,cooperate,0.41379310344827586,tit_for_tat
NetworkRewiring_Test,21,2,17,cooperate,0.5172413793103449,tit_for_tat
NetworkRewiring_Test,21,2,18,cooperate,0.41379310344827586,tit_for_tat
NetworkRewiring_Test,21,2,19,cooperate,0.5172413793103449,tit_for_tat
NetworkRewiring_Test,21,2,20,cooperate,0.41379310344827586,tit_for_tat
NetworkRewiring_Test,21,2,21,cooperate,0.5172413793103449,tit_for_tat
NetworkRewiring_Test,21,2,22,cooperate,0.5172413793103449,tit_for_tat
NetworkRewiring_Test,21,2,23,cooperate,0.3103448275862069,tit_for_tat
NetworkRewiring_Test,21,2,24,cooperate,0.3103448275862069,tit_for_tat
NetworkRewiring_Test,21,2,25,cooperate,0.5172413793103449,tit_for_tat
NetworkRewiring_Test,21,2,26,cooperate,0.41379310344827586,tit_for_tat
NetworkRewiring_Test,21,2,27,cooperate,0.3103448275862069,tit_for_tat
NetworkRewiring_Test,21,2,28,cooperate,0.3103448275862069,tit_for_tat
NetworkRewiring_Test,21,2,29,cooperate,0.6206896551724138,tit_for_tat
NetworkRewiring_Test,21,3,0,cooperate,0.5172413793103449,lra_q
NetworkRewiring_Test,21,3,1,cooperate,0.3103448275862069,lra_q
NetworkRewiring_Test,21,3,2,cooperate,0.6206896551724138,lra_q
NetworkRewiring_Test,21,3,3,cooperate,0.3103448275862069,lra_q
NetworkRewiring_Test,21,3,4,cooperate,0.3103448275862069,lra_q
NetworkRewiring_Test,21,3,5,cooperate,0.41379310344827586,lra_q
NetworkRewiring_Test,21,3,6,cooperate,0.41379310344827586,lra_q
NetworkRewiring_Test,21,3,7,cooperate,0.20689655172413793,lra_q
NetworkRewiring_Test,21,3,8,cooperate,0.3103448275862069,lra_q
NetworkRewiring_Test,21,3,9,defect,1.4137931034482758,lra_q
NetworkRewiring_Test,21,3,10,cooperate,0.3103448275862069,lra_q
NetworkRewiring_Test,21,3,11,cooperate,0.10344827586206896,lra_q
NetworkRewiring_Test,21,3,12,cooperate,0.20689655172413793,lra_q
NetworkRewiring_Test,21,3,13,defect,1.5517241379310345,lra_q
NetworkRewiring_Test,21,3,14,cooperate,0.3103448275862069,lra_q
NetworkRewiring_Test,21,3,15,cooperate,0.5172413793103449,tit_for_tat
NetworkRewiring_Test,21,3,16,cooperate,0.41379310344827586,tit_for_tat
NetworkRewiring_Test,21,3,17,cooperate,0.5172413793103449,tit_for_tat
NetworkRewiring_Test,21,3,18,cooperate,0.41379310344827586,tit_for_tat
NetworkRewiring_Test,21,3,19,cooperate,0.5172413793103449,tit_for_tat
NetworkRewiring_Test,21,3,20,cooperate,0.41379310344827586,tit_for_tat
NetworkRewiring_Test,21,3,21,cooperate,0.5172413793103449,tit_for_tat
NetworkRewiring_Test,21,3,22,cooperate,0.5172413793103449,tit_for_tat
NetworkRewiring_Test,21,3,23,cooperate,0.3103448275862069,tit_for_tat
NetworkRewiring_Test,21,3,24,cooperate,0.3103448275862069,tit_for_tat
NetworkRewiring_Test,21,3,25,cooperate,0.5172413793103449,tit_for_tat
NetworkRewiring_Test,21,3,26,cooperate,0.41379310344827586,tit_for_tat
NetworkRewiring_Test,21,3,27,cooperate,0.3103448275862069,tit_for_tat
NetworkRewiring_Test,21,3,28,cooperate,0.3103448275862069,tit_for_tat
NetworkRewiring_Test,21,3,29,cooperate,0.6206896551724138,tit_for_tat
NetworkRewiring_Test,21,4,0,cooperate,0.41379310344827586,lra_q
NetworkRewiring_Test,21,4,1,defect,1.4137931034482758,lra_q
NetworkRewiring_Test,21,4,2,cooperate,0.5172413793103449,lra_q
NetworkRewiring_Test,21,4,3,cooperate,0.20689655172413793,lra_q
NetworkRewiring_Test,21,4,4,cooperate,0.3103448275862069,lra_q
NetworkRewiring_Test,21,4,5,cooperate,0.41379310344827586,lra_q
NetworkRewiring_Test,21,4,6,cooperate,0.41379310344827586,lra_q
NetworkRewiring_Test,21,4,7,cooperate,0.20689655172413793,lra_q
NetworkRewiring_Test,21,4,8,cooperate,0.20689655172413793,lra_q
NetworkRewiring_Test,21,4,9,defect,1.2758620689655173,lra_q
NetworkRewiring_Test,21,4,10,defect,1.4137931034482758,lra_q
NetworkRewiring_Test,21,4,11,cooperate,0.10344827586206896,lra_q
NetworkRewiring_Test,21,4,12,cooperate,0.20689655172413793,lra_q
NetworkRewiring_Test,21,4,13,defect,1.5517241379310345,lra_q
NetworkRewiring_Test,21,4,14,cooperate,0.3103448275862069,lra_q
NetworkRewiring_Test,21,4,15,cooperate,0.41379310344827586,tit_for_tat
NetworkRewiring_Test,21,4,16,cooperate,0.41379310344827586,tit_for_tat
NetworkRewiring_Test,21,4,17,cooperate,0.5172413793103449,tit_for_tat
NetworkRewiring_Test,21,4,18,cooperate,0.41379310344827586,tit_for_tat
NetworkRewiring_Test,21,4,19,cooperate,0.5172413793103449,tit_for_tat
NetworkRewiring_Test,21,4,20,cooperate,0.41379310344827586,tit_for_tat
NetworkRewiring_Test,21,4,21,cooperate,0.5172413793103449,tit_for_tat
NetworkRewiring_Test,21,4,22,cooperate,0.5172413793103449,tit_for_tat
NetworkRewiring_Test,21,4,23,cooperate,0.3103448275862069,tit_for_tat
NetworkRewiring_Test,21,4,24,cooperate,0.3103448275862069,tit_for_tat
NetworkRewiring_Test,21,4,25,cooperate,0.41379310344827586,tit_for_tat
NetworkRewiring_Test,21,4,26,cooperate,0.41379310344827586,tit_for_tat
NetworkRewiring_Test,21,4,27,cooperate,0.3103448275862069,tit_for_tat
NetworkRewiring_Test,21,4,28,cooperate,0.3103448275862069,tit_for_tat
NetworkRewiring_Test,21,4,29,cooperate,0.6206896551724138,tit_for_tat
NetworkRewiring_Test,21,5,0,cooperate,0.41379310344827586,lra_q
NetworkRewiring_Test,21,5,1,defect,1.4137931034482758,lra_q
NetworkRewiring_Test,21,5,2,cooperate,0.41379310344827586,lra_q
NetworkRewiring_Test,21,5,3,cooperate,0.20689655172413793,lra_q
NetworkRewiring_Test,21,5,4,defect,1.4137931034482758,lra_q
NetworkRewiring_Test,21,5,5,cooperate,0.3103448275862069,lra_q
NetworkRewiring_Test,21,5,6,cooperate,0.41379310344827586,lra_q
NetworkRewiring_Test,21,5,7,cooperate,0.20689655172413793,lra_q
NetworkRewiring_Test,21,5,8,cooperate,0.20689655172413793,lra_q
NetworkRewiring_Test,21,5,9,defect,1.2758620689655173,lra_q
NetworkRewiring_Test,21,5,10,defect,1.4137931034482758,lra_q
NetworkRewiring_Test,21,5,11,cooperate,0.10344827586206896,lra_q
NetworkRewiring_Test,21,5,12,cooperate,0.20689655172413793,lra_q
NetworkRewiring_Test,21,5,13,defect,1.5517241379310345,lra_q
NetworkRewiring_Test,21,5,14,cooperate,0.3103448275862069,lra_q
NetworkRewiring_Test,21,5,15,cooperate,0.41379310344827586,tit_for_tat
NetworkRewiring_Test,21,5,16,cooperate,0.41379310344827586,tit_for_tat
NetworkRewiring_Test,21,5,17,cooperate,0.5172413793103449,tit_for_tat
NetworkRewiring_Test,21,5,18,cooperate,0.41379310344827586,tit_for_tat
NetworkRewiring_Test,21,5,19,cooperate,0.5172413793103449,tit_for_tat
NetworkRewiring_Test,21,5,20,cooperate,0.41379310344827586,tit_for_tat
NetworkRewiring_Test,21,5,21,cooperate,0.5172413793103449,tit_for_tat
NetworkRewiring_Test,21,5,22,cooperate,0.5172413793103449,tit_for_tat
NetworkRewiring_Test,21,5,23,cooperate,0.3103448275862069,tit_for_tat
NetworkRewiring_Test,21,5,24,cooperate,0.3103448275862069,tit_for_tat
NetworkRewiring_Test,21,5,25,cooperate,0.3103448275862069,tit_for_tat
NetworkRewiring_Test,21,5,26,cooperate,0.41379310344827586,tit_for_tat
NetworkRewiring_Test,21,5,27,cooperate,0.3103448275862069,tit_for_tat
NetworkRewiring_Test,21,5,28,cooperate,0.3103448275862069,tit_for_tat
NetworkRewiring_Test,21,5,29,cooperate,0.6206896551724138,tit_for_tat
NetworkRewiring_Test,21,6,0,cooperate,0.41379310344827586,lra_q
NetworkRewiring_Test,21,6,1,defect,1.4137931034482758,lra_q
NetworkRewiring_Test,21,6,2,cooperate,0.41379310344827586,lra_q
NetworkRewiring_Test,21,6,3,cooperate,0.20689655172413793,lra_q
NetworkRewiring_Test,21,6,4,defect,1.4137931034482758,lra_q
NetworkRewiring_Test,21,6,5,cooperate,0.3103448275862069,lra_q
NetworkRewiring_Test,21,6,6,cooperate,0.41379310344827586,lra_q
NetworkRewiring_Test,21,6,7,cooperate,0.20689655172413793,lra_q
NetworkRewiring_Test,21,6,8,cooperate,0.20689655172413793,lra_q
NetworkRewiring_Test,21,6,9,defect,1.2758620689655173,lra_q
NetworkRewiring_Test,21,6,10,defect,1.4137931034482758,lra_q
NetworkRewiring_Test,21,6,11,cooperate,0.10344827586206896,lra_q
NetworkRewiring_Test,21,6,12,cooperate,0.10344827586206896,lra_q
NetworkRewiring_Test,21,6,13,defect,1.4137931034482758,lra_q
NetworkRewiring_Test,21,6,14,defect,1.4137931034482758,lra_q
NetworkRewiring_Test,21,6,15,cooperate,0.3103448275862069,tit_for_tat
NetworkRewiring_Test,21,6,16,cooperate,0.41379310344827586,tit_for_tat
NetworkRewiring_Test,21,6,17,cooperate,0.41379310344827586,tit_for_tat
NetworkRewiring_Test,21,6,18,cooperate,0.41379310344827586,tit_for_tat
NetworkRewiring_Test,21,6,19,cooperate,0.5172413793103449,tit_for_tat
NetworkRewiring_Test,21,6,20,cooperate,0.41379310344827586,tit_for_tat
NetworkRewiring_Test,21,6,21,cooperate,0.5172413793103449,tit_for_tat
NetworkRewiring_Test,21,6,22,cooperate,0.5172413793103449,tit_for_tat
NetworkRewiring_Test,21,6,23,cooperate,0.3103448275862069,tit_for_tat
NetworkRewiring_Test,21,6,24,cooperate,0.3103448275862069,tit_for_tat
NetworkRewiring_Test,21,6,25,cooperate,0.3103448275862069,tit_for_tat
NetworkRewiring_Test,21,6,26,cooperate,0.41379310344827586,tit_for_tat
NetworkRewiring_Test,21,6,27,cooperate,0.3103448275862069,tit_for_tat
NetworkRewiring_Test,21,6,28,cooperate,0.3103448275862069,tit_for_tat
NetworkRewiring_Test,21,6,29,cooperate,0.6206896551724138,tit_for_tat
NetworkRewiring_Test,21,7,0,cooperate,0.41379310344827586,lra_q
NetworkRewiring_Test,21,7,1,defect,1.4137931034482758,lra_q
NetworkRewiring_Test,21,7,2,cooperate,0.41379310344827586,lra_q
NetworkRewiring_Test,21,7,3,cooperate,0.20689655172413793,lra_q
NetworkRewiring_Test,21,7,4,defect,1.4137931034482758,lra_q
NetworkRewiring_Test,21,7,5,cooperate,0.3103448275862069,lra_q
NetworkRewiring_Test,21,7,6,cooperate,0.41379310344827586,lra_q
NetworkRewiring_Test,21,7,7,cooperate,0.20689655172413793,lra_q
NetworkRewiring_Test,21,7,8,cooperate,0.20689655172413793,lra_q
NetworkRewiring_Test,21,7,9,defect,1.2758620689655173,lra_q
NetworkRewiring_Test,21,7,10,defect,1.4137931034482758,lra_q
NetworkRewiring_Test,21,7,11,cooperate,0.20689655172413793,lra_q
NetworkRewiring_Test,21,7,12,cooperate,0.20689655172413793,lra_q
NetworkRewiring_Test,21,7,13,cooperate,0.3103448275862069,lra_q
NetworkRewiring_Test,21,7,14,defect,1.5517241379310345,lra_q
NetworkRewiring_Test,21,7,15,cooperate,0.41379310344827586,tit_for_tat
NetworkRewiring_Test,21,7,16,cooperate,0.41379310344827586,tit_for_tat
NetworkRewiring_Test,21,7,17,cooperate,0.41379310344827586,tit_for_tat
NetworkRewiring_Test,21,7,18,cooperate,0.41379310344827586,tit_for_tat
NetworkRewiring_Test,21,7,19,cooperate,0.5172413793103449,tit_for_tat
NetworkRewiring_Test,21,7,20,cooperate,0.41379310344827586,tit_for_tat
NetworkRewiring_Test,21,7,21,cooperate,0.5172413793103449,tit_for_tat
NetworkRewiring_Test,21,7,22,cooperate,0.5172413793103449,tit_for_tat
NetworkRewiring_Test,21,7,23,cooperate,0.3103448275862069,tit_for_tat
NetworkRewiring_Test,21,7,24,cooperate,0.3103448275862069,tit_for_tat
NetworkRewiring_Test,21,7,25,cooperate,0.3103448275862069,tit_for_tat
NetworkRewiring_Test,21,7,26,cooperate,0.41379310344827586,tit_for_tat
NetworkRewiring_Test,21,7,27,cooperate,0.3103448275862069,tit_for_tat
NetworkRewiring_Test,21,7,28,cooperate,0.3103448275862069,tit_for_tat
NetworkRewiring_Test,21,7,29,cooperate,0.6206896551724138,tit_for_tat
NetworkRewiring_Test,21,8,0,cooperate,0.41379310344827586,lra_q
NetworkRewiring_Test,21,8,1,defect,1.4137931034482758,lra_q
NetworkRewiring_Test,21,8,2,cooperate,0.41379310344827586,lra_q
NetworkRewiring_Test,21,8,3,cooperate,0.10344827586206896,lra_q
NetworkRewiring_Test,21,8,4,defect,1.2758620689655173,lra_q
NetworkRewiring_Test,21,8,5,cooperate,0.3103448275862069,lra_q
NetworkRewiring_Test,21,8,6,cooperate,0.41379310344827586,lra_q
NetworkRewiring_Test,21,8,7,cooperate,0.20689655172413793,lra_q
NetworkRewiring_Test,21,8,8,cooperate,0.20689655172413793,lra_q
NetworkRewiring_Test,21,8,9,defect,1.2758620689655173,lra_q
NetworkRewiring_Test,21,8,10,defect,1.2758620689655173,lra_q
NetworkRewiring_Test,21,8,11,cooperate,0.20689655172413793,lra_q
NetworkRewiring_Test,21,8,12,cooperate,0.3103448275862069,lra_q
NetworkRewiring_Test,21,8,13,cooperate,0.41379310344827586,lra_q
NetworkRewiring_Test,21,8,14,cooperate,0.41379310344827586,lra_q
NetworkRewiring_Test,21,8,15,cooperate,0.5172413793103449,tit_for_tat
NetworkRewiring_Test,21,8,16,cooperate,0.41379310344827586,tit_for_tat
NetworkRewiring_Test,21,8,17,cooperate,0.5172413793103449,tit_for_tat
NetworkRewiring_Test,21,8,18,cooperate,0.41379310344827586,tit_for_tat
NetworkRewiring_Test,21,8,19,cooperate,0.5172413793103449,tit_for_tat
NetworkRewiring_Test,21,8,20,cooperate,0.41379310344827586,tit_for_tat
NetworkRewiring_Test,21,8,21,cooperate,0.5172413793103449,tit_for_tat
NetworkRewiring_Test,21,8,22,cooperate,0.5172413793103449,tit_for_tat
NetworkRewiring_Test,21,8,23,cooperate,0.3103448275862069,tit_for_tat
NetworkRewiring_Test,21,8,24,cooperate,0.3103448275862069,tit_for_tat
NetworkRewiring_Test,21,8,25,defect,1.4137931034482758,tit_for_tat
NetworkRewiring_Test,21,8,26,cooperate,0.41379310344827586,tit_for_tat
NetworkRewiring_Test,21,8,27,cooperate,0.20689655172413793,tit_for_tat
NetworkRewiring_Test,21,8,28,cooperate,0.3103448275862069,tit_for_tat
NetworkRewiring_Test,21,8,29,cooperate,0.5172413793103449,tit_for_tat
NetworkRewiring_Test,21,9,0,defect,1.5517241379310345,lra_q
NetworkRewiring_Test,21,9,1,defect,1.2758620689655173,lra_q
NetworkRewiring_Test,21,9,2,cooperate,0.5172413793103449,lra_q
NetworkRewiring_Test,21,9,3,cooperate,0.20689655172413793,lra_q
NetworkRewiring_Test,21,9,4,cooperate,0.20689655172413793,lra_q
NetworkRewiring_Test,21,9,5,defect,1.5517241379310345,lra_q
NetworkRewiring_Test,21,9,6,cooperate,0.3103448275862069,lra_q
NetworkRewiring_Test,21,9,7,cooperate,0.0,lra_q
NetworkRewiring_Test,21,9,8,cooperate,0.3103448275862069,lra_q
NetworkRewiring_Test,21,9,9,defect,1.4137931034482758,lra_q
NetworkRewiring_Test,21,9,10,cooperate,0.3103448275862069,lra_q
NetworkRewiring_Test,21,9,11,cooperate,0.10344827586206896,lra_q
NetworkRewiring_Test,21,9,12,cooperate,0.20689655172413793,lra_q
NetworkRewiring_Test,21,9,13,defect,1.5517241379310345,lra_q
NetworkRewiring_Test,21,9,14,cooperate,0.3103448275862069,lra_q
NetworkRewiring_Test,21,9,15,cooperate,0.5172413793103449,tit_for_tat
NetworkRewiring_Test,21,9,16,cooperate,0.41379310344827586,tit_for_tat
NetworkRewiring_Test,21,9,17,cooperate,0.5172413793103449,tit_for_tat
NetworkRewiring_Test,21,9,18,cooperate,0.41379310344827586,tit_for_tat
NetworkRewiring_Test,21,9,19,cooperate,0.5172413793103449,tit_for_tat
NetworkRewiring_Test,21,9,20,cooperate,0.41379310344827586,tit_for_tat
NetworkRewiring_Test,21,9,21,cooperate,0.5172413793103449,tit_for_tat
NetworkRewiring_Test,21,9,22,cooperate,0.41379310344827586,tit_for_tat
NetworkRewiring_Test,21,9,23,cooperate,0.3103448275862069,tit_for_tat
NetworkRewiring_Test,21,9,24,cooperate,0.3103448275862069,tit_for_tat
NetworkRewiring_Test,21,9,25,cooperate,0.5172413793103449,tit_for_tat
NetworkRewiring_Test,21,9,26,cooperate,0.3103448275862069,tit_for_tat
NetworkRewiring_Test,21,9,27,cooperate,0.3103448275862069,tit_for_tat
NetworkRewiring_Test,21,9,28,cooperate,0.20689655172413793,tit_for_tat
NetworkRewiring_Test,21,9,29,cooperate,0.5172413793103449,tit_for_tat
NetworkRewiring_Test,21,10,0,defect,1.5517241379310345,lra_q
NetworkRewiring_Test,21,10,1,cooperate,0.20689655172413793,lra_q
NetworkRewiring_Test,21,10,2,cooperate,0.6206896551724138,lra_q
NetworkRewiring_Test,21,10,3,cooperate,0.3103448275862069,lra_q
NetworkRewiring_Test,21,10,4,cooperate,0.3103448275862069,lra_q
NetworkRewiring_Test,21,10,5,cooperate,0.41379310344827586,lra_q
NetworkRewiring_Test,21,10,6,cooperate,0.41379310344827586,lra_q
NetworkRewiring_Test,21,10,7,cooperate,0.10344827586206896,lra_q
NetworkRewiring_Test,21,10,8,cooperate,0.10344827586206896,lra_q
NetworkRewiring_Test,21,10,9,defect,1.2758620689655173,lra_q
NetworkRewiring_Test,21,10,10,defect,1.4137931034482758,lra_q
NetworkRewiring_Test,21,10,11,cooperate,0.10344827586206896,lra_q
NetworkRewiring_Test,21,10,12,cooperate,0.10344827586206896,lra_q
NetworkRewiring_Test,21,10,13,defect,1.4137931034482758,lra_q
NetworkRewiring_Test,21,10,14,defect,1.4137931034482758,lra_q
NetworkRewiring_Test,21,10,15,cooperate,0.3103448275862069,tit_for_tat
NetworkRewiring_Test,21,10,16,cooperate,0.41379310344827586,tit_for_tat
NetworkRewiring_Test,21,10,17,cooperate,0.41379310344827586,tit_for_tat
NetworkRewiring_Test,21,10,18,cooperate,0.41379310344827586,tit_for_tat
NetworkRewiring_Test,21,10,19,cooperate,0.5172413793103449,tit_for_tat
NetworkRewiring_Test,21,10,20,cooperate,0.41379310344827586,tit_for_tat
NetworkRewiring_Test,21,10,21,cooperate,0.41379310344827586,tit_for_tat
NetworkRewiring_Test,21,10,22,cooperate,0.41379310344827586,tit_for_tat
NetworkRewiring_Test,21,10,23,cooperate,0.3103448275862069,tit_for_tat
NetworkRewiring_Test,21,10,24,cooperate,0.3103448275862069,tit_for_tat
NetworkRewiring_Test,21,10,25,cooperate,0.3103448275862069,tit_for_tat
NetworkRewiring_Test,21,10,26,cooperate,0.41379310344827586,tit_for_tat
NetworkRewiring_Test,21,10,27,cooperate,0.20689655172413793,tit_for_tat
NetworkRewiring_Test,21,10,28,cooperate,0.10344827586206896,tit_for_tat
NetworkRewiring_Test,21,10,29,defect,1.6896551724137931,tit_for_tat
NetworkRewiring_Test,21,11,0,defect,1.5517241379310345,lra_q
NetworkRewiring_Test,21,11,1,cooperate,0.10344827586206896,lra_q
NetworkRewiring_Test,21,11,2,cooperate,0.5172413793103449,lra_q
NetworkRewiring_Test,21,11,3,defect,1.2758620689655173,lra_q
NetworkRewiring_Test,21,11,4,defect,1.4137931034482758,lra_q
NetworkRewiring_Test,21,11,5,cooperate,0.20689655172413793,lra_q
NetworkRewiring_Test,21,11,6,defect,1.4137931034482758,lra_q
NetworkRewiring_Test,21,11,7,cooperate,0.10344827586206896,lra_q
NetworkRewiring_Test,21,11,8,cooperate,0.10344827586206896,lra_q
NetworkRewiring_Test,21,11,9,defect,1.2758620689655173,lra_q
NetworkRewiring_Test,21,11,10,defect,1.4137931034482758,lra_q
NetworkRewiring_Test,21,11,11,cooperate,0.20689655172413793,lra_q
NetworkRewiring_Test,21,11,12,cooperate,0.20689655172413793,lra_q
NetworkRewiring_Test,21,11,13,cooperate,0.3103448275862069,lra_q
NetworkRewiring_Test,21,11,14,defect,1.5517241379310345,lra_q
NetworkRewiring_Test,21,11,15,cooperate,0.41379310344827586,tit_for_tat
NetworkRewiring_Test,21,11,16,cooperate,0.3103448275862069,tit_for_tat
NetworkRewiring_Test,21,11,17,cooperate,0.41379310344827586,tit_for_tat
NetworkRewiring_Test,21,11,18,cooperate,0.41379310344827586,tit_for_tat
NetworkRewiring_Test,21,11,19,cooperate,0.5172413793103449,tit_for_tat
NetworkRewiring_Test,21,11,20,cooperate,0.41379310344827586,tit_for_tat
NetworkRewiring_Test,21,11,21,cooperate,0.5172413793103449,tit_for_tat
NetworkRewiring_Test,21,11,22,cooperate,0.41379310344827586,tit_for_tat
NetworkRewiring_Test,21,11,23,cooperate,0.3103448275862069,tit_for_tat
NetworkRewiring_Test,21,11,24,cooperate,0.3103448275862069,tit_for_tat
NetworkRewiring_Test,21,11,25,cooperate,0.20689655172413793,tit_for_tat
NetworkRewiring_Test,21,11,26,cooperate,0.41379310344827586,tit_for_tat
NetworkRewiring_Test,21,11,27,cooperate,0.20689655172413793,tit_for_tat
NetworkRewiring_Test,21,11,28,defect,1.2758620689655173,tit_for_tat
NetworkRewiring_Test,21,11,29,cooperate,0.41379310344827586,tit_for_tat
NetworkRewiring_Test,21,12,0,defect,1.5517241379310345,lra_q
NetworkRewiring_Test,21,12,1,cooperate,0.20689655172413793,lra_q
NetworkRewiring_Test,21,12,2,cooperate,0.5172413793103449,lra_q
NetworkRewiring_Test,21,12,3,cooperate,0.20689655172413793,lra_q
NetworkRewiring_Test,21,12,4,defect,1.2758620689655173,lra_q
NetworkRewiring_Test,21,12,5,cooperate,0.3103448275862069,lra_q
NetworkRewiring_Test,21,12,6,cooperate,0.41379310344827586,lra_q
NetworkRewiring_Test,21,12,7,cooperate,0.10344827586206896,lra_q
NetworkRewiring_Test,21,12,8,cooperate,0.20689655172413793,lra_q
NetworkRewiring_Test,21,12,9,defect,1.2758620689655173,lra_q
NetworkRewiring_Test,21,12,10,defect,1.2758620689655173,lra_q
NetworkRewiring_Test,21,12,11,cooperate,0.20689655172413793,lra_q
NetworkRewiring_Test,21,12,12,cooperate,0.3103448275862069,lra_q
NetworkRewiring_Test,21,12,13,cooperate,0.41379310344827586,lra_q
NetworkRewiring_Test,21,12,14,cooperate,0.41379310344827586,lra_q
NetworkRewiring_Test,21,12,15,cooperate,0.41379310344827586,tit_for_tat
NetworkRewiring_Test,21,12,16,cooperate,0.41379310344827586,tit_for_tat
NetworkRewiring_Test,21,12,17,cooperate,0.5172413793103449,tit_for_tat
NetworkRewiring_Test,21,12,18,cooperate,0.41379310344827586,tit_for_tat
NetworkRewiring_Test,21,12,19,cooperate,0.5172413793103449,tit_for_tat
NetworkRewiring_Test,21,12,20,cooperate,0.3103448275862069,tit_for_tat
NetworkRewiring_Test,21,12,21,cooperate,0.41379310344827586,tit_for_tat
NetworkRewiring_Test,21,12,22,defect,1.5517241379310345,tit_for_tat
NetworkRewiring_Test,21,12,23,cooperate,0.20689655172413793,tit_for_tat
NetworkRewiring_Test,21,12,24,cooperate,0.3103448275862069,tit_for_tat
NetworkRewiring_Test,21,12,25,defect,1.2758620689655173,tit_for_tat
NetworkRewiring_Test,21,12,26,cooperate,0.41379310344827586,tit_for_tat
NetworkRewiring_Test,21,12,27,defect,1.2758620689655173,tit_for_tat
NetworkRewiring_Test,21,12,28,cooperate,0.10344827586206896,tit_for_tat
NetworkRewiring_Test,21,12,29,cooperate,0.3103448275862069,tit_for_tat
NetworkRewiring_Test,21,13,0,defect,1.2758620689655173,lra_q
NetworkRewiring_Test,21,13,1,cooperate,0.20689655172413793,lra_q
NetworkRewiring_Test,21,13,2,cooperate,0.6206896551724138,lra_q
NetworkRewiring_Test,21,13,3,cooperate,0.20689655172413793,lra_q
NetworkRewiring_Test,21,13,4,cooperate,0.20689655172413793,lra_q
NetworkRewiring_Test,21,13,5,defect,1.2758620689655173,lra_q
NetworkRewiring_Test,21,13,6,defect,1.4137931034482758,lra_q
NetworkRewiring_Test,21,13,7,defect,1.0,lra_q
NetworkRewiring_Test,21,13,8,cooperate,0.10344827586206896,lra_q
NetworkRewiring_Test,21,13,9,defect,1.2758620689655173,lra_q
NetworkRewiring_Test,21,13,10,cooperate,0.3103448275862069,lra_q
NetworkRewiring_Test,21,13,11,cooperate,0.10344827586206896,lra_q
NetworkRewiring_Test,21,13,12,cooperate,0.20689655172413793,lra_q
NetworkRewiring_Test,21,13,13,defect,1.5517241379310345,lra_q
NetworkRewiring_Test,21,13,14,cooperate,0.3103448275862069,lra_q
NetworkRewiring_Test,21,13,15,cooperate,0.5172413793103449,tit_for_tat
NetworkRewiring_Test,21,13,16,cooperate,0.3103448275862069,tit_for_tat
NetworkRewiring_Test,21,13,17,cooperate,0.5172413793103449,tit_for_tat
NetworkRewiring_Test,21,13,18,cooperate,0.41379310344827586,tit_for_tat
NetworkRewiring_Test,21,13,19,cooperate,0.5172413793103449,tit_for_tat
NetworkRewiring_Test,21,13,20,cooperate,0.41379310344827586,tit_for_tat
NetworkRewiring_Test,21,13,21,cooperate,0.41379310344827586,tit_for_tat
NetworkRewiring_Test,21,13,22,cooperate,0.41379310344827586,tit_for_tat
NetworkRewiring_Test,21,13,23,cooperate,0.3103448275862069,tit_for_tat
NetworkRewiring_Test,21,13,24,cooperate,0.3103448275862069,tit_for_tat
NetworkRewiring_Test,21,13,25,cooperate,0.3103448275862069,tit_for_tat
NetworkRewiring_Test,21,13,26,cooperate,0.3103448275862069,tit_for_tat
NetworkRewiring_Test,21,13,27,defect,1.1379310344827587,tit_for_tat
NetworkRewiring_Test,21,13,28,defect,1.0,tit_for_tat
NetworkRewiring_Test,21,13,29,defect,1.4137931034482758,tit_for_tat
NetworkRewiring_Test,21,14,0,cooperate,0.3103448275862069,lra_q
NetworkRewiring_Test,21,14,1,cooperate,0.3103448275862069,lra_q
NetworkRewiring_Test,21,14,2,cooperate,0.5172413793103449,lra_q
NetworkRewiring_Test,21,14,3,cooperate,0.3103448275862069,lra_q
NetworkRewiring_Test,21,14,4,cooperate,0.3103448275862069,lra_q
NetworkRewiring_Test,21,14,5,cooperate,0.3103448275862069,lra_q
NetworkRewiring_Test,21,14,6,cooperate,0.41379310344827586,lra_q
NetworkRewiring_Test,21,14,7,cooperate,0.20689655172413793,lra_q
NetworkRewiring_Test,21,14,8,cooperate,0.10344827586206896,lra_q
NetworkRewiring_Test,21,14,9,defect,1.2758620689655173,lra_q
NetworkRewiring_Test,21,14,10,defect,1.4137931034482758,lra_q
NetworkRewiring_Test,21,14,11,cooperate,0.10344827586206896,lra_q
NetworkRewiring_Test,21,14,12,cooperate,0.10344827586206896,lra_q
NetworkRewiring_Test,21,14,13,defect,1.4137931034482758,lra_q
NetworkRewiring_Test,21,14,14,defect,1.4137931034482758,lra_q
NetworkRewiring_Test,21,14,15,cooperate,0.3103448275862069,tit_for_tat
NetworkRewiring_Test,21,14,16,cooperate,0.41379310344827586,tit_for_tat
NetworkRewiring_Test,21,14,17,cooperate,0.41379310344827586,tit_for_tat
NetworkRewiring_Test,21,14,18,cooperate,0.41379310344827586,tit_for_tat
NetworkRewiring_Test,21,14,19,cooperate,0.41379310344827586,tit_for_tat
NetworkRewiring_Test,21,14,20,cooperate,0.41379310344827586,tit_for_tat
NetworkRewiring_Test,21,14,21,cooperate,0.41379310344827586,tit_for_tat
NetworkRewiring_Test,21,14,22,cooperate,0.5172413793103449,tit_for_tat
NetworkRewiring_Test,21,14,23,cooperate,0.3103448275862069,tit_for_tat
NetworkRewiring_Test,21,14,24,cooperate,0.20689655172413793,tit_for_tat
NetworkRewiring_Test,21,14,25,cooperate,0.20689655172413793,tit_for_tat
NetworkRewiring_Test,21,14,26,defect,1.5517241379310345,tit_for_tat
NetworkRewiring_Test,21,14,27,defect,1.1379310344827587,tit_for_tat
NetworkRewiring_Test,21,14,28,defect,1.1379310344827587,tit_for_tat
NetworkRewiring_Test,21,14,29,defect,1.5517241379310345,tit_for_tat
NetworkRewiring_Test,21,15,0,cooperate,0.3103448275862069,lra_q
NetworkRewiring_Test,21,15,1,defect,1.4137931034482758,lra_q
NetworkRewiring_Test,21,15,2,cooperate,0.41379310344827586,lra_q
NetworkRewiring_Test,21,15,3,cooperate,0.10344827586206896,lra_q
NetworkRewiring_Test,21,15,4,defect,1.2758620689655173,lra_q
NetworkRewiring_Test,21,15,5,defect,1.2758620689655173,lra_q
NetworkRewiring_Test,21,15,6,defect,1.4137931034482758,lra_q
NetworkRewiring_Test,21,15,7,cooperate,0.10344827586206896,lra_q
NetworkRewiring_Test,21,15,8,cooperate,0.10344827586206896,lra_q
NetworkRewiring_Test,21,15,9,defect,1.1379310344827587,lra_q
NetworkRewiring_Test,21,15,10,defect,1.4137931034482758,lra_q
NetworkRewiring_Test,21,15,11,defect,1.2758620689655173,lra_q
NetworkRewiring_Test,21,15,12,cooperate,0.10344827586206896,lra_q
NetworkRewiring_Test,21,15,13,cooperate,0.20689655172413793,lra_q
NetworkRewiring_Test,21,15,14,defect,1.4137931034482758,lra_q
NetworkRewiring_Test,21,15,15,cooperate,0.3103448275862069,tit_for_tat
NetworkRewiring_Test,21,15,16,cooperate,0.20689655172413793,tit_for_tat
NetworkRewiring_Test,21,15,17,defect,1.5517241379310345,tit_for_tat
NetworkRewiring_Test,21,15,18,cooperate,0.3103448275862069,tit_for_tat
NetworkRewiring_Test,21,15,19,cooperate,0.41379310344827586,tit_for_tat
NetworkRewiring_Test,21,15,20,cooperate,0.41379310344827586,tit_for_tat
NetworkRewiring_Test,21,15,21,cooperate,0.5172413793103449,tit_for_tat
NetworkRewiring_Test,21,15,22,cooperate,0.5172413793103449,tit_for_tat
NetworkRewiring_Test,21,15,23,cooperate,0.3103448275862069,tit_for_tat
NetworkRewiring_Test,21,15,24,cooperate,0.3103448275862069,tit_for_tat
NetworkRewiring_Test,21,15,25,cooperate,0.3103448275862069,tit_for_tat
NetworkRewiring_Test,21,15,26,cooperate,0.3103448275862069,tit_for_tat
NetworkRewiring_Test,21,15,27,cooperate,0.20689655172413793,tit_for_tat
NetworkRewiring_Test,21,15,28,defect,1.4137931034482758,tit_for_tat
NetworkRewiring_Test,21,15,29,cooperate,0.5172413793103449,tit_for_tat
NetworkRewiring_Test,21,16,0,cooperate,0.41379310344827586,lra_q
NetworkRewiring_Test,21,16,1,defect,1.4137931034482758,lra_q
NetworkRewiring_Test,21,16,2,cooperate,0.5172413793103449,lra_q
NetworkRewiring_Test,21,16,3,cooperate,0.20689655172413793,lra_q
NetworkRewiring_Test,21,16,4,cooperate,0.3103448275862069,lra_q
NetworkRewiring_Test,21,16,5,cooperate,0.41379310344827586,lra_q
NetworkRewiring_Test,21,16,6,cooperate,0.3103448275862069,lra_q
NetworkRewiring_Test,21,16,7,cooperate,0.3103448275862069,lra_q
NetworkRewiring_Test,21,16,8,cooperate,0.20689655172413793,lra_q
NetworkRewiring_Test,21,16,9,cooperate,0.20689655172413793,lra_q
NetworkRewiring_Test,21,16,10,defect,1.5517241379310345,lra_q
NetworkRewiring_Test,21,16,11,cooperate,0.3103448275862069,lra_q
NetworkRewiring_Test,21,16,12,cooperate,0.20689655172413793,lra_q
NetworkRewiring_Test,21,16,13,cooperate,0.3103448275862069,lra_q
NetworkRewiring_Test,21,16,14,defect,1.4137931034482758,lra_q
NetworkRewiring_Test,21,16,15,cooperate,0.20689655172413793,tit_for_tat
NetworkRewiring_Test,21,16,16,defect,1.2758620689655173,tit_for_tat
NetworkRewiring_Test,21,16,17,defect,1.2758620689655173,tit_for_tat
NetworkRewiring_Test,21,16,18,defect,1.2758620689655173,tit_for_tat
NetworkRewiring_Test,21,16,19,cooperate,0.3103448275862069,tit_for_tat
NetworkRewiring_Test,21,16,20,cooperate,0.3103448275862069,tit_for_tat
NetworkRewiring_Test,21,16,21,cooperate,0.5172413793103449,tit_for_tat
NetworkRewiring_Test,21,16,22,cooperate,0.5172413793103449,tit_for_tat
NetworkRewiring_Test,21,16,23,cooperate,0.3103448275862069,tit_for_tat
NetworkRewiring_Test,21,16,24,cooperate,0.3103448275862069,tit_for_tat
NetworkRewiring_Test,21,16,25,cooperate,0.41379310344827586,tit_for_tat
NetworkRewiring_Test,21,16,26,cooperate,0.41379310344827586,tit_for_tat
NetworkRewiring_Test,21,16,27,cooperate,0.3103448275862069,tit_for_tat
NetworkRewiring_Test,21,16,28,cooperate,0.3103448275862069,tit_for_tat
NetworkRewiring_Test,21,16,29,cooperate,0.6206896551724138,tit_for_tat
NetworkRewiring_Test,21,17,0,defect,1.5517241379310345,lra_q
NetworkRewiring_Test,21,17,1,defect,1.2758620689655173,lra_q
NetworkRewiring_Test,21,17,2,cooperate,0.41379310344827586,lra_q
NetworkRewiring_Test,21,17,3,cooperate,0.20689655172413793,lra_q
NetworkRewiring_Test,21,17,4,defect,1.4137931034482758,lra_q
NetworkRewiring_Test,21,17,5,cooperate,0.3103448275862069,lra_q
NetworkRewiring_Test,21,17,6,cooperate,0.3103448275862069,lra_q
NetworkRewiring_Test,21,17,7,cooperate,0.10344827586206896,lra_q
NetworkRewiring_Test,21,17,8,cooperate,0.3103448275862069,lra_q
NetworkRewiring_Test,21,17,9,defect,1.4137931034482758,lra_q
NetworkRewiring_Test,21,17,10,cooperate,0.20689655172413793,lra_q
NetworkRewiring_Test,21,17,11,cooperate,0.20689655172413793,lra_q
NetworkRewiring_Test,21,17,12,cooperate,0.20689655172413793,lra_q
NetworkRewiring_Test,21,17,13,cooperate,0.20689655172413793,lra_q
NetworkRewiring_Test,21,17,14,defect,1.2758620689655173,lra_q
NetworkRewiring_Test,21,17,15,defect,1.4137931034482758,tit_for_tat
NetworkRewiring_Test,21,17,16,defect,1.2758620689655173,tit_for_tat
NetworkRewiring_Test,21,17,17,defect,1.1379310344827587,tit_for_tat
NetworkRewiring_Test,21,17,18,cooperate,0.0,tit_for_tat
NetworkRewiring_Test,21,17,19,defect,1.4137931034482758,tit_for_tat
NetworkRewiring_Test,21,17,20,defect,1.4137931034482758,tit_for_tat
NetworkRewiring_Test,21,17,21,cooperate,0.3103448275862069,tit_for_tat
NetworkRewiring_Test,21,17,22,cooperate,0.20689655172413793,tit_for_tat
NetworkRewiring_Test,21,17,23,cooperate,0.3103448275862069,tit_for_tat
NetworkRewiring_Test,21,17,24,cooperate,0.3103448275862069,tit_for_tat
NetworkRewiring_Test,21,17,25,cooperate,0.41379310344827586,tit_for_tat
NetworkRewiring_Test,21,17,26,cooperate,0.3103448275862069,tit_for_tat
NetworkRewiring_Test,21,17,27,cooperate,0.3103448275862069,tit_for_tat
NetworkRewiring_Test,21,17,28,cooperate,0.20689655172413793,tit_for_tat
NetworkRewiring_Test,21,17,29,cooperate,0.5172413793103449,tit_for_tat
NetworkRewiring_Test,21,18,0,defect,1.5517241379310345,lra_q
NetworkRewiring_Test,21,18,1,cooperate,0.20689655172413793,lra_q
NetworkRewiring_Test,21,18,2,cooperate,0.5172413793103449,lra_q
NetworkRewiring_Test,21,18,3,cooperate,0.20689655172413793,lra_q
NetworkRewiring_Test,21,18,4,defect,1.1379310344827587,lra_q
NetworkRewiring_Test,21,18,5,defect,1.4137931034482758,lra_q
NetworkRewiring_Test,21,18,6,cooperate,0.20689655172413793,lra_q
NetworkRewiring_Test,21,18,7,cooperate,0.0,lra_q
NetworkRewiring_Test,21,18,8,cooperate,0.10344827586206896,lra_q
NetworkRewiring_Test,21,18,9,defect,1.2758620689655173,lra_q
NetworkRewiring_Test,21,18,10,defect,1.2758620689655173,lra_q
NetworkRewiring_Test,21,18,11,cooperate,0.20689655172413793,lra_q
NetworkRewiring_Test,21,18,12,cooperate,0.3103448275862069,lra_q
NetworkRewiring_Test,21,18,13,cooperate,0.41379310344827586,lra_q
NetworkRewiring_Test,21,18,14,cooperate,0.3103448275862069,lra_q
NetworkRewiring_Test,21,18,15,cooperate,0.3103448275862069,tit_for_tat
NetworkRewiring_Test,21,18,16,defect,1.2758620689655173,tit_for_tat
NetworkRewiring_Test,21,18,17,defect,1.2758620689655173,tit_for_tat
NetworkRewiring_Test,21,18,18,defect,1.1379310344827587,tit_for_tat
NetworkRewiring_Test,21,18,19,defect,1.4137931034482758,tit_for_tat
NetworkRewiring_Test,21,18,20,cooperate,0.20689655172413793,tit_for_tat
NetworkRewiring_Test,21,18,21,cooperate,0.3103448275862069,tit_for_tat
NetworkRewiring_Test,21,18,22,cooperate,0.41379310344827586,tit_for_tat
NetworkRewiring_Test,21,18,23,cooperate,0.3103448275862069,tit_for_tat
NetworkRewiring_Test,21,18,24,cooperate,0.3103448275862069,tit_for_tat
NetworkRewiring_Test,21,18,25,defect,1.2758620689655173,tit_for_tat
NetworkRewiring_Test,21,18,26,cooperate,0.20689655172413793,tit_for_tat
NetworkRewiring_Test,21,18,27,cooperate,0.10344827586206896,tit_for_tat
NetworkRewiring_Test,21,18,28,cooperate,0.10344827586206896,tit_for_tat
NetworkRewiring_Test,21,18,29,defect,1.5517241379310345,tit_for_tat
NetworkRewiring_Test,21,19,0,defect,1.5517241379310345,lra_q
NetworkRewiring_Test,21,19,1,cooperate,0.20689655172413793,lra_q
NetworkRewiring_Test,21,19,2,cooperate,0.6206896551724138,lra_q
NetworkRewiring_Test,21,19,3,cooperate,0.20689655172413793,lra_q
NetworkRewiring_Test,21,19,4,cooperate,0.10344827586206896,lra_q
NetworkRewiring_Test,21,19,5,defect,1.5517241379310345,lra_q
NetworkRewiring_Test,21,19,6,cooperate,0.20689655172413793,lra_q
NetworkRewiring_Test,21,19,7,cooperate,0.0,lra_q
NetworkRewiring_Test,21,19,8,cooperate,0.3103448275862069,lra_q
NetworkRewiring_Test,21,19,9,defect,1.4137931034482758,lra_q
NetworkRewiring_Test,21,19,10,cooperate,0.20689655172413793,lra_q
NetworkRewiring_Test,21,19,11,cooperate,0.10344827586206896,lra_q
NetworkRewiring_Test,21,19,12,cooperate,0.10344827586206896,lra_q
NetworkRewiring_Test,21,19,13,defect,1.4137931034482758,lra_q
NetworkRewiring_Test,21,19,14,defect,1.2758620689655173,lra_q
NetworkRewiring_Test,21,19,15,cooperate,0.20689655172413793,tit_for_tat
NetworkRewiring_Test,21,19,16,defect,1.2758620689655173,tit_for_tat
NetworkRewiring_Test,21,19,17,defect,1.1379310344827587,tit_for_tat
NetworkRewiring_Test,21,19,18,defect,1.0,tit_for_tat
NetworkRewiring_Test,21,19,19,defect,1.2758620689655173,tit_for_tat
NetworkRewiring_Test,21,19,20,defect,1.2758620689655173,tit_for_tat
NetworkRewiring_Test,21,19,21,cooperate,0.3103448275862069,tit_for_tat
NetworkRewiring_Test,21,19,22,cooperate,0.3103448275862069,tit_for_tat
NetworkRewiring_Test,21,19,23,cooperate,0.3103448275862069,tit_for_tat
NetworkRewiring_Test,21,19,24,cooperate,0.3103448275862069,tit_for_tat
NetworkRewiring_Test,21,19,25,defect,1.5517241379310345,tit_for_tat
NetworkRewiring_Test,21,19,26,cooperate,0.20689655172413793,tit_for_tat
NetworkRewiring_Test,21,19,27,defect,1.1379310344827587,tit_for_tat
NetworkRewiring_Test,21,19,28,defect,1.1379310344827587,tit_for_tat
NetworkRewiring_Test,21,19,29,cooperate,0.20689655172413793,tit_for_tat
NetworkRewiring_Test,21,20,0,defect,1.5517241379310345,lra_q
NetworkRewiring_Test,21,20,1,cooperate,0.20689655172413793,lra_q
NetworkRewiring_Test,21,20,2,cooperate,0.5172413793103449,lra_q
NetworkRewiring_Test,21,20,3,cooperate,0.20689655172413793,lra_q
NetworkRewiring_Test,21,20,4,cooperate,0.20689655172413793,lra_q
NetworkRewiring_Test,21,20,5,cooperate,0.41379310344827586,lra_q
NetworkRewiring_Test,21,20,6,cooperate,0.41379310344827586,lra_q
NetworkRewiring_Test,21,20,7,cooperate,0.10344827586206896,lra_q
NetworkRewiring_Test,21,20,8,cooperate,0.3103448275862069,lra_q
NetworkRewiring_Test,21,20,9,defect,1.2758620689655173,lra_q
NetworkRewiring_Test,21,20,10,cooperate,0.20689655172413793,lra_q
NetworkRewiring_Test,21,20,11,defect,1.2758620689655173,lra_q
NetworkRewiring_Test,21,20,12,cooperate,0.20689655172413793,lra_q
NetworkRewiring_Test,21,20,13,cooperate,0.3103448275862069,lra_q
NetworkRewiring_Test,21,20,14,cooperate,0.3103448275862069,lra_q
NetworkRewiring_Test,21,20,15,cooperate,0.5172413793103449,tit_for_tat
NetworkRewiring_Test,21,20,16,cooperate,0.20689655172413793,tit_for_tat
NetworkRewiring_Test,21,20,17,defect,1.4137931034482758,tit_for_tat
NetworkRewiring_Test,21,20,18,defect,1.2758620689655173,tit_for_tat
NetworkRewiring_Test,21,20,19,defect,1.2758620689655173,tit_for_tat
NetworkRewiring_Test,21,20,20,cooperate,0.10344827586206896,tit_for_tat
NetworkRewiring_Test,21,20,21,defect,1.5517241379310345,tit_for_tat
NetworkRewiring_Test,21,20,22,cooperate,0.3103448275862069,tit_for_tat
NetworkRewiring_Test,21,20,23,cooperate,0.3103448275862069,tit_for_tat
NetworkRewiring_Test,21,20,24,cooperate,0.3103448275862069,tit_for_tat
NetworkRewiring_Test,21,20,25,defect,1.5517241379310345,tit_for_tat
NetworkRewiring_Test,21,20,26,cooperate,0.3103448275862069,tit_for_tat
NetworkRewiring_Test,21,20,27,defect,1.1379310344827587,tit_for_tat
NetworkRewiring_Test,21,20,28,defect,1.1379310344827587,tit_for_tat
NetworkRewiring_Test,21,20,29,cooperate,0.10344827586206896,tit_for_tat
NetworkRewiring_Test,21,21,0,defect,1.2758620689655173,lra_q
NetworkRewiring_Test,21,21,1,cooperate,0.20689655172413793,lra_q
NetworkRewiring_Test,21,21,2,cooperate,0.5172413793103449,lra_q
NetworkRewiring_Test,21,21,3,cooperate,0.20689655172413793,lra_q
NetworkRewiring_Test,21,21,4,defect,1.4137931034482758,lra_q
NetworkRewiring_Test,21,21,5,cooperate,0.3103448275862069,lra_q
NetworkRewiring_Test,21,21,6,defect,1.5517241379310345,lra_q
NetworkRewiring_Test,21,21,7,cooperate,0.10344827586206896,lra_q
NetworkRewiring_Test,21,21,8,cooperate,0.10344827586206896,lra_q
NetworkRewiring_Test,21,21,9,defect,1.4137931034482758,lra_q
NetworkRewiring_Test,21,21,10,cooperate,0.3103448275862069,lra_q
NetworkRewiring_Test,21,21,11,cooperate,0.20689655172413793,lra_q
NetworkRewiring_Test,21,21,12,cooperate,0.20689655172413793,lra_q
NetworkRewiring_Test,21,21,13,cooperate,0.3103448275862069,lra_q
NetworkRewiring_Test,21,21,14,cooperate,0.20689655172413793,lra_q
NetworkRewiring_Test,21,21,15,defect,1.6896551724137931,tit_for_tat
NetworkRewiring_Test,21,21,16,cooperate,0.20689655172413793,tit_for_tat
NetworkRewiring_Test,21,21,17,cooperate,0.3103448275862069,tit_for_tat
NetworkRewiring_Test,21,21,18,cooperate,0.3103448275862069,tit_for_tat
NetworkRewiring_Test,21,21,19,defect,1.6896551724137931,tit_for_tat
NetworkRewiring_Test,21,21,20,cooperate,0.20689655172413793,tit_for_tat
NetworkRewiring_Test,21,21,21,cooperate,0.20689655172413793,tit_for_tat
NetworkRewiring_Test,21,21,22,defect,1.4137931034482758,tit_for_tat
NetworkRewiring_Test,21,21,23,cooperate,0.20689655172413793,tit_for_tat
NetworkRewiring_Test,21,21,24,cooperate,0.3103448275862069,tit_for_tat
NetworkRewiring_Test,21,21,25,cooperate,0.3103448275862069,tit_for_tat
NetworkRewiring_Test,21,21,26,cooperate,0.3103448275862069,tit_for_tat
NetworkRewiring_Test,21,21,27,cooperate,0.10344827586206896,tit_for_tat
NetworkRewiring_Test,21,21,28,defect,1.1379310344827587,tit_for_tat
NetworkRewiring_Test,21,21,29,defect,1.5517241379310345,tit_for_tat
NetworkRewiring_Test,21,22,0,cooperate,0.41379310344827586,lra_q
NetworkRewiring_Test,21,22,1,cooperate,0.3103448275862069,lra_q
NetworkRewiring_Test,21,22,2,cooperate,0.5172413793103449,lra_q
NetworkRewiring_Test,21,22,3,cooperate,0.20689655172413793,lra_q
NetworkRewiring_Test,21,22,4,defect,1.4137931034482758,lra_q
NetworkRewiring_Test,21,22,5,cooperate,0.20689655172413793,lra_q
NetworkRewiring_Test,21,22,6,defect,1.5517241379310345,lra_q
NetworkRewiring_Test,21,22,7,cooperate,0.3103448275862069,lra_q
NetworkRewiring_Test,21,22,8,cooperate,0.10344827586206896,lra_q
NetworkRewiring_Test,21,22,9,cooperate,0.20689655172413793,lra_q
NetworkRewiring_Test,21,22,10,defect,1.5517241379310345,lra_q
NetworkRewiring_Test,21,22,11,cooperate,0.3103448275862069,lra_q
NetworkRewiring_Test,21,22,12,cooperate,0.3103448275862069,lra_q
NetworkRewiring_Test,21,22,13,cooperate,0.3103448275862069,lra_q
NetworkRewiring_Test,21,22,14,defect,1.4137931034482758,lra_q
NetworkRewiring_Test,21,22,15,cooperate,0.5172413793103449,tit_for_tat
NetworkRewiring_Test,21,22,16,cooperate,0.3103448275862069,tit_for_tat
NetworkRewiring_Test,21,22,17,cooperate,0.41379310344827586,tit_for_tat
NetworkRewiring_Test,21,22,18,cooperate,0.41379310344827586,tit_for_tat
NetworkRewiring_Test,21,22,19,cooperate,0.5172413793103449,tit_for_tat
NetworkRewiring_Test,21,22,20,cooperate,0.41379310344827586,tit_for_tat
NetworkRewiring_Test,21,22,21,cooperate,0.5172413793103449,tit_for_tat
NetworkRewiring_Test,21,22,22,cooperate,0.5172413793103449,tit_for_tat
NetworkRewiring_Test,21,22,23,cooperate,0.3103448275862069,tit_for_tat
NetworkRewiring_Test,21,22,24,cooperate,0.3103448275862069,tit_for_tat
NetworkRewiring_Test,21,22,25,cooperate,0.3103448275862069,tit_for_tat
NetworkRewiring_Test,21,22,26,cooperate,0.41379310344827586,tit_for_tat
NetworkRewiring_Test,21,22,27,cooperate,0.20689655172413793,tit_for_tat
NetworkRewiring_Test,21,22,28,defect,1.4137931034482758,tit_for_tat
NetworkRewiring_Test,21,22,29,cooperate,0.5172413793103449,tit_for_tat
NetworkRewiring_Test,21,23,0,defect,1.5517241379310345,lra_q
NetworkRewiring_Test,21,23,1,defect,1.2758620689655173,lra_q
NetworkRewiring_Test,21,23,2,cooperate,0.41379310344827586,lra_q
NetworkRewiring_Test,21,23,3,cooperate,0.10344827586206896,lra_q
NetworkRewiring_Test,21,23,4,defect,1.4137931034482758,lra_q
NetworkRewiring_Test,21,23,5,cooperate,0.3103448275862069,lra_q
NetworkRewiring_Test,21,23,6,defect,1.5517241379310345,lra_q
NetworkRewiring_Test,21,23,7,cooperate,0.10344827586206896,lra_q
NetworkRewiring_Test,21,23,8,cooperate,0.20689655172413793,lra_q
NetworkRewiring_Test,21,23,9,defect,1.4137931034482758,lra_q
NetworkRewiring_Test,21,23,10,cooperate,0.3103448275862069,lra_q
NetworkRewiring_Test,21,23,11,cooperate,0.20689655172413793,lra_q
NetworkRewiring_Test,21,23,12,cooperate,0.3103448275862069,lra_q
NetworkRewiring_Test,21,23,13,cooperate,0.41379310344827586,lra_q
NetworkRewiring_Test,21,23,14,cooperate,0.3103448275862069,lra_q
NetworkRewiring_Test,21,23,15,cooperate,0.6206896551724138,tit_for_tat
NetworkRewiring_Test,21,23,16,cooperate,0.3103448275862069,tit_for_tat
NetworkRewiring_Test,21,23,17,cooperate,0.5172413793103449,tit_for_tat
NetworkRewiring_Test,21,23,18,cooperate,0.41379310344827586,tit_for_tat
NetworkRewiring_Test,21,23,19,cooperate,0.5172413793103449,tit_for_tat
NetworkRewiring_Test,21,23,20,cooperate,0.41379310344827586,tit_for_tat
NetworkRewiring_Test,21,23,21,cooperate,0.5172413793103449,tit_for_tat
NetworkRewiring_Test,21,23,22,cooperate,0.41379310344827586,tit_for_tat
NetworkRewiring_Test,21,23,23,cooperate,0.3103448275862069,tit_for_tat
NetworkRewiring_Test,21,23,24,cooperate,0.3103448275862069,tit_for_tat
NetworkRewiring_Test,21,23,25,cooperate,0.41379310344827586,tit_for_tat
NetworkRewiring_Test,21,23,26,cooperate,0.41379310344827586,tit_for_tat
NetworkRewiring_Test,21,23,27,cooperate,0.3103448275862069,tit_for_tat
NetworkRewiring_Test,21,23,28,cooperate,0.20689655172413793,tit_for_tat
NetworkRewiring_Test,21,23,29,cooperate,0.5172413793103449,tit_for_tat
NetworkRewiring_Test,21,24,0,defect,1.4137931034482758,lra_q
NetworkRewiring_Test,21,24,1,defect,1.2758620689655173,lra_q
NetworkRewiring_Test,21,24,2,cooperate,0.41379310344827586,lra_q
NetworkRewiring_Test,21,24,3,cooperate,0.0,lra_q
NetworkRewiring_Test,21,24,4,defect,1.2758620689655173,lra_q
NetworkRewiring_Test,21,24,5,cooperate,0.20689655172413793,lra_q
NetworkRewiring_Test,21,24,6,defect,1.5517241379310345,lra_q
NetworkRewiring_Test,21,24,7,cooperate,0.10344827586206896,lra_q
NetworkRewiring_Test,21,24,8,cooperate,0.10344827586206896,lra_q
NetworkRewiring_Test,21,24,9,defect,1.2758620689655173,lra_q
NetworkRewiring_Test,21,24,10,defect,1.2758620689655173,lra_q
NetworkRewiring_Test,21,24,11,cooperate,0.10344827586206896,lra_q
NetworkRewiring_Test,21,24,12,cooperate,0.20689655172413793,lra_q
NetworkRewiring_Test,21,24,13,defect,1.5517241379310345,lra_q
NetworkRewiring_Test,21,24,14,cooperate,0.20689655172413793,lra_q
NetworkRewiring_Test,21,24,15,cooperate,0.5172413793103449,tit_for_tat
NetworkRewiring_Test,21,24,16,cooperate,0.3103448275862069,tit_for_tat
NetworkRewiring_Test,21,24,17,cooperate,0.5172413793103449,tit_for_tat
NetworkRewiring_Test,21,24,18,cooperate,0.41379310344827586,tit_for_tat
NetworkRewiring_Test,21,24,19,cooperate,0.5172413793103449,tit_for_tat
NetworkRewiring_Test,21,24,20,cooperate,0.41379310344827586,tit_for_tat
NetworkRewiring_Test,21,24,21,cooperate,0.5172413793103449,tit_for_tat
NetworkRewiring_Test,21,24,22,cooperate,0.41379310344827586,tit_for_tat
NetworkRewiring_Test,21,24,23,cooperate,0.3103448275862069,tit_for_tat
NetworkRewiring_Test,21,24,24,cooperate,0.3103448275862069,tit_for_tat
NetworkRewiring_Test,21,24,25,defect,1.4137931034482758,tit_for_tat
NetworkRewiring_Test,21,24,26,cooperate,0.41379310344827586,tit_for_tat
NetworkRewiring_Test,21,24,27,cooperate,0.10344827586206896,tit_for_tat
NetworkRewiring_Test,21,24,28,defect,1.2758620689655173,tit_for_tat
NetworkRewiring_Test,21,24,29,cooperate,0.3103448275862069,tit_for_tat
NetworkRewiring_Test,21,25,0,cooperate,0.3103448275862069,lra_q
NetworkRewiring_Test,21,25,1,defect,1.4137931034482758,lra_q
NetworkRewiring_Test,21,25,2,cooperate,0.41379310344827586,lra_q
NetworkRewiring_Test,21,25,3,cooperate,0.0,lra_q
NetworkRewiring_Test,21,25,4,defect,1.2758620689655173,lra_q
NetworkRewiring_Test,21,25,5,cooperate,0.3103448275862069,lra_q
NetworkRewiring_Test,21,25,6,defect,1.5517241379310345,lra_q
NetworkRewiring_Test,21,25,7,cooperate,0.20689655172413793,lra_q
NetworkRewiring_Test,21,25,8,cooperate,0.10344827586206896,lra_q
NetworkRewiring_Test,21,25,9,defect,1.2758620689655173,lra_q
NetworkRewiring_Test,21,25,10,cooperate,0.20689655172413793,lra_q
NetworkRewiring_Test,21,25,11,defect,1.1379310344827587,lra_q
NetworkRewiring_Test,21,25,12,cooperate,0.10344827586206896,lra_q
NetworkRewiring_Test,21,25,13,defect,1.2758620689655173,lra_q
NetworkRewiring_Test,21,25,14,defect,1.2758620689655173,lra_q
NetworkRewiring_Test,21,25,15,cooperate,0.41379310344827586,tit_for_tat
NetworkRewiring_Test,21,25,16,cooperate,0.3103448275862069,tit_for_tat
NetworkRewiring_Test,21,25,17,cooperate,0.41379310344827586,tit_for_tat
NetworkRewiring_Test,21,25,18,cooperate,0.41379310344827586,tit_for_tat
NetworkRewiring_Test,21,25,19,cooperate,0.5172413793103449,tit_for_tat
NetworkRewiring_Test,21,25,20,cooperate,0.41379310344827586,tit_for_tat
NetworkRewiring_Test,21,25,21,cooperate,0.41379310344827586,tit_for_tat
NetworkRewiring_Test,21,25,22,cooperate,0.5172413793103449,tit_for_tat
NetworkRewiring_Test,21,25,23,cooperate,0.3103448275862069,tit_for_tat
NetworkRewiring_Test,21,25,24,cooperate,0.3103448275862069,tit_for_tat
NetworkRewiring_Test,21,25,25,defect,1.2758620689655173,tit_for_tat
NetworkRewiring_Test,21,25,26,cooperate,0.41379310344827586,tit_for_tat
NetworkRewiring_Test,21,25,27,defect,1.1379310344827587,tit_for_tat
NetworkRewiring_Test,21,25,28,cooperate,0.10344827586206896,tit_for_tat
NetworkRewiring_Test,21,25,29,defect,1.5517241379310345,tit_for_tat
NetworkRewiring_Test,21,26,0,cooperate,0.10344827586206896,lra_q
NetworkRewiring_Test,21,26,1,defect,1.4137931034482758,lra_q
NetworkRewiring_Test,21,26,2,cooperate,0.41379310344827586,lra_q
NetworkRewiring_Test,21,26,3,cooperate,0.0,lra_q
NetworkRewiring_Test,21,26,4,defect,1.2758620689655173,lra_q
NetworkRewiring_Test,21,26,5,cooperate,0.20689655172413793,lra_q
NetworkRewiring_Test,21,26,6,defect,1.4137931034482758,lra_q
NetworkRewiring_Test,21,26,7,defect,1.2758620689655173,lra_q
NetworkRewiring_Test,21,26,8,cooperate,0.10344827586206896,lra_q
NetworkRewiring_Test,21,26,9,defect,1.1379310344827587,lra_q
NetworkRewiring_Test,21,26,10,cooperate,0.20689655172413793,lra_q
NetworkRewiring_Test,21,26,11,defect,1.2758620689655173,lra_q
NetworkRewiring_Test,21,26,12,cooperate,0.20689655172413793,lra_q
NetworkRewiring_Test,21,26,13,cooperate,0.20689655172413793,lra_q
NetworkRewiring_Test,21,26,14,defect,1.4137931034482758,lra_q
NetworkRewiring_Test,21,26,15,cooperate,0.41379310344827586,tit_for_tat
NetworkRewiring_Test,21,26,16,defect,1.4137931034482758,tit_for_tat
NetworkRewiring_Test,21,26,17,cooperate,0.3103448275862069,tit_for_tat
NetworkRewiring_Test,21,26,18,cooperate,0.3103448275862069,tit_for_tat
NetworkRewiring_Test,21,26,19,cooperate,0.5172413793103449,tit_for_tat
NetworkRewiring_Test,21,26,20,cooperate,0.41379310344827586,tit_for_tat
NetworkRewiring_Test,21,26,21,cooperate,0.41379310344827586,tit_for_tat
NetworkRewiring_Test,21,26,22,cooperate,0.5172413793103449,tit_for_tat
NetworkRewiring_Test,21,26,23,cooperate,0.3103448275862069,tit_for_tat
NetworkRewiring_Test,21,26,24,cooperate,0.3103448275862069,tit_for_tat
NetworkRewiring_Test,21,26,25,defect,1.2758620689655173,tit_for_tat
NetworkRewiring_Test,21,26,26,cooperate,0.41379310344827586,tit_for_tat
NetworkRewiring_Test,21,26,27,defect,1.0,tit_for_tat
NetworkRewiring_Test,21,26,28,defect,1.1379310344827587,tit_for_tat
NetworkRewiring_Test,21,26,29,defect,1.4137931034482758,tit_for_tat
NetworkRewiring_Test,21,27,0,cooperate,0.10344827586206896,lra_q
NetworkRewiring_Test,21,27,1,defect,1.4137931034482758,lra_q
NetworkRewiring_Test,21,27,2,cooperate,0.3103448275862069,lra_q
NetworkRewiring_Test,21,27,3,cooperate,0.10344827586206896,lra_q
NetworkRewiring_Test,21,27,4,defect,1.2758620689655173,lra_q
NetworkRewiring_Test,21,27,5,cooperate,0.3103448275862069,lra_q
NetworkRewiring_Test,21,27,6,cooperate,0.41379310344827586,lra_q
NetworkRewiring_Test,21,27,7,defect,1.4137931034482758,lra_q
NetworkRewiring_Test,21,27,8,cooperate,0.20689655172413793,lra_q
NetworkRewiring_Test,21,27,9,cooperate,0.10344827586206896,lra_q
NetworkRewiring_Test,21,27,10,cooperate,0.3103448275862069,lra_q
NetworkRewiring_Test,21,27,11,defect,1.4137931034482758,lra_q
NetworkRewiring_Test,21,27,12,cooperate,0.20689655172413793,lra_q
NetworkRewiring_Test,21,27,13,cooperate,0.3103448275862069,lra_q
NetworkRewiring_Test,21,27,14,cooperate,0.3103448275862069,lra_q
NetworkRewiring_Test,21,27,15,cooperate,0.6206896551724138,tit_for_tat
NetworkRewiring_Test,21,27,16,cooperate,0.41379310344827586,tit_for_tat
NetworkRewiring_Test,21,27,17,cooperate,0.5172413793103449,tit_for_tat
NetworkRewiring_Test,21,27,18,cooperate,0.41379310344827586,tit_for_tat
NetworkRewiring_Test,21,27,19,cooperate,0.41379310344827586,tit_for_tat
NetworkRewiring_Test,21,27,20,cooperate,0.3103448275862069,tit_for_tat
NetworkRewiring_Test,21,27,21,defect,1.5517241379310345,tit_for_tat
NetworkRewiring_Test,21,27,22,cooperate,0.41379310344827586,tit_for_tat
NetworkRewiring_Test,21,27,23,cooperate,0.3103448275862069,tit_for_tat
NetworkRewiring_Test,21,27,24,cooperate,0.3103448275862069,tit_for_tat
NetworkRewiring_Test,21,27,25,defect,1.2758620689655173,tit_for_tat
NetworkRewiring_Test,21,27,26,cooperate,0.41379310344827586,tit_for_tat
NetworkRewiring_Test,21,27,27,defect,1.0,tit_for_tat
NetworkRewiring_Test,21,27,28,defect,1.1379310344827587,tit_for_tat
NetworkRewiring_Test,21,27,29,defect,1.2758620689655173,tit_for_tat
NetworkRewiring_Test,21,28,0,cooperate,0.10344827586206896,lra_q
NetworkRewiring_Test,21,28,1,defect,1.4137931034482758,lra_q
NetworkRewiring_Test,21,28,2,cooperate,0.3103448275862069,lra_q
NetworkRewiring_Test,21,28,3,cooperate,0.0,lra_q
NetworkRewiring_Test,21,28,4,defect,1.2758620689655173,lra_q
NetworkRewiring_Test,21,28,5,cooperate,0.10344827586206896,lra_q
NetworkRewiring_Test,21,28,6,defect,1.5517241379310345,lra_q
NetworkRewiring_Test,21,28,7,defect,1.4137931034482758,lra_q
NetworkRewiring_Test,21,28,8,cooperate,0.0,lra_q
NetworkRewiring_Test,21,28,9,cooperate,0.10344827586206896,lra_q
NetworkRewiring_Test,21,28,10,defect,1.4137931034482758,lra_q
NetworkRewiring_Test,21,28,11,cooperate,0.3103448275862069,lra_q
NetworkRewiring_Test,21,28,12,cooperate,0.3103448275862069,lra_q
NetworkRewiring_Test,21,28,13,cooperate,0.41379310344827586,lra_q
NetworkRewiring_Test,21,28,14,cooperate,0.3103448275862069,lra_q
NetworkRewiring_Test,21,28,15,cooperate,0.6206896551724138,tit_for_tat
NetworkRewiring_Test,21,28,16,cooperate,0.3103448275862069,tit_for_tat
NetworkRewiring_Test,21,28,17,cooperate,0.5172413793103449,tit_for_tat
NetworkRewiring_Test,21,28,18,cooperate,0.41379310344827586,tit_for_tat
NetworkRewiring_Test,21,28,19,cooperate,0.41379310344827586,tit_for_tat
NetworkRewiring_Test,21,28,20,cooperate,0.3103448275862069,tit_for_tat
NetworkRewiring_Test,21,28,21,defect,1.5517241379310345,tit_for_tat
NetworkRewiring_Test,21,28,22,cooperate,0.41379310344827586,tit_for_tat
NetworkRewiring_Test,21,28,23,cooperate,0.3103448275862069,tit_for_tat
NetworkRewiring_Test,21,28,24,cooperate,0.3103448275862069,tit_for_tat
NetworkRewiring_Test,21,28,25,defect,1.1379310344827587,tit_for_tat
NetworkRewiring_Test,21,28,26,cooperate,0.41379310344827586,tit_for_tat
NetworkRewiring_Test,21,28,27,defect,1.0,tit_for_tat
NetworkRewiring_Test,21,28,28,defect,1.1379310344827587,tit_for_tat
NetworkRewiring_Test,21,28,29,defect,1.2758620689655173,tit_for_tat
NetworkRewiring_Test,21,29,0,cooperate,0.20689655172413793,lra_q
NetworkRewiring_Test,21,29,1,defect,1.4137931034482758,lra_q
NetworkRewiring_Test,21,29,2,cooperate,0.41379310344827586,lra_q
NetworkRewiring_Test,21,29,3,cooperate,0.10344827586206896,lra_q
NetworkRewiring_Test,21,29,4,defect,1.4137931034482758,lra_q
NetworkRewiring_Test,21,29,5,cooperate,0.10344827586206896,lra_q
NetworkRewiring_Test,21,29,6,defect,1.4137931034482758,lra_q
NetworkRewiring_Test,21,29,7,defect,1.4137931034482758,lra_q
NetworkRewiring_Test,21,29,8,cooperate,0.0,lra_q
NetworkRewiring_Test,21,29,9,cooperate,0.10344827586206896,lra_q
NetworkRewiring_Test,21,29,10,defect,1.5517241379310345,lra_q
NetworkRewiring_Test,21,29,11,cooperate,0.20689655172413793,lra_q
NetworkRewiring_Test,21,29,12,cooperate,0.20689655172413793,lra_q
NetworkRewiring_Test,21,29,13,defect,1.5517241379310345,lra_q
NetworkRewiring_Test,21,29,14,cooperate,0.20689655172413793,lra_q
NetworkRewiring_Test,21,29,15,cooperate,0.41379310344827586,tit_for_tat
NetworkRewiring_Test,21,29,16,defect,1.4137931034482758,tit_for_tat
NetworkRewiring_Test,21,29,17,cooperate,0.41379310344827586,tit_for_tat
NetworkRewiring_Test,21,29,18,cooperate,0.20689655172413793,tit_for_tat
NetworkRewiring_Test,21,29,19,cooperate,0.41379310344827586,tit_for_tat
NetworkRewiring_Test,21,29,20,defect,1.5517241379310345,tit_for_tat
NetworkRewiring_Test,21,29,21,cooperate,0.3103448275862069,tit_for_tat
NetworkRewiring_Test,21,29,22,cooperate,0.41379310344827586,tit_for_tat
NetworkRewiring_Test,21,29,23,cooperate,0.3103448275862069,tit_for_tat
NetworkRewiring_Test,21,29,24,cooperate,0.3103448275862069,tit_for_tat
NetworkRewiring_Test,21,29,25,cooperate,0.10344827586206896,tit_for_tat
NetworkRewiring_Test,21,29,26,cooperate,0.41379310344827586,tit_for_tat
NetworkRewiring_Test,21,29,27,defect,1.2758620689655173,tit_for_tat
NetworkRewiring_Test,21,29,28,cooperate,0.10344827586206896,tit_for_tat
NetworkRewiring_Test,21,29,29,defect,1.6896551724137931,tit_for_tat
NetworkRewiring_Test,21,30,0,defect,1.2758620689655173,lra_q
NetworkRewiring_Test,21,30,1,defect,1.2758620689655173,lra_q
NetworkRewiring_Test,21,30,2,cooperate,0.41379310344827586,lra_q
NetworkRewiring_Test,21,30,3,cooperate,0.10344827586206896,lra_q
NetworkRewiring_Test,21,30,4,defect,1.2758620689655173,lra_q
NetworkRewiring_Test,21,30,5,cooperate,0.3103448275862069,lra_q
NetworkRewiring_Test,21,30,6,cooperate,0.41379310344827586,lra_q
NetworkRewiring_Test,21,30,7,defect,1.2758620689655173,lra_q
NetworkRewiring_Test,21,30,8,cooperate,0.3103448275862069,lra_q
NetworkRewiring_Test,21,30,9,cooperate,0.10344827586206896,lra_q
NetworkRewiring_Test,21,30,10,cooperate,0.3103448275862069,lra_q
NetworkRewiring_Test,21,30,11,defect,1.2758620689655173,lra_q
NetworkRewiring_Test,21,30,12,cooperate,0.10344827586206896,lra_q
NetworkRewiring_Test,21,30,13,defect,1.2758620689655173,lra_q
NetworkRewiring_Test,21,30,14,defect,1.2758620689655173,lra_q
NetworkRewiring_Test,21,30,15,cooperate,0.41379310344827586,tit_for_tat
NetworkRewiring_Test,21,30,16,cooperate,0.41379310344827586,tit_for_tat
NetworkRewiring_Test,21,30,17,cooperate,0.41379310344827586,tit_for_tat
NetworkRewiring_Test,21,30,18,cooperate,0.41379310344827586,tit_for_tat
NetworkRewiring_Test,21,30,19,cooperate,0.5172413793103449,tit_for_tat
NetworkRewiring_Test,21,30,20,cooperate,0.41379310344827586,tit_for_tat
NetworkRewiring_Test,21,30,21,cooperate,0.5172413793103449,tit_for_tat
NetworkRewiring_Test,21,30,22,cooperate,0.41379310344827586,tit_for_tat
NetworkRewiring_Test,21,30,23,cooperate,0.3103448275862069,tit_for_tat
NetworkRewiring_Test,21,30,24,cooperate,0.3103448275862069,tit_for_tat
NetworkRewiring_Test,21,30,25,defect,1.5517241379310345,tit_for_tat
NetworkRewiring_Test,21,30,26,cooperate,0.41379310344827586,tit_for_tat
NetworkRewiring_Test,21,30,27,cooperate,0.10344827586206896,tit_for_tat
NetworkRewiring_Test,21,30,28,defect,1.2758620689655173,tit_for_tat
NetworkRewiring_Test,21,30,29,cooperate,0.3103448275862069,tit_for_tat
NetworkRewiring_Test,21,31,0,defect,1.2758620689655173,lra_q
NetworkRewiring_Test,21,31,1,defect,1.2758620689655173,lra_q
NetworkRewiring_Test,21,31,2,cooperate,0.41379310344827586,lra_q
NetworkRewiring_Test,21,31,3,cooperate,0.10344827586206896,lra_q
NetworkRewiring_Test,21,31,4,defect,1.4137931034482758,lra_q
NetworkRewiring_Test,21,31,5,cooperate,0.10344827586206896,lra_q
NetworkRewiring_Test,21,31,6,defect,1.5517241379310345,lra_q
NetworkRewiring_Test,21,31,7,defect,1.2758620689655173,lra_q
NetworkRewiring_Test,21,31,8,cooperate,0.10344827586206896,lra_q
NetworkRewiring_Test,21,31,9,cooperate,0.0,lra_q
NetworkRewiring_Test,21,31,10,defect,1.5517241379310345,lra_q
NetworkRewiring_Test,21,31,11,defect,1.4137931034482758,lra_q
NetworkRewiring_Test,21,31,12,cooperate,0.20689655172413793,lra_q
NetworkRewiring_Test,21,31,13,cooperate,0.20689655172413793,lra_q
NetworkRewiring_Test,21,31,14,defect,1.4137931034482758,lra_q
NetworkRewiring_Test,21,31,15,cooperate,0.5172413793103449,tit_for_tat
NetworkRewiring_Test,21,31,16,cooperate,0.3103448275862069,tit_for_tat
NetworkRewiring_Test,21,31,17,cooperate,0.41379310344827586,tit_for_tat
NetworkRewiring_Test,21,31,18,cooperate,0.41379310344827586,tit_for_tat
NetworkRewiring_Test,21,31,19,cooperate,0.5172413793103449,tit_for_tat
NetworkRewiring_Test,21,31,20,cooperate,0.41379310344827586,tit_for_tat
NetworkRewiring_Test,21,31,21,cooperate,0.5172413793103449,tit_for_tat
NetworkRewiring_Test,21,31,22,cooperate,0.41379310344827586,tit_for_tat
NetworkRewiring_Test,21,31,23,cooperate,0.3103448275862069,tit_for_tat
NetworkRewiring_Test,21,31,24,cooperate,0.3103448275862069,tit_for_tat
NetworkRewiring_Test,21,31,25,cooperate,0.20689655172413793,tit_for_tat
NetworkRewiring_Test,21,31,26,cooperate,0.41379310344827586,tit_for_tat
NetworkRewiring_Test,21,31,27,defect,1.2758620689655173,tit_for_tat
NetworkRewiring_Test,21,31,28,defect,1.1379310344827587,tit_for_tat
NetworkRewiring_Test,21,31,29,cooperate,0.3103448275862069,tit_for_tat
NetworkRewiring_Test,21,32,0,defect,1.2758620689655173,lra_q
NetworkRewiring_Test,21,32,1,defect,1.2758620689655173,lra_q
NetworkRewiring_Test,21,32,2,cooperate,0.41379310344827586,lra_q
NetworkRewiring_Test,21,32,3,cooperate,0.10344827586206896,lra_q
NetworkRewiring_Test,21,32,4,defect,1.4137931034482758,lra_q
NetworkRewiring_Test,21,32,5,cooperate,0.20689655172413793,lra_q
NetworkRewiring_Test,21,32,6,defect,1.5517241379310345,lra_q
NetworkRewiring_Test,21,32,7,defect,1.2758620689655173,lra_q
NetworkRewiring_Test,21,32,8,cooperate,0.20689655172413793,lra_q
NetworkRewiring_Test,21,32,9,cooperate,0.20689655172413793,lra_q
NetworkRewiring_Test,21,32,10,cooperate,0.41379310344827586,lra_q
NetworkRewiring_Test,21,32,11,cooperate,0.3103448275862069,lra_q
NetworkRewiring_Test,21,32,12,cooperate,0.3103448275862069,lra_q
NetworkRewiring_Test,21,32,13,cooperate,0.41379310344827586,lra_q
NetworkRewiring_Test,21,32,14,cooperate,0.3103448275862069,lra_q
NetworkRewiring_Test,21,32,15,cooperate,0.6206896551724138,tit_for_tat
NetworkRewiring_Test,21,32,16,cooperate,0.3103448275862069,tit_for_tat
NetworkRewiring_Test,21,32,17,cooperate,0.5172413793103449,tit_for_tat
NetworkRewiring_Test,21,32,18,cooperate,0.41379310344827586,tit_for_tat
NetworkRewiring_Test,21,32,19,cooperate,0.5172413793103449,tit_for_tat
NetworkRewiring_Test,21,32,20,cooperate,0.41379310344827586,tit_for_tat
NetworkRewiring_Test,21,32,21,cooperate,0.5172413793103449,tit_for_tat
NetworkRewiring_Test,21,32,22,cooperate,0.41379310344827586,tit_for_tat
NetworkRewiring_Test,21,32,23,cooperate,0.3103448275862069,tit_for_tat
NetworkRewiring_Test,21,32,24,cooperate,0.3103448275862069,tit_for_tat
NetworkRewiring_Test,21,32,25,cooperate,0.3103448275862069,tit_for_tat
NetworkRewiring_Test,21,32,26,cooperate,0.41379310344827586,tit_for_tat
NetworkRewiring_Test,21,32,27,defect,1.2758620689655173,tit_for_tat
NetworkRewiring_Test,21,32,28,defect,1.1379310344827587,tit_for_tat
NetworkRewiring_Test,21,32,29,cooperate,0.3103448275862069,tit_for_tat
NetworkRewiring_Test,21,33,0,defect,1.0,lra_q
NetworkRewiring_Test,21,33,1,defect,1.2758620689655173,lra_q
NetworkRewiring_Test,21,33,2,cooperate,0.41379310344827586,lra_q
NetworkRewiring_Test,21,33,3,cooperate,0.10344827586206896,lra_q
NetworkRewiring_Test,21,33,4,defect,1.4137931034482758,lra_q
NetworkRewiring_Test,21,33,5,cooperate,0.20689655172413793,lra_q
NetworkRewiring_Test,21,33,6,defect,1.5517241379310345,lra_q
NetworkRewiring_Test,21,33,7,defect,1.1379310344827587,lra_q
NetworkRewiring_Test,21,33,8,cooperate,0.10344827586206896,lra_q
NetworkRewiring_Test,21,33,9,defect,1.2758620689655173,lra_q
NetworkRewiring_Test,21,33,10,cooperate,0.3103448275862069,lra_q
NetworkRewiring_Test,21,33,11,cooperate,0.10344827586206896,lra_q
NetworkRewiring_Test,21,33,12,cooperate,0.20689655172413793,lra_q
NetworkRewiring_Test,21,33,13,defect,1.5517241379310345,lra_q
NetworkRewiring_Test,21,33,14,cooperate,0.20689655172413793,lra_q
NetworkRewiring_Test,21,33,15,cooperate,0.41379310344827586,tit_for_tat
NetworkRewiring_Test,21,33,16,cooperate,0.3103448275862069,tit_for_tat
NetworkRewiring_Test,21,33,17,cooperate,0.5172413793103449,tit_for_tat
NetworkRewiring_Test,21,33,18,cooperate,0.41379310344827586,tit_for_tat
NetworkRewiring_Test,21,33,19,cooperate,0.5172413793103449,tit_for_tat
NetworkRewiring_Test,21,33,20,cooperate,0.3103448275862069,tit_for_tat
NetworkRewiring_Test,21,33,21,cooperate,0.3103448275862069,tit_for_tat
NetworkRewiring_Test,21,33,22,defect,1.5517241379310345,tit_for_tat
NetworkRewiring_Test,21,33,23,cooperate,0.20689655172413793,tit_for_tat
NetworkRewiring_Test,21,33,24,cooperate,0.3103448275862069,tit_for_tat
NetworkRewiring_Test,21,33,25,cooperate,0.3103448275862069,tit_for_tat
NetworkRewiring_Test,21,33,26,cooperate,0.41379310344827586,tit_for_tat
NetworkRewiring_Test,21,33,27,cooperate,0.10344827586206896,tit_for_tat
NetworkRewiring_Test,21,33,28,defect,1.1379310344827587,tit_for_tat
NetworkRewiring_Test,21,33,29,defect,1.5517241379310345,tit_for_tat
NetworkRewiring_Test,21,34,0,cooperate,0.3103448275862069,lra_q
NetworkRewiring_Test,21,34,1,defect,1.4137931034482758,lra_q
NetworkRewiring_Test,21,34,2,cooperate,0.41379310344827586,lra_q
NetworkRewiring_Test,21,34,3,cooperate,0.10344827586206896,lra_q
NetworkRewiring_Test,21,34,4,defect,1.2758620689655173,lra_q
NetworkRewiring_Test,21,34,5,defect,1.2758620689655173,lra_q
NetworkRewiring_Test,21,34,6,defect,1.4137931034482758,lra_q
NetworkRewiring_Test,21,34,7,cooperate,0.10344827586206896,lra_q
NetworkRewiring_Test,21,34,8,cooperate,0.10344827586206896,lra_q
NetworkRewiring_Test,21,34,9,defect,1.1379310344827587,lra_q
NetworkRewiring_Test,21,34,10,defect,1.2758620689655173,lra_q
NetworkRewiring_Test,21,34,11,defect,1.1379310344827587,lra_q
NetworkRewiring_Test,21,34,12,cooperate,0.10344827586206896,lra_q
NetworkRewiring_Test,21,34,13,defect,1.4137931034482758,lra_q
NetworkRewiring_Test,21,34,14,cooperate,0.20689655172413793,lra_q
NetworkRewiring_Test,21,34,15,cooperate,0.5172413793103449,tit_for_tat
NetworkRewiring_Test,21,34,16,cooperate,0.3103448275862069,tit_for_tat
NetworkRewiring_Test,21,34,17,cooperate,0.5172413793103449,tit_for_tat
NetworkRewiring_Test,21,34,18,cooperate,0.41379310344827586,tit_for_tat
NetworkRewiring_Test,21,34,19,cooperate,0.5172413793103449,tit_for_tat
NetworkRewiring_Test,21,34,20,cooperate,0.41379310344827586,tit_for_tat
NetworkRewiring_Test,21,34,21,cooperate,0.5172413793103449,tit_for_tat
NetworkRewiring_Test,21,34,22,cooperate,0.5172413793103449,tit_for_tat
NetworkRewiring_Test,21,34,23,cooperate,0.3103448275862069,tit_for_tat
NetworkRewiring_Test,21,34,24,cooperate,0.3103448275862069,tit_for_tat
NetworkRewiring_Test,21,34,25,cooperate,0.20689655172413793,tit_for_tat
NetworkRewiring_Test,21,34,26,cooperate,0.3103448275862069,tit_for_tat
NetworkRewiring_Test,21,34,27,defect,1.2758620689655173,tit_for_tat
NetworkRewiring_Test,21,34,28,defect,1.2758620689655173,tit_for_tat
NetworkRewiring_Test,21,34,29,cooperate,0.41379310344827586,tit_for_tat
NetworkRewiring_Test,21,35,0,cooperate,0.3103448275862069,lra_q
NetworkRewiring_Test,21,35,1,defect,1.4137931034482758,lra_q
NetworkRewiring_Test,21,35,2,cooperate,0.41379310344827586,lra_q
NetworkRewiring_Test,21,35,3,cooperate,0.10344827586206896,lra_q
NetworkRewiring_Test,21,35,4,defect,1.1379310344827587,lra_q
NetworkRewiring_Test,21,35,5,defect,1.4137931034482758,lra_q
NetworkRewiring_Test,21,35,6,cooperate,0.3103448275862069,lra_q
NetworkRewiring_Test,21,35,7,defect,1.2758620689655173,lra_q
NetworkRewiring_Test,21,35,8,cooperate,0.3103448275862069,lra_q
NetworkRewiring_Test,21,35,9,cooperate,0.10344827586206896,lra_q
NetworkRewiring_Test,21,35,10,cooperate,0.20689655172413793,lra_q
NetworkRewiring_Test,21,35,11,defect,1.4137931034482758,lra_q
NetworkRewiring_Test,21,35,12,cooperate,0.20689655172413793,lra_q
NetworkRewiring_Test,21,35,13,cooperate,0.20689655172413793,lra_q
NetworkRewiring_Test,21,35,14,defect,1.4137931034482758,lra_q
NetworkRewiring_Test,21,35,15,cooperate,0.5172413793103449,tit_for_tat
NetworkRewiring_Test,21,35,16,cooperate,0.41379310344827586,tit_for_tat
NetworkRewiring_Test,21,35,17,cooperate,0.41379310344827586,tit_for_tat
NetworkRewiring_Test,21,35,18,cooperate,0.41379310344827586,tit_for_tat
NetworkRewiring_Test,21,35,19,cooperate,0.5172413793103449,tit_for_tat
NetworkRewiring_Test,21,35,20,cooperate,0.41379310344827586,tit_for_tat
NetworkRewiring_Test,21,35,21,cooperate,0.5172413793103449,tit_for_tat
NetworkRewiring_Test,21,35,22,cooperate,0.5172413793103449,tit_for_tat
NetworkRewiring_Test,21,35,23,cooperate,0.3103448275862069,tit_for_tat
NetworkRewiring_Test,21,35,24,cooperate,0.3103448275862069,tit_for_tat
NetworkRewiring_Test,21,35,25,defect,1.5517241379310345,tit_for_tat
NetworkRewiring_Test,21,35,26,cooperate,0.3103448275862069,tit_for_tat
NetworkRewiring_Test,21,35,27,cooperate,0.20689655172413793,tit_for_tat
NetworkRewiring_Test,21,35,28,cooperate,0.3103448275862069,tit_for_tat
NetworkRewiring_Test,21,35,29,cooperate,0.5172413793103449,tit_for_tat
NetworkRewiring_Test,21,36,0,cooperate,0.3103448275862069,lra_q
NetworkRewiring_Test,21,36,1,defect,1.4137931034482758,lra_q
NetworkRewiring_Test,21,36,2,cooperate,0.5172413793103449,lra_q
NetworkRewiring_Test,21,36,3,cooperate,0.20689655172413793,lra_q
NetworkRewiring_Test,21,36,4,cooperate,0.3103448275862069,lra_q
NetworkRewiring_Test,21,36,5,cooperate,0.3103448275862069,lra_q
NetworkRewiring_Test,21,36,6,cooperate,0.41379310344827586,lra_q
NetworkRewiring_Test,21,36,7,defect,1.4137931034482758,lra_q
NetworkRewiring_Test,21,36,8,cooperate,0.20689655172413793,lra_q
NetworkRewiring_Test,21,36,9,cooperate,0.10344827586206896,lra_q
NetworkRewiring_Test,21,36,10,defect,1.5517241379310345,lra_q
NetworkRewiring_Test,21,36,11,cooperate,0.3103448275862069,lra_q
NetworkRewiring_Test,21,36,12,cooperate,0.3103448275862069,lra_q
NetworkRewiring_Test,21,36,13,cooperate,0.41379310344827586,lra_q
NetworkRewiring_Test,21,36,14,cooperate,0.3103448275862069,lra_q
NetworkRewiring_Test,21,36,15,cooperate,0.6206896551724138,tit_for_tat
NetworkRewiring_Test,21,36,16,cooperate,0.41379310344827586,tit_for_tat
NetworkRewiring_Test,21,36,17,cooperate,0.5172413793103449,tit_for_tat
NetworkRewiring_Test,21,36,18,cooperate,0.41379310344827586,tit_for_tat
NetworkRewiring_Test,21,36,19,cooperate,0.5172413793103449,tit_for_tat
NetworkRewiring_Test,21,36,20,cooperate,0.41379310344827586,tit_for_tat
NetworkRewiring_Test,21,36,21,cooperate,0.5172413793103449,tit_for_tat
NetworkRewiring_Test,21,36,22,cooperate,0.5172413793103449,tit_for_tat
NetworkRewiring_Test,21,36,23,cooperate,0.3103448275862069,tit_for_tat
NetworkRewiring_Test,21,36,24,cooperate,0.3103448275862069,tit_for_tat
NetworkRewiring_Test,21,36,25,cooperate,0.3103448275862069,tit_for_tat
NetworkRewiring_Test,21,36,26,cooperate,0.41379310344827586,tit_for_tat
NetworkRewiring_Test,21,36,27,defect,1.4137931034482758,tit_for_tat
NetworkRewiring_Test,21,36,28,cooperate,0.20689655172413793,tit_for_tat
NetworkRewiring_Test,21,36,29,cooperate,0.5172413793103449,tit_for_tat
NetworkRewiring_Test,21,37,0,cooperate,0.20689655172413793,lra_q
NetworkRewiring_Test,21,37,1,defect,1.4137931034482758,lra_q
NetworkRewiring_Test,21,37,2,cooperate,0.41379310344827586,lra_q
NetworkRewiring_Test,21,37,3,cooperate,0.10344827586206896,lra_q
NetworkRewiring_Test,21,37,4,defect,1.4137931034482758,lra_q
NetworkRewiring_Test,21,37,5,cooperate,0.20689655172413793,lra_q
NetworkRewiring_Test,21,37,6,defect,1.5517241379310345,lra_q
NetworkRewiring_Test,21,37,7,defect,1.4137931034482758,lra_q
NetworkRewiring_Test,21,37,8,cooperate,0.10344827586206896,lra_q
NetworkRewiring_Test,21,37,9,cooperate,0.20689655172413793,lra_q
NetworkRewiring_Test,21,37,10,cooperate,0.41379310344827586,lra_q
NetworkRewiring_Test,21,37,11,cooperate,0.20689655172413793,lra_q
NetworkRewiring_Test,21,37,12,cooperate,0.20689655172413793,lra_q
NetworkRewiring_Test,21,37,13,defect,1.5517241379310345,lra_q
NetworkRewiring_Test,21,37,14,cooperate,0.20689655172413793,lra_q
NetworkRewiring_Test,21,37,15,cooperate,0.5172413793103449,tit_for_tat
NetworkRewiring_Test,21,37,16,cooperate,0.3103448275862069,tit_for_tat
NetworkRewiring_Test,21,37,17,cooperate,0.5172413793103449,tit_for_tat
NetworkRewiring_Test,21,37,18,cooperate,0.41379310344827586,tit_for_tat
NetworkRewiring_Test,21,37,19,cooperate,0.5172413793103449,tit_for_tat
NetworkRewiring_Test,21,37,20,cooperate,0.41379310344827586,tit_for_tat
NetworkRewiring_Test,21,37,21,cooperate,0.41379310344827586,tit_for_tat
NetworkRewiring_Test,21,37,22,cooperate,0.5172413793103449,tit_for_tat
NetworkRewiring_Test,21,37,23,cooperate,0.3103448275862069,tit_for_tat
NetworkRewiring_Test,21,37,24,cooperate,0.3103448275862069,tit_for_tat
NetworkRewiring_Test,21,37,25,cooperate,0.3103448275862069,tit_for_tat
NetworkRewiring_Test,21,37,26,cooperate,0.41379310344827586,tit_for_tat
NetworkRewiring_Test,21,37,27,cooperate,0.20689655172413793,tit_for_tat
NetworkRewiring_Test,21,37,28,cooperate,0.20689655172413793,tit_for_tat
NetworkRewiring_Test,21,37,29,defect,1.8275862068965516,tit_for_tat
NetworkRewiring_Test,21,38,0,defect,1.4137931034482758,lra_q
NetworkRewiring_Test,21,38,1,defect,1.2758620689655173,lra_q
NetworkRewiring_Test,21,38,2,cooperate,0.41379310344827586,lra_q
NetworkRewiring_Test,21,38,3,cooperate,0.0,lra_q
NetworkRewiring_Test,21,38,4,defect,1.1379310344827587,lra_q
NetworkRewiring_Test,21,38,5,defect,1.2758620689655173,lra_q
NetworkRewiring_Test,21,38,6,defect,1.4137931034482758,lra_q
NetworkRewiring_Test,21,38,7,defect,1.0,lra_q
NetworkRewiring_Test,21,38,8,cooperate,0.20689655172413793,lra_q
NetworkRewiring_Test,21,38,9,defect,1.1379310344827587,lra_q
NetworkRewiring_Test,21,38,10,cooperate,0.10344827586206896,lra_q
NetworkRewiring_Test,21,38,11,defect,1.1379310344827587,lra_q
NetworkRewiring_Test,21,38,12,cooperate,0.10344827586206896,lra_q
NetworkRewiring_Test,21,38,13,defect,1.2758620689655173,lra_q
NetworkRewiring_Test,21,38,14,defect,1.2758620689655173,lra_q
NetworkRewiring_Test,21,38,15,cooperate,0.41379310344827586,tit_for_tat
NetworkRewiring_Test,21,38,16,cooperate,0.3103448275862069,tit_for_tat
NetworkRewiring_Test,21,38,17,cooperate,0.41379310344827586,tit_for_tat
NetworkRewiring_Test,21,38,18,cooperate,0.41379310344827586,tit_for_tat
NetworkRewiring_Test,21,38,19,cooperate,0.5172413793103449,tit_for_tat
NetworkRewiring_Test,21,38,20,cooperate,0.41379310344827586,tit_for_tat
NetworkRewiring_Test,21,38,21,cooperate,0.5172413793103449,tit_for_tat
NetworkRewiring_Test,21,38,22,cooperate,0.41379310344827586,tit_for_tat
NetworkRewiring_Test,21,38,23,cooperate,0.3103448275862069,tit_for_tat
NetworkRewiring_Test,21,38,24,cooperate,0.3103448275862069,tit_for_tat
NetworkRewiring_Test,21,38,25,defect,1.5517241379310345,tit_for_tat
NetworkRewiring_Test,21,38,26,cooperate,0.3103448275862069,tit_for_tat
NetworkRewiring_Test,21,38,27,cooperate,0.20689655172413793,tit_for_tat
NetworkRewiring_Test,21,38,28,cooperate,0.20689655172413793,tit_for_tat
NetworkRewiring_Test,21,38,29,cooperate,0.41379310344827586,tit_for_tat
NetworkRewiring_Test,21,39,0,cooperate,0.41379310344827586,lra_q
NetworkRewiring_Test,21,39,1,defect,1.4137931034482758,lra_q
NetworkRewiring_Test,21,39,2,cooperate,0.5172413793103449,lra_q
NetworkRewiring_Test,21,39,3,cooperate,0.20689655172413793,lra_q
NetworkRewiring_Test,21,39,4,cooperate,0.20689655172413793,lra_q
NetworkRewiring_Test,21,39,5,defect,1.6896551724137931,lra_q
NetworkRewiring_Test,21,39,6,cooperate,0.3103448275862069,lra_q
NetworkRewiring_Test,21,39,7,cooperate,0.20689655172413793,lra_q
NetworkRewiring_Test,21,39,8,cooperate,0.3103448275862069,lra_q
NetworkRewiring_Test,21,39,9,cooperate,0.20689655172413793,lra_q
NetworkRewiring_Test,21,39,10,cooperate,0.3103448275862069,lra_q
NetworkRewiring_Test,21,39,11,defect,1.4137931034482758,lra_q
NetworkRewiring_Test,21,39,12,cooperate,0.20689655172413793,lra_q
NetworkRewiring_Test,21,39,13,cooperate,0.20689655172413793,lra_q
NetworkRewiring_Test,21,39,14,defect,1.2758620689655173,lra_q
NetworkRewiring_Test,21,39,15,cooperate,0.41379310344827586,tit_for_tat
NetworkRewiring_Test,21,39,16,cooperate,0.3103448275862069,tit_for_tat
NetworkRewiring_Test,21,39,17,defect,1.5517241379310345,tit_for_tat
NetworkRewiring_Test,21,39,18,cooperate,0.3103448275862069,tit_for_tat
NetworkRewiring_Test,21,39,19,cooperate,0.41379310344827586,tit_for_tat
NetworkRewiring_Test,21,39,20,cooperate,0.41379310344827586,tit_for_tat
NetworkRewiring_Test,21,39,21,cooperate,0.5172413793103449,tit_for_tat
NetworkRewiring_Test,21,39,22,cooperate,0.5172413793103449,tit_for_tat
NetworkRewiring_Test,21,39,23,cooperate,0.3103448275862069,tit_for_tat
NetworkRewiring_Test,21,39,24,cooperate,0.3103448275862069,tit_for_tat
NetworkRewiring_Test,21,39,25,cooperate,0.41379310344827586,tit_for_tat
NetworkRewiring_Test,21,39,26,cooperate,0.3103448275862069,tit_for_tat
NetworkRewiring_Test,21,39,27,defect,1.4137931034482758,tit_for_tat
NetworkRewiring_Test,21,39,28,cooperate,0.20689655172413793,tit_for_tat
NetworkRewiring_Test,21,39,29,cooperate,0.5172413793103449,tit_for_tat
NetworkRewiring_Test,21,40,0,defect,1.4137931034482758,lra_q
NetworkRewiring_Test,21,40,1,defect,1.2758620689655173,lra_q
NetworkRewiring_Test,21,40,2,cooperate,0.41379310344827586,lra_q
NetworkRewiring_Test,21,40,3,cooperate,0.20689655172413793,lra_q
NetworkRewiring_Test,21,40,4,defect,1.4137931034482758,lra_q
NetworkRewiring_Test,21,40,5,cooperate,0.20689655172413793,lra_q
NetworkRewiring_Test,21,40,6,cooperate,0.41379310344827586,lra_q
NetworkRewiring_Test,21,40,7,defect,1.1379310344827587,lra_q
NetworkRewiring_Test,21,40,8,cooperate,0.20689655172413793,lra_q
NetworkRewiring_Test,21,40,9,defect,1.1379310344827587,lra_q
NetworkRewiring_Test,21,40,10,defect,1.4137931034482758,lra_q
NetworkRewiring_Test,21,40,11,cooperate,0.20689655172413793,lra_q
NetworkRewiring_Test,21,40,12,cooperate,0.3103448275862069,lra_q
NetworkRewiring_Test,21,40,13,cooperate,0.3103448275862069,lra_q
NetworkRewiring_Test,21,40,14,defect,1.2758620689655173,lra_q
NetworkRewiring_Test,21,40,15,cooperate,0.41379310344827586,tit_for_tat
NetworkRewiring_Test,21,40,16,cooperate,0.3103448275862069,tit_for_tat
NetworkRewiring_Test,21,40,17,defect,1.5517241379310345,tit_for_tat
NetworkRewiring_Test,21,40,18,cooperate,0.3103448275862069,tit_for_tat
NetworkRewiring_Test,21,40,19,cooperate,0.41379310344827586,tit_for_tat
NetworkRewiring_Test,21,40,20,cooperate,0.41379310344827586,tit_for_tat
NetworkRewiring_Test,21,40,21,cooperate,0.5172413793103449,tit_for_tat
NetworkRewiring_Test,21,40,22,cooperate,0.41379310344827586,tit_for_tat
NetworkRewiring_Test,21,40,23,cooperate,0.3103448275862069,tit_for_tat
NetworkRewiring_Test,21,40,24,cooperate,0.3103448275862069,tit_for_tat
NetworkRewiring_Test,21,40,25,cooperate,0.3103448275862069,tit_for_tat
NetworkRewiring_Test,21,40,26,cooperate,0.41379310344827586,tit_for_tat
NetworkRewiring_Test,21,40,27,cooperate,0.3103448275862069,tit_for_tat
NetworkRewiring_Test,21,40,28,cooperate,0.20689655172413793,tit_for_tat
NetworkRewiring_Test,21,40,29,cooperate,0.5172413793103449,tit_for_tat
NetworkRewiring_Test,21,41,0,cooperate,0.3103448275862069,lra_q
NetworkRewiring_Test,21,41,1,defect,1.4137931034482758,lra_q
NetworkRewiring_Test,21,41,2,cooperate,0.41379310344827586,lra_q
NetworkRewiring_Test,21,41,3,cooperate,0.10344827586206896,lra_q
NetworkRewiring_Test,21,41,4,defect,1.2758620689655173,lra_q
NetworkRewiring_Test,21,41,5,defect,1.2758620689655173,lra_q
NetworkRewiring_Test,21,41,6,defect,1.4137931034482758,lra_q
NetworkRewiring_Test,21,41,7,defect,1.2758620689655173,lra_q
NetworkRewiring_Test,21,41,8,cooperate,0.10344827586206896,lra_q
NetworkRewiring_Test,21,41,9,cooperate,0.0,lra_q
NetworkRewiring_Test,21,41,10,defect,1.5517241379310345,lra_q
NetworkRewiring_Test,21,41,11,defect,1.4137931034482758,lra_q
NetworkRewiring_Test,21,41,12,cooperate,0.20689655172413793,lra_q
NetworkRewiring_Test,21,41,13,cooperate,0.20689655172413793,lra_q
NetworkRewiring_Test,21,41,14,defect,1.2758620689655173,lra_q
NetworkRewiring_Test,21,41,15,cooperate,0.41379310344827586,tit_for_tat
NetworkRewiring_Test,21,41,16,cooperate,0.20689655172413793,tit_for_tat
NetworkRewiring_Test,21,41,17,defect,1.5517241379310345,tit_for_tat
NetworkRewiring_Test,21,41,18,cooperate,0.3103448275862069,tit_for_tat
NetworkRewiring_Test,21,41,19,cooperate,0.41379310344827586,tit_for_tat
NetworkRewiring_Test,21,41,20,cooperate,0.41379310344827586,tit_for_tat
NetworkRewiring_Test,21,41,21,cooperate,0.41379310344827586,tit_for_tat
NetworkRewiring_Test,21,41,22,cooperate,0.5172413793103449,tit_for_tat
NetworkRewiring_Test,21,41,23,cooperate,0.3103448275862069,tit_for_tat
NetworkRewiring_Test,21,41,24,cooperate,0.3103448275862069,tit_for_tat
NetworkRewiring_Test,21,41,25,cooperate,0.41379310344827586,tit_for_tat
NetworkRewiring_Test,21,41,26,cooperate,0.3103448275862069,tit_for_tat
NetworkRewiring_Test,21,41,27,cooperate,0.3103448275862069,tit_for_tat
NetworkRewiring_Test,21,41,28,cooperate,0.3103448275862069,tit_for_tat
NetworkRewiring_Test,21,41,29,cooperate,0.41379310344827586,tit_for_tat
NetworkRewiring_Test,21,42,0,cooperate,0.10344827586206896,lra_q
NetworkRewiring_Test,21,42,1,defect,1.4137931034482758,lra_q
NetworkRewiring_Test,21,42,2,cooperate,0.41379310344827586,lra_q
NetworkRewiring_Test,21,42,3,cooperate,0.0,lra_q
NetworkRewiring_Test,21,42,4,defect,1.1379310344827587,lra_q
NetworkRewiring_Test,21,42,5,defect,1.1379310344827587,lra_q
NetworkRewiring_Test,21,42,6,defect,1.4137931034482758,lra_q
NetworkRewiring_Test,21,42,7,defect,1.2758620689655173,lra_q
NetworkRewiring_Test,21,42,8,cooperate,0.10344827586206896,lra_q
NetworkRewiring_Test,21,42,9,cooperate,0.10344827586206896,lra_q
NetworkRewiring_Test,21,42,10,defect,1.4137931034482758,lra_q
NetworkRewiring_Test,21,42,11,cooperate,0.3103448275862069,lra_q
NetworkRewiring_Test,21,42,12,cooperate,0.3103448275862069,lra_q
NetworkRewiring_Test,21,42,13,cooperate,0.3103448275862069,lra_q
NetworkRewiring_Test,21,42,14,defect,1.4137931034482758,lra_q
NetworkRewiring_Test,21,42,15,cooperate,0.5172413793103449,tit_for_tat
NetworkRewiring_Test,21,42,16,cooperate,0.3103448275862069,tit_for_tat
NetworkRewiring_Test,21,42,17,cooperate,0.41379310344827586,tit_for_tat
NetworkRewiring_Test,21,42,18,cooperate,0.41379310344827586,tit_for_tat
NetworkRewiring_Test,21,42,19,cooperate,0.5172413793103449,tit_for_tat
NetworkRewiring_Test,21,42,20,cooperate,0.41379310344827586,tit_for_tat
NetworkRewiring_Test,21,42,21,cooperate,0.41379310344827586,tit_for_tat
NetworkRewiring_Test,21,42,22,cooperate,0.5172413793103449,tit_for_tat
NetworkRewiring_Test,21,42,23,cooperate,0.3103448275862069,tit_for_tat
NetworkRewiring_Test,21,42,24,cooperate,0.3103448275862069,tit_for_tat
NetworkRewiring_Test,21,42,25,defect,1.5517241379310345,tit_for_tat
NetworkRewiring_Test,21,42,26,cooperate,0.3103448275862069,tit_for_tat
NetworkRewiring_Test,21,42,27,cooperate,0.10344827586206896,tit_for_tat
NetworkRewiring_Test,21,42,28,defect,1.4137931034482758,tit_for_tat
NetworkRewiring_Test,21,42,29,cooperate,0.20689655172413793,tit_for_tat
NetworkRewiring_Test,21,43,0,cooperate,0.20689655172413793,lra_q
NetworkRewiring_Test,21,43,1,defect,1.4137931034482758,lra_q
NetworkRewiring_Test,21,43,2,cooperate,0.5172413793103449,lra_q
NetworkRewiring_Test,21,43,3,cooperate,0.0,lra_q
NetworkRewiring_Test,21,43,4,cooperate,0.20689655172413793,lra_q
NetworkRewiring_Test,21,43,5,cooperate,0.3103448275862069,lra_q
NetworkRewiring_Test,21,43,6,defect,1.4137931034482758,lra_q
NetworkRewiring_Test,21,43,7,defect,1.4137931034482758,lra_q
NetworkRewiring_Test,21,43,8,cooperate,0.0,lra_q
NetworkRewiring_Test,21,43,9,cooperate,0.10344827586206896,lra_q
NetworkRewiring_Test,21,43,10,defect,1.5517241379310345,lra_q
NetworkRewiring_Test,21,43,11,cooperate,0.3103448275862069,lra_q
NetworkRewiring_Test,21,43,12,cooperate,0.3103448275862069,lra_q
NetworkRewiring_Test,21,43,13,cooperate,0.41379310344827586,lra_q
NetworkRewiring_Test,21,43,14,cooperate,0.20689655172413793,lra_q
NetworkRewiring_Test,21,43,15,cooperate,0.5172413793103449,tit_for_tat
NetworkRewiring_Test,21,43,16,cooperate,0.20689655172413793,tit_for_tat
NetworkRewiring_Test,21,43,17,defect,1.6896551724137931,tit_for_tat
NetworkRewiring_Test,21,43,18,cooperate,0.3103448275862069,tit_for_tat
NetworkRewiring_Test,21,43,19,cooperate,0.41379310344827586,tit_for_tat
NetworkRewiring_Test,21,43,20,cooperate,0.41379310344827586,tit_for_tat
NetworkRewiring_Test,21,43,21,cooperate,0.41379310344827586,tit_for_tat
NetworkRewiring_Test,21,43,22,cooperate,0.5172413793103449,tit_for_tat
NetworkRewiring_Test,21,43,23,cooperate,0.3103448275862069,tit_for_tat
NetworkRewiring_Test,21,43,24,cooperate,0.3103448275862069,tit_for_tat
NetworkRewiring_Test,21,43,25,defect,1.4137931034482758,tit_for_tat
NetworkRewiring_Test,21,43,26,cooperate,0.41379310344827586,tit_for_tat
NetworkRewiring_Test,21,43,27,defect,1.1379310344827587,tit_for_tat
NetworkRewiring_Test,21,43,28,cooperate,0.20689655172413793,tit_for_tat
NetworkRewiring_Test,21,43,29,defect,1.2758620689655173,tit_for_tat
NetworkRewiring_Test,21,44,0,cooperate,0.20689655172413793,lra_q
NetworkRewiring_Test,21,44,1,defect,1.2758620689655173,lra_q
NetworkRewiring_Test,21,44,2,cooperate,0.41379310344827586,lra_q
NetworkRewiring_Test,21,44,3,defect,1.0,lra_q
NetworkRewiring_Test,21,44,4,defect,1.2758620689655173,lra_q
NetworkRewiring_Test,21,44,5,cooperate,0.20689655172413793,lra_q
NetworkRewiring_Test,21,44,6,defect,1.1379310344827587,lra_q
NetworkRewiring_Test,21,44,7,defect,1.4137931034482758,lra_q
NetworkRewiring_Test,21,44,8,cooperate,0.0,lra_q
NetworkRewiring_Test,21,44,9,cooperate,0.0,lra_q
NetworkRewiring_Test,21,44,10,defect,1.5517241379310345,lra_q
NetworkRewiring_Test,21,44,11,defect,1.2758620689655173,lra_q
NetworkRewiring_Test,21,44,12,cooperate,0.10344827586206896,lra_q
NetworkRewiring_Test,21,44,13,defect,1.2758620689655173,lra_q
NetworkRewiring_Test,21,44,14,defect,1.2758620689655173,lra_q
NetworkRewiring_Test,21,44,15,cooperate,0.3103448275862069,tit_for_tat
NetworkRewiring_Test,21,44,16,defect,1.4137931034482758,tit_for_tat
NetworkRewiring_Test,21,44,17,cooperate,0.3103448275862069,tit_for_tat
NetworkRewiring_Test,21,44,18,cooperate,0.3103448275862069,tit_for_tat
NetworkRewiring_Test,21,44,19,cooperate,0.5172413793103449,tit_for_tat
NetworkRewiring_Test,21,44,20,cooperate,0.41379310344827586,tit_for_tat
NetworkRewiring_Test,21,44,21,cooperate,0.41379310344827586,tit_for_tat
NetworkRewiring_Test,21,44,22,cooperate,0.5172413793103449,tit_for_tat
NetworkRewiring_Test,21,44,23,cooperate,0.3103448275862069,tit_for_tat
NetworkRewiring_Test,21,44,24,cooperate,0.3103448275862069,tit_for_tat
NetworkRewiring_Test,21,44,25,defect,1.1379310344827587,tit_for_tat
NetworkRewiring_Test,21,44,26,cooperate,0.41379310344827586,tit_for_tat
NetworkRewiring_Test,21,44,27,defect,1.1379310344827587,tit_for_tat
NetworkRewiring_Test,21,44,28,cooperate,0.20689655172413793,tit_for_tat
NetworkRewiring_Test,21,44,29,defect,1.2758620689655173,tit_for_tat
NetworkRewiring_Test,21,45,0,defect,1.2758620689655173,lra_q
NetworkRewiring_Test,21,45,1,defect,1.1379310344827587,lra_q
NetworkRewiring_Test,21,45,2,cooperate,0.41379310344827586,lra_q
NetworkRewiring_Test,21,45,3,defect,1.1379310344827587,lra_q
NetworkRewiring_Test,21,45,4,defect,1.1379310344827587,lra_q
NetworkRewiring_Test,21,45,5,defect,1.4137931034482758,lra_q
NetworkRewiring_Test,21,45,6,cooperate,0.20689655172413793,lra_q
NetworkRewiring_Test,21,45,7,defect,1.1379310344827587,lra_q
NetworkRewiring_Test,21,45,8,cooperate,0.3103448275862069,lra_q
NetworkRewiring_Test,21,45,9,cooperate,0.10344827586206896,lra_q
NetworkRewiring_Test,21,45,10,cooperate,0.3103448275862069,lra_q
NetworkRewiring_Test,21,45,11,defect,1.4137931034482758,lra_q
NetworkRewiring_Test,21,45,12,cooperate,0.10344827586206896,lra_q
NetworkRewiring_Test,21,45,13,cooperate,0.10344827586206896,lra_q
NetworkRewiring_Test,21,45,14,defect,1.1379310344827587,lra_q
NetworkRewiring_Test,21,45,15,defect,1.5517241379310345,tit_for_tat
NetworkRewiring_Test,21,45,16,cooperate,0.20689655172413793,tit_for_tat
NetworkRewiring_Test,21,45,17,defect,1.4137931034482758,tit_for_tat
NetworkRewiring_Test,21,45,18,cooperate,0.3103448275862069,tit_for_tat
NetworkRewiring_Test,21,45,19,cooperate,0.41379310344827586,tit_for_tat
NetworkRewiring_Test,21,45,20,cooperate,0.41379310344827586,tit_for_tat
NetworkRewiring_Test,21,45,21,cooperate,0.5172413793103449,tit_for_tat
NetworkRewiring_Test,21,45,22,cooperate,0.3103448275862069,tit_for_tat
NetworkRewiring_Test,21,45,23,cooperate,0.3103448275862069,tit_for_tat
NetworkRewiring_Test,21,45,24,cooperate,0.3103448275862069,tit_for_tat
NetworkRewiring_Test,21,45,25,defect,1.2758620689655173,tit_for_tat
NetworkRewiring_Test,21,45,26,cooperate,0.3103448275862069,tit_for_tat
NetworkRewiring_Test,21,45,27,defect,1.2758620689655173,tit_for_tat
NetworkRewiring_Test,21,45,28,cooperate,0.10344827586206896,tit_for_tat
NetworkRewiring_Test,21,45,29,cooperate,0.20689655172413793,tit_for_tat
NetworkRewiring_Test,21,46,0,defect,1.4137931034482758,lra_q
NetworkRewiring_Test,21,46,1,cooperate,0.20689655172413793,lra_q
NetworkRewiring_Test,21,46,2,cooperate,0.5172413793103449,lra_q
NetworkRewiring_Test,21,46,3,cooperate,0.10344827586206896,lra_q
NetworkRewiring_Test,21,46,4,defect,1.2758620689655173,lra_q
NetworkRewiring_Test,21,46,5,cooperate,0.20689655172413793,lra_q
NetworkRewiring_Test,21,46,6,defect,1.2758620689655173,lra_q
NetworkRewiring_Test,21,46,7,defect,1.2758620689655173,lra_q
NetworkRewiring_Test,21,46,8,cooperate,0.10344827586206896,lra_q
NetworkRewiring_Test,21,46,9,cooperate,0.0,lra_q
NetworkRewiring_Test,21,46,10,defect,1.5517241379310345,lra_q
NetworkRewiring_Test,21,46,11,defect,1.4137931034482758,lra_q
NetworkRewiring_Test,21,46,12,cooperate,0.20689655172413793,lra_q
NetworkRewiring_Test,21,46,13,cooperate,0.3103448275862069,lra_q
NetworkRewiring_Test,21,46,14,cooperate,0.20689655172413793,lra_q
NetworkRewiring_Test,21,46,15,cooperate,0.41379310344827586,tit_for_tat
NetworkRewiring_Test,21,46,16,defect,1.2758620689655173,tit_for_tat
NetworkRewiring_Test,21,46,17,defect,1.5517241379310345,tit_for_tat
NetworkRewiring_Test,21,46,18,cooperate,0.20689655172413793,tit_for_tat
NetworkRewiring_Test,21,46,19,cooperate,0.41379310344827586,tit_for_tat
NetworkRewiring_Test,21,46,20,cooperate,0.41379310344827586,tit_for_tat
NetworkRewiring_Test,21,46,21,cooperate,0.41379310344827586,tit_for_tat
NetworkRewiring_Test,21,46,22,cooperate,0.41379310344827586,tit_for_tat
NetworkRewiring_Test,21,46,23,cooperate,0.3103448275862069,tit_for_tat
NetworkRewiring_Test,21,46,24,cooperate,0.3103448275862069,tit_for_tat
NetworkRewiring_Test,21,46,25,defect,1.4137931034482758,tit_for_tat
NetworkRewiring_Test,21,46,26,cooperate,0.41379310344827586,tit_for_tat
NetworkRewiring_Test,21,46,27,cooperate,0.20689655172413793,tit_for_tat
NetworkRewiring_Test,21,46,28,cooperate,0.3103448275862069,tit_for_tat
NetworkRewiring_Test,21,46,29,cooperate,0.3103448275862069,tit_for_tat
NetworkRewiring_Test,21,47,0,cooperate,0.20689655172413793,lra_q
NetworkRewiring_Test,21,47,1,defect,1.4137931034482758,lra_q
NetworkRewiring_Test,21,47,2,cooperate,0.41379310344827586,lra_q
NetworkRewiring_Test,21,47,3,cooperate,0.10344827586206896,lra_q
NetworkRewiring_Test,21,47,4,defect,1.1379310344827587,lra_q
NetworkRewiring_Test,21,47,5,defect,1.2758620689655173,lra_q
NetworkRewiring_Test,21,47,6,cooperate,0.3103448275862069,lra_q
NetworkRewiring_Test,21,47,7,defect,1.2758620689655173,lra_q
NetworkRewiring_Test,21,47,8,cooperate,0.20689655172413793,lra_q
NetworkRewiring_Test,21,47,9,cooperate,0.0,lra_q
NetworkRewiring_Test,21,47,10,defect,1.4137931034482758,lra_q
NetworkRewiring_Test,21,47,11,defect,1.4137931034482758,lra_q
NetworkRewiring_Test,21,47,12,cooperate,0.20689655172413793,lra_q
NetworkRewiring_Test,21,47,13,cooperate,0.20689655172413793,lra_q
NetworkRewiring_Test,21,47,14,defect,1.4137931034482758,lra_q
NetworkRewiring_Test,21,47,15,cooperate,0.5172413793103449,tit_for_tat
NetworkRewiring_Test,21,47,16,cooperate,0.41379310344827586,tit_for_tat
NetworkRewiring_Test,21,47,17,cooperate,0.41379310344827586,tit_for_tat
NetworkRewiring_Test,21,47,18,cooperate,0.41379310344827586,tit_for_tat
NetworkRewiring_Test,21,47,19,cooperate,0.5172413793103449,tit_for_tat
NetworkRewiring_Test,21,47,20,cooperate,0.41379310344827586,tit_for_tat
NetworkRewiring_Test,21,47,21,cooperate,0.41379310344827586,tit_for_tat
NetworkRewiring_Test,21,47,22,cooperate,0.5172413793103449,tit_for_tat
NetworkRewiring_Test,21,47,23,cooperate,0.3103448275862069,tit_for_tat
NetworkRewiring_Test,21,47,24,cooperate,0.3103448275862069,tit_for_tat
NetworkRewiring_Test,21,47,25,defect,1.5517241379310345,tit_for_tat
NetworkRewiring_Test,21,47,26,cooperate,0.3103448275862069,tit_for_tat
NetworkRewiring_Test,21,47,27,cooperate,0.20689655172413793,tit_for_tat
NetworkRewiring_Test,21,47,28,cooperate,0.3103448275862069,tit_for_tat
NetworkRewiring_Test,21,47,29,cooperate,0.3103448275862069,tit_for_tat
NetworkRewiring_Test,21,48,0,defect,1.2758620689655173,lra_q
NetworkRewiring_Test,21,48,1,defect,1.2758620689655173,lra_q
NetworkRewiring_Test,21,48,2,cooperate,0.41379310344827586,lra_q
NetworkRewiring_Test,21,48,3,cooperate,0.10344827586206896,lra_q
NetworkRewiring_Test,21,48,4,cooperate,0.20689655172413793,lra_q
NetworkRewiring_Test,21,48,5,defect,1.2758620689655173,lra_q
NetworkRewiring_Test,21,48,6,defect,1.4137931034482758,lra_q
NetworkRewiring_Test,21,48,7,defect,1.1379310344827587,lra_q
NetworkRewiring_Test,21,48,8,cooperate,0.0,lra_q
NetworkRewiring_Test,21,48,9,cooperate,0.0,lra_q
NetworkRewiring_Test,21,48,10,defect,1.4137931034482758,lra_q
NetworkRewiring_Test,21,48,11,defect,1.2758620689655173,lra_q
NetworkRewiring_Test,21,48,12,cooperate,0.10344827586206896,lra_q
NetworkRewiring_Test,21,48,13,defect,1.4137931034482758,lra_q
NetworkRewiring_Test,21,48,14,cooperate,0.20689655172413793,lra_q
NetworkRewiring_Test,21,48,15,cooperate,0.5172413793103449,tit_for_tat
NetworkRewiring_Test,21,48,16,cooperate,0.3103448275862069,tit_for_tat
NetworkRewiring_Test,21,48,17,cooperate,0.5172413793103449,tit_for_tat
NetworkRewiring_Test,21,48,18,cooperate,0.41379310344827586,tit_for_tat
NetworkRewiring_Test,21,48,19,cooperate,0.41379310344827586,tit_for_tat
NetworkRewiring_Test,21,48,20,cooperate,0.3103448275862069,tit_for_tat
NetworkRewiring_Test,21,48,21,defect,1.5517241379310345,tit_for_tat
NetworkRewiring_Test,21,48,22,cooperate,0.3103448275862069,tit_for_tat
NetworkRewiring_Test,21,48,23,cooperate,0.3103448275862069,tit_for_tat
NetworkRewiring_Test,21,48,24,cooperate,0.3103448275862069,tit_for_tat
NetworkRewiring_Test,21,48,25,cooperate,0.20689655172413793,tit_for_tat
NetworkRewiring_Test,21,48,26,cooperate,0.3103448275862069,tit_for_tat
NetworkRewiring_Test,21,48,27,defect,1.1379310344827587,tit_for_tat
NetworkRewiring_Test,21,48,28,defect,1.0,tit_for_tat
NetworkRewiring_Test,21,48,29,defect,1.2758620689655173,tit_for_tat
NetworkRewiring_Test,21,49,0,defect,1.0,lra_q
NetworkRewiring_Test,21,49,1,defect,1.2758620689655173,lra_q
NetworkRewiring_Test,21,49,2,cooperate,0.41379310344827586,lra_q
NetworkRewiring_Test,21,49,3,cooperate,0.0,lra_q
NetworkRewiring_Test,21,49,4,defect,1.2758620689655173,lra_q
NetworkRewiring_Test,21,49,5,cooperate,0.10344827586206896,lra_q
NetworkRewiring_Test,21,49,6,defect,1.4137931034482758,lra_q
NetworkRewiring_Test,21,49,7,defect,1.2758620689655173,lra_q
NetworkRewiring_Test,21,49,8,cooperate,0.10344827586206896,lra_q
NetworkRewiring_Test,21,49,9,cooperate,0.0,lra_q
NetworkRewiring_Test,21,49,10,defect,1.5517241379310345,lra_q
NetworkRewiring_Test,21,49,11,defect,1.4137931034482758,lra_q
NetworkRewiring_Test,21,49,12,cooperate,0.10344827586206896,lra_q
NetworkRewiring_Test,21,49,13,cooperate,0.10344827586206896,lra_q
NetworkRewiring_Test,21,49,14,defect,1.2758620689655173,lra_q
NetworkRewiring_Test,21,49,15,defect,1.5517241379310345,tit_for_tat
NetworkRewiring_Test,21,49,16,cooperate,0.20689655172413793,tit_for_tat
NetworkRewiring_Test,21,49,17,cooperate,0.3103448275862069,tit_for_tat
NetworkRewiring_Test,21,49,18,cooperate,0.3103448275862069,tit_for_tat
NetworkRewiring_Test,21,49,19,cooperate,0.41379310344827586,tit_for_tat
NetworkRewiring_Test,21,49,20,defect,1.4137931034482758,tit_for_tat
NetworkRewiring_Test,21,49,21,cooperate,0.20689655172413793,tit_for_tat
NetworkRewiring_Test,21,49,22,defect,1.2758620689655173,tit_for_tat
NetworkRewiring_Test,21,49,23,cooperate,0.20689655172413793,tit_for_tat
NetworkRewiring_Test,21,49,24,cooperate,0.3103448275862069,tit_for_tat
NetworkRewiring_Test,21,49,25,defect,1.2758620689655173,tit_for_tat
NetworkRewiring_Test,21,49,26,cooperate,0.41379310344827586,tit_for_tat
NetworkRewiring_Test,21,49,27,defect,1.1379310344827587,tit_for_tat
NetworkRewiring_Test,21,49,28,defect,1.2758620689655173,tit_for_tat
NetworkRewiring_Test,21,49,29,cooperate,0.10344827586206896,tit_for_tat
NetworkRewiring_Test,21,50,0,cooperate,0.20689655172413793,lra_q
NetworkRewiring_Test,21,50,1,defect,1.2758620689655173,lra_q
NetworkRewiring_Test,21,50,2,cooperate,0.3103448275862069,lra_q
NetworkRewiring_Test,21,50,3,defect,1.0,lra_q
NetworkRewiring_Test,21,50,4,defect,1.2758620689655173,lra_q
NetworkRewiring_Test,21,50,5,cooperate,0.20689655172413793,lra_q
NetworkRewiring_Test,21,50,6,defect,1.1379310344827587,lra_q
NetworkRewiring_Test,21,50,7,defect,1.4137931034482758,lra_q
NetworkRewiring_Test,21,50,8,cooperate,0.10344827586206896,lra_q
NetworkRewiring_Test,21,50,9,cooperate,0.0,lra_q
NetworkRewiring_Test,21,50,10,defect,1.4137931034482758,lra_q
NetworkRewiring_Test,21,50,11,defect,1.4137931034482758,lra_q
NetworkRewiring_Test,21,50,12,cooperate,0.10344827586206896,lra_q
NetworkRewiring_Test,21,50,13,cooperate,0.10344827586206896,lra_q
NetworkRewiring_Test,21,50,14,defect,1.1379310344827587,lra_q
NetworkRewiring_Test,21,50,15,defect,1.4137931034482758,tit_for_tat
NetworkRewiring_Test,21,50,16,defect,1.1379310344827587,tit_for_tat
NetworkRewiring_Test,21,50,17,defect,1.1379310344827587,tit_for_tat
NetworkRewiring_Test,21,50,18,cooperate,0.10344827586206896,tit_for_tat
NetworkRewiring_Test,21,50,19,defect,1.4137931034482758,tit_for_tat
NetworkRewiring_Test,21,50,20,cooperate,0.20689655172413793,tit_for_tat
NetworkRewiring_Test,21,50,21,defect,1.4137931034482758,tit_for_tat
NetworkRewiring_Test,21,50,22,cooperate,0.3103448275862069,tit_for_tat
NetworkRewiring_Test,21,50,23,cooperate,0.3103448275862069,tit_for_tat
NetworkRewiring_Test,21,50,24,cooperate,0.3103448275862069,tit_for_tat
NetworkRewiring_Test,21,50,25,defect,1.2758620689655173,tit_for_tat
NetworkRewiring_Test,21,50,26,cooperate,0.3103448275862069,tit_for_tat
NetworkRewiring_Test,21,50,27,defect,1.2758620689655173,tit_for_tat
NetworkRewiring_Test,21,50,28,cooperate,0.3103448275862069,tit_for_tat
NetworkRewiring_Test,21,50,29,cooperate,0.20689655172413793,tit_for_tat
NetworkRewiring_Test,21,51,0,defect,1.2758620689655173,lra_q
NetworkRewiring_Test,21,51,1,defect,1.1379310344827587,lra_q
NetworkRewiring_Test,21,51,2,cooperate,0.3103448275862069,lra_q
NetworkRewiring_Test,21,51,3,defect,1.2758620689655173,lra_q
NetworkRewiring_Test,21,51,4,defect,1.2758620689655173,lra_q
NetworkRewiring_Test,21,51,5,defect,1.1379310344827587,lra_q
NetworkRewiring_Test,21,51,6,cooperate,0.10344827586206896,lra_q
NetworkRewiring_Test,21,51,7,defect,1.1379310344827587,lra_q
NetworkRewiring_Test,21,51,8,cooperate,0.10344827586206896,lra_q
NetworkRewiring_Test,21,51,9,cooperate,0.0,lra_q
NetworkRewiring_Test,21,51,10,defect,1.5517241379310345,lra_q
NetworkRewiring_Test,21,51,11,defect,1.4137931034482758,lra_q
NetworkRewiring_Test,21,51,12,cooperate,0.10344827586206896,lra_q
NetworkRewiring_Test,21,51,13,cooperate,0.20689655172413793,lra_q
NetworkRewiring_Test,21,51,14,cooperate,0.10344827586206896,lra_q
NetworkRewiring_Test,21,51,15,defect,1.4137931034482758,tit_for_tat
NetworkRewiring_Test,21,51,16,defect,1.1379310344827587,tit_for_tat
NetworkRewiring_Test,21,51,17,defect,1.2758620689655173,tit_for_tat
NetworkRewiring_Test,21,51,18,defect,1.2758620689655173,tit_for_tat
NetworkRewiring_Test,21,51,19,cooperate,0.20689655172413793,tit_for_tat
NetworkRewiring_Test,21,51,20,cooperate,0.20689655172413793,tit_for_tat
NetworkRewiring_Test,21,51,21,cooperate,0.3103448275862069,tit_for_tat
NetworkRewiring_Test,21,51,22,defect,1.4137931034482758,tit_for_tat
NetworkRewiring_Test,21,51,23,cooperate,0.20689655172413793,tit_for_tat
NetworkRewiring_Test,21,51,24,cooperate,0.20689655172413793,tit_for_tat
NetworkRewiring_Test,21,51,25,cooperate,0.10344827586206896,tit_for_tat
NetworkRewiring_Test,21,51,26,defect,1.4137931034482758,tit_for_tat
NetworkRewiring_Test,21,51,27,cooperate,0.20689655172413793,tit_for_tat
NetworkRewiring_Test,21,51,28,cooperate,0.10344827586206896,tit_for_tat
NetworkRewiring_Test,21,51,29,defect,1.5517241379310345,tit_for_tat
NetworkRewiring_Test,21,52,0,defect,1.2758620689655173,lra_q
NetworkRewiring_Test,21,52,1,cooperate,0.20689655172413793,lra_q
NetworkRewiring_Test,21,52,2,cooperate,0.41379310344827586,lra_q
NetworkRewiring_Test,21,52,3,cooperate,0.3103448275862069,lra_q
NetworkRewiring_Test,21,52,4,defect,1.4137931034482758,lra_q
NetworkRewiring_Test,21,52,5,cooperate,0.10344827586206896,lra_q
NetworkRewiring_Test,21,52,6,cooperate,0.20689655172413793,lra_q
NetworkRewiring_Test,21,52,7,defect,1.2758620689655173,lra_q
NetworkRewiring_Test,21,52,8,cooperate,0.20689655172413793,lra_q
NetworkRewiring_Test,21,52,9,cooperate,0.0,lra_q
NetworkRewiring_Test,21,52,10,defect,1.6896551724137931,lra_q
NetworkRewiring_Test,21,52,11,defect,1.2758620689655173,lra_q
NetworkRewiring_Test,21,52,12,cooperate,0.10344827586206896,lra_q
NetworkRewiring_Test,21,52,13,defect,1.4137931034482758,lra_q
NetworkRewiring_Test,21,52,14,cooperate,0.20689655172413793,lra_q
NetworkRewiring_Test,21,52,15,cooperate,0.3103448275862069,tit_for_tat
NetworkRewiring_Test,21,52,16,defect,1.4137931034482758,tit_for_tat
NetworkRewiring_Test,21,52,17,cooperate,0.3103448275862069,tit_for_tat
NetworkRewiring_Test,21,52,18,defect,1.4137931034482758,tit_for_tat
NetworkRewiring_Test,21,52,19,cooperate,0.41379310344827586,tit_for_tat
NetworkRewiring_Test,21,52,20,cooperate,0.20689655172413793,tit_for_tat
NetworkRewiring_Test,21,52,21,cooperate,0.3103448275862069,tit_for_tat
NetworkRewiring_Test,21,52,22,defect,1.4137931034482758,tit_for_tat
NetworkRewiring_Test,21,52,23,defect,1.2758620689655173,tit_for_tat
NetworkRewiring_Test,21,52,24,cooperate,0.20689655172413793,tit_for_tat
NetworkRewiring_Test,21,52,25,cooperate,0.20689655172413793,tit_for_tat
NetworkRewiring_Test,21,52,26,cooperate,0.41379310344827586,tit_for_tat
NetworkRewiring_Test,21,52,27,defect,1.2758620689655173,tit_for_tat
NetworkRewiring_Test,21,52,28,defect,1.2758620689655173,tit_for_tat
NetworkRewiring_Test,21,52,29,cooperate,0.20689655172413793,tit_for_tat
NetworkRewiring_Test,21,53,0,defect,1.1379310344827587,lra_q
NetworkRewiring_Test,21,53,1,defect,1.1379310344827587,lra_q
NetworkRewiring_Test,21,53,2,cooperate,0.3103448275862069,lra_q
NetworkRewiring_Test,21,53,3,defect,1.1379310344827587,lra_q
NetworkRewiring_Test,21,53,4,defect,1.2758620689655173,lra_q
NetworkRewiring_Test,21,53,5,cooperate,0.20689655172413793,lra_q
NetworkRewiring_Test,21,53,6,cooperate,0.20689655172413793,lra_q
NetworkRewiring_Test,21,53,7,defect,1.1379310344827587,lra_q
NetworkRewiring_Test,21,53,8,cooperate,0.3103448275862069,lra_q
NetworkRewiring_Test,21,53,9,defect,1.1379310344827587,lra_q
NetworkRewiring_Test,21,53,10,cooperate,0.20689655172413793,lra_q
NetworkRewiring_Test,21,53,11,defect,1.1379310344827587,lra_q
NetworkRewiring_Test,21,53,12,defect,1.2758620689655173,lra_q
NetworkRewiring_Test,21,53,13,cooperate,0.10344827586206896,lra_q
NetworkRewiring_Test,21,53,14,defect,1.4137931034482758,lra_q
NetworkRewiring_Test,21,53,15,cooperate,0.41379310344827586,tit_for_tat
NetworkRewiring_Test,21,53,16,cooperate,0.41379310344827586,tit_for_tat
NetworkRewiring_Test,21,53,17,cooperate,0.41379310344827586,tit_for_tat
NetworkRewiring_Test,21,53,18,cooperate,0.3103448275862069,tit_for_tat
NetworkRewiring_Test,21,53,19,cooperate,0.3103448275862069,tit_for_tat
NetworkRewiring_Test,21,53,20,defect,1.4137931034482758,tit_for_tat
NetworkRewiring_Test,21,53,21,defect,1.5517241379310345,tit_for_tat
NetworkRewiring_Test,21,53,22,cooperate,0.20689655172413793,tit_for_tat
NetworkRewiring_Test,21,53,23,cooperate,0.3103448275862069,tit_for_tat
NetworkRewiring_Test,21,53,24,cooperate,0.3103448275862069,tit_for_tat
NetworkRewiring_Test,21,53,25,defect,1.2758620689655173,tit_for_tat
NetworkRewiring_Test,21,53,26,cooperate,0.41379310344827586,tit_for_tat
NetworkRewiring_Test,21,53,27,defect,1.1379310344827587,tit_for_tat
NetworkRewiring_Test,21,53,28,defect,1.2758620689655173,tit_for_tat
NetworkRewiring_Test,21,53,29,cooperate,0.10344827586206896,tit_for_tat
NetworkRewiring_Test,21,54,0,cooperate,0.3103448275862069,lra_q
NetworkRewiring_Test,21,54,1,cooperate,0.3103448275862069,lra_q
NetworkRewiring_Test,21,54,2,cooperate,0.41379310344827586,lra_q
NetworkRewiring_Test,21,54,3,cooperate,0.3103448275862069,lra_q
NetworkRewiring_Test,21,54,4,defect,1.2758620689655173,lra_q
NetworkRewiring_Test,21,54,5,defect,1.2758620689655173,lra_q
NetworkRewiring_Test,21,54,6,cooperate,0.3103448275862069,lra_q
NetworkRewiring_Test,21,54,7,defect,1.2758620689655173,lra_q
NetworkRewiring_Test,21,54,8,cooperate,0.20689655172413793,lra_q
NetworkRewiring_Test,21,54,9,cooperate,0.10344827586206896,lra_q
NetworkRewiring_Test,21,54,10,cooperate,0.3103448275862069,lra_q
NetworkRewiring_Test,21,54,11,defect,1.4137931034482758,lra_q
NetworkRewiring_Test,21,54,12,cooperate,0.10344827586206896,lra_q
NetworkRewiring_Test,21,54,13,cooperate,0.20689655172413793,lra_q
NetworkRewiring_Test,21,54,14,cooperate,0.20689655172413793,lra_q
NetworkRewiring_Test,21,54,15,defect,1.8275862068965516,tit_for_tat
NetworkRewiring_Test,21,54,16,cooperate,0.3103448275862069,tit_for_tat
NetworkRewiring_Test,21,54,17,cooperate,0.41379310344827586,tit_for_tat
NetworkRewiring_Test,21,54,18,cooperate,0.41379310344827586,tit_for_tat
NetworkRewiring_Test,21,54,19,cooperate,0.41379310344827586,tit_for_tat
NetworkRewiring_Test,21,54,20,cooperate,0.3103448275862069,tit_for_tat
NetworkRewiring_Test,21,54,21,defect,1.6896551724137931,tit_for_tat
NetworkRewiring_Test,21,54,22,cooperate,0.3103448275862069,tit_for_tat
NetworkRewiring_Test,21,54,23,cooperate,0.3103448275862069,tit_for_tat
NetworkRewiring_Test,21,54,24,cooperate,0.3103448275862069,tit_for_tat
NetworkRewiring_Test,21,54,25,cooperate,0.3103448275862069,tit_for_tat
NetworkRewiring_Test,21,54,26,cooperate,0.3103448275862069,tit_for_tat
NetworkRewiring_Test,21,54,27,defect,1.1379310344827587,tit_for_tat
NetworkRewiring_Test,21,54,28,defect,1.1379310344827587,tit_for_tat
NetworkRewiring_Test,21,54,29,defect,1.2758620689655173,tit_for_tat
NetworkRewiring_Test,21,55,0,cooperate,0.20689655172413793,lra_q
NetworkRewiring_Test,21,55,1,defect,1.2758620689655173,lra_q
NetworkRewiring_Test,21,55,2,cooperate,0.41379310344827586,lra_q
NetworkRewiring_Test,21,55,3,defect,1.2758620689655173,lra_q
NetworkRewiring_Test,21,55,4,defect,1.2758620689655173,lra_q
NetworkRewiring_Test,21,55,5,defect,1.1379310344827587,lra_q
NetworkRewiring_Test,21,55,6,cooperate,0.20689655172413793,lra_q
NetworkRewiring_Test,21,55,7,defect,1.2758620689655173,lra_q
NetworkRewiring_Test,21,55,8,cooperate,0.10344827586206896,lra_q
NetworkRewiring_Test,21,55,9,cooperate,0.0,lra_q
NetworkRewiring_Test,21,55,10,defect,1.5517241379310345,lra_q
NetworkRewiring_Test,21,55,11,defect,1.1379310344827587,lra_q
NetworkRewiring_Test,21,55,12,defect,1.1379310344827587,lra_q
NetworkRewiring_Test,21,55,13,defect,1.1379310344827587,lra_q
NetworkRewiring_Test,21,55,14,defect,1.2758620689655173,lra_q
NetworkRewiring_Test,21,55,15,cooperate,0.3103448275862069,tit_for_tat
NetworkRewiring_Test,21,55,16,cooperate,0.41379310344827586,tit_for_tat
NetworkRewiring_Test,21,55,17,cooperate,0.41379310344827586,tit_for_tat
NetworkRewiring_Test,21,55,18,cooperate,0.3103448275862069,tit_for_tat
NetworkRewiring_Test,21,55,19,cooperate,0.41379310344827586,tit_for_tat
NetworkRewiring_Test,21,55,20,defect,1.5517241379310345,tit_for_tat
NetworkRewiring_Test,21,55,21,cooperate,0.3103448275862069,tit_for_tat
NetworkRewiring_Test,21,55,22,cooperate,0.41379310344827586,tit_for_tat
NetworkRewiring_Test,21,55,23,cooperate,0.3103448275862069,tit_for_tat
NetworkRewiring_Test,21,55,24,cooperate,0.3103448275862069,tit_for_tat
NetworkRewiring_Test,21,55,25,cooperate,0.20689655172413793,tit_for_tat
NetworkRewiring_Test,21,55,26,cooperate,0.3103448275862069,tit_for_tat
NetworkRewiring_Test,21,55,27,cooperate,0.10344827586206896,tit_for_tat
NetworkRewiring_Test,21,55,28,defect,1.2758620689655173,tit_for_tat
NetworkRewiring_Test,21,55,29,defect,1.4137931034482758,tit_for_tat
NetworkRewiring_Test,21,56,0,defect,1.2758620689655173,lra_q
NetworkRewiring_Test,21,56,1,defect,1.2758620689655173,lra_q
NetworkRewiring_Test,21,56,2,cooperate,0.3103448275862069,lra_q
NetworkRewiring_Test,21,56,3,cooperate,0.20689655172413793,lra_q
NetworkRewiring_Test,21,56,4,cooperate,0.3103448275862069,lra_q
NetworkRewiring_Test,21,56,5,cooperate,0.20689655172413793,lra_q
NetworkRewiring_Test,21,56,6,cooperate,0.3103448275862069,lra_q
NetworkRewiring_Test,21,56,7,defect,1.1379310344827587,lra_q
NetworkRewiring_Test,21,56,8,cooperate,0.20689655172413793,lra_q
NetworkRewiring_Test,21,56,9,defect,1.0,lra_q
NetworkRewiring_Test,21,56,10,defect,1.4137931034482758,lra_q
NetworkRewiring_Test,21,56,11,defect,1.1379310344827587,lra_q
NetworkRewiring_Test,21,56,12,defect,1.2758620689655173,lra_q
NetworkRewiring_Test,21,56,13,cooperate,0.10344827586206896,lra_q
NetworkRewiring_Test,21,56,14,defect,1.4137931034482758,lra_q
NetworkRewiring_Test,21,56,15,cooperate,0.3103448275862069,tit_for_tat
NetworkRewiring_Test,21,56,16,cooperate,0.41379310344827586,tit_for_tat
NetworkRewiring_Test,21,56,17,cooperate,0.3103448275862069,tit_for_tat
NetworkRewiring_Test,21,56,18,cooperate,0.3103448275862069,tit_for_tat
NetworkRewiring_Test,21,56,19,defect,1.4137931034482758,tit_for_tat
NetworkRewiring_Test,21,56,20,cooperate,0.10344827586206896,tit_for_tat
NetworkRewiring_Test,21,56,21,defect,1.2758620689655173,tit_for_tat
NetworkRewiring_Test,21,56,22,defect,1.4137931034482758,tit_for_tat
NetworkRewiring_Test,21,56,23,cooperate,0.20689655172413793,tit_for_tat
NetworkRewiring_Test,21,56,24,cooperate,0.20689655172413793,tit_for_tat
NetworkRewiring_Test,21,56,25,cooperate,0.3103448275862069,tit_for_tat
NetworkRewiring_Test,21,56,26,defect,1.4137931034482758,tit_for_tat
NetworkRewiring_Test,21,56,27,defect,1.4137931034482758,tit_for_tat
NetworkRewiring_Test,21,56,28,cooperate,0.20689655172413793,tit_for_tat
NetworkRewiring_Test,21,56,29,cooperate,0.3103448275862069,tit_for_tat
NetworkRewiring_Test,21,57,0,defect,1.1379310344827587,lra_q
NetworkRewiring_Test,21,57,1,defect,1.2758620689655173,lra_q
NetworkRewiring_Test,21,57,2,cooperate,0.3103448275862069,lra_q
NetworkRewiring_Test,21,57,3,cooperate,0.0,lra_q
NetworkRewiring_Test,21,57,4,defect,1.1379310344827587,lra_q
NetworkRewiring_Test,21,57,5,defect,1.1379310344827587,lra_q
NetworkRewiring_Test,21,57,6,defect,1.4137931034482758,lra_q
NetworkRewiring_Test,21,57,7,defect,1.0,lra_q
NetworkRewiring_Test,21,57,8,cooperate,0.10344827586206896,lra_q
NetworkRewiring_Test,21,57,9,defect,1.0,lra_q
NetworkRewiring_Test,21,57,10,defect,1.1379310344827587,lra_q
NetworkRewiring_Test,21,57,11,defect,1.2758620689655173,lra_q
NetworkRewiring_Test,21,57,12,cooperate,0.20689655172413793,lra_q
NetworkRewiring_Test,21,57,13,cooperate,0.3103448275862069,lra_q
NetworkRewiring_Test,21,57,14,cooperate,0.3103448275862069,lra_q
NetworkRewiring_Test,21,57,15,cooperate,0.6206896551724138,tit_for_tat
NetworkRewiring_Test,21,57,16,cooperate,0.3103448275862069,tit_for_tat
NetworkRewiring_Test,21,57,17,cooperate,0.5172413793103449,tit_for_tat
NetworkRewiring_Test,21,57,18,cooperate,0.41379310344827586,tit_for_tat
NetworkRewiring_Test,21,57,19,cooperate,0.41379310344827586,tit_for_tat
NetworkRewiring_Test,21,57,20,cooperate,0.3103448275862069,tit_for_tat
NetworkRewiring_Test,21,57,21,defect,1.5517241379310345,tit_for_tat
NetworkRewiring_Test,21,57,22,cooperate,0.3103448275862069,tit_for_tat
NetworkRewiring_Test,21,57,23,cooperate,0.3103448275862069,tit_for_tat
NetworkRewiring_Test,21,57,24,cooperate,0.3103448275862069,tit_for_tat
NetworkRewiring_Test,21,57,25,defect,1.4137931034482758,tit_for_tat
NetworkRewiring_Test,21,57,26,cooperate,0.3103448275862069,tit_for_tat
NetworkRewiring_Test,21,57,27,cooperate,0.10344827586206896,tit_for_tat
NetworkRewiring_Test,21,57,28,defect,1.2758620689655173,tit_for_tat
NetworkRewiring_Test,21,57,29,cooperate,0.20689655172413793,tit_for_tat
NetworkRewiring_Test,21,58,0,cooperate,0.3103448275862069,lra_q
NetworkRewiring_Test,21,58,1,defect,1.2758620689655173,lra_q
NetworkRewiring_Test,21,58,2,cooperate,0.5172413793103449,lra_q
NetworkRewiring_Test,21,58,3,defect,1.1379310344827587,lra_q
NetworkRewiring_Test,21,58,4,cooperate,0.3103448275862069,lra_q
NetworkRewiring_Test,21,58,5,cooperate,0.5172413793103449,lra_q
NetworkRewiring_Test,21,58,6,defect,1.1379310344827587,lra_q
NetworkRewiring_Test,21,58,7,cooperate,0.20689655172413793,lra_q
NetworkRewiring_Test,21,58,8,cooperate,0.20689655172413793,lra_q
NetworkRewiring_Test,21,58,9,defect,1.2758620689655173,lra_q
NetworkRewiring_Test,21,58,10,cooperate,0.41379310344827586,lra_q
NetworkRewiring_Test,21,58,11,defect,1.2758620689655173,lra_q
NetworkRewiring_Test,21,58,12,cooperate,0.20689655172413793,lra_q
NetworkRewiring_Test,21,58,13,cooperate,0.3103448275862069,lra_q
NetworkRewiring_Test,21,58,14,cooperate,0.3103448275862069,lra_q
NetworkRewiring_Test,21,58,15,cooperate,0.41379310344827586,tit_for_tat
NetworkRewiring_Test,21,58,16,defect,1.4137931034482758,tit_for_tat
NetworkRewiring_Test,21,58,17,cooperate,0.41379310344827586,tit_for_tat
NetworkRewiring_Test,21,58,18,cooperate,0.3103448275862069,tit_for_tat
NetworkRewiring_Test,21,58,19,cooperate,0.5172413793103449,tit_for_tat
NetworkRewiring_Test,21,58,20,cooperate,0.3103448275862069,tit_for_tat
NetworkRewiring_Test,21,58,21,cooperate,0.41379310344827586,tit_for_tat
NetworkRewiring_Test,21,58,22,defect,1.6896551724137931,tit_for_tat
NetworkRewiring_Test,21,58,23,cooperate,0.20689655172413793,tit_for_tat
NetworkRewiring_Test,21,58,24,cooperate,0.3103448275862069,tit_for_tat
NetworkRewiring_Test,21,58,25,cooperate,0.41379310344827586,tit_for_tat
NetworkRewiring_Test,21,58,26,cooperate,0.41379310344827586,tit_for_tat
NetworkRewiring_Test,21,58,27,defect,1.4137931034482758,tit_for_tat
NetworkRewiring_Test,21,58,28,cooperate,0.3103448275862069,tit_for_tat
NetworkRewiring_Test,21,58,29,cooperate,0.3103448275862069,tit_for_tat
NetworkRewiring_Test,21,59,0,defect,1.4137931034482758,lra_q
NetworkRewiring_Test,21,59,1,defect,1.2758620689655173,lra_q
NetworkRewiring_Test,21,59,2,cooperate,0.3103448275862069,lra_q
NetworkRewiring_Test,21,59,3,cooperate,0.20689655172413793,lra_q
NetworkRewiring_Test,21,59,4,defect,1.4137931034482758,lra_q
NetworkRewiring_Test,21,59,5,cooperate,0.20689655172413793,lra_q
NetworkRewiring_Test,21,59,6,cooperate,0.20689655172413793,lra_q
NetworkRewiring_Test,21,59,7,defect,1.1379310344827587,lra_q
NetworkRewiring_Test,21,59,8,cooperate,0.10344827586206896,lra_q
NetworkRewiring_Test,21,59,9,defect,1.0,lra_q
NetworkRewiring_Test,21,59,10,defect,1.5517241379310345,lra_q
NetworkRewiring_Test,21,59,11,defect,1.2758620689655173,lra_q
NetworkRewiring_Test,21,59,12,cooperate,0.20689655172413793,lra_q
NetworkRewiring_Test,21,59,13,cooperate,0.3103448275862069,lra_q
NetworkRewiring_Test,21,59,14,cooperate,0.3103448275862069,lra_q
NetworkRewiring_Test,21,59,15,cooperate,0.5172413793103449,tit_for_tat
NetworkRewiring_Test,21,59,16,defect,1.4137931034482758,tit_for_tat
NetworkRewiring_Test,21,59,17,cooperate,0.3103448275862069,tit_for_tat
NetworkRewiring_Test,21,59,18,defect,1.4137931034482758,tit_for_tat
NetworkRewiring_Test,21,59,19,cooperate,0.41379310344827586,tit_for_tat
NetworkRewiring_Test,21,59,20,cooperate,0.3103448275862069,tit_for_tat
NetworkRewiring_Test,21,59,21,cooperate,0.41379310344827586,tit_for_tat
NetworkRewiring_Test,21,59,22,cooperate,0.3103448275862069,tit_for_tat
NetworkRewiring_Test,21,59,23,defect,1.4137931034482758,tit_for_tat
NetworkRewiring_Test,21,59,24,cooperate,0.20689655172413793,tit_for_tat
NetworkRewiring_Test,21,59,25,cooperate,0.20689655172413793,tit_for_tat
NetworkRewiring_Test,21,59,26,cooperate,0.41379310344827586,tit_for_tat
NetworkRewiring_Test,21,59,27,cooperate,0.20689655172413793,tit_for_tat
NetworkRewiring_Test,21,59,28,cooperate,0.20689655172413793,tit_for_tat
NetworkRewiring_Test,21,59,29,defect,1.5517241379310345,tit_for_tat
NetworkRewiring_Test,21,60,0,defect,1.2758620689655173,lra_q
NetworkRewiring_Test,21,60,1,defect,1.2758620689655173,lra_q
NetworkRewiring_Test,21,60,2,cooperate,0.41379310344827586,lra_q
NetworkRewiring_Test,21,60,3,cooperate,0.20689655172413793,lra_q
NetworkRewiring_Test,21,60,4,defect,1.2758620689655173,lra_q
NetworkRewiring_Test,21,60,5,defect,1.2758620689655173,lra_q
NetworkRewiring_Test,21,60,6,cooperate,0.3103448275862069,lra_q
NetworkRewiring_Test,21,60,7,defect,1.0,lra_q
NetworkRewiring_Test,21,60,8,cooperate,0.20689655172413793,lra_q
NetworkRewiring_Test,21,60,9,defect,1.0,lra_q
NetworkRewiring_Test,21,60,10,defect,1.4137931034482758,lra_q
NetworkRewiring_Test,21,60,11,defect,1.2758620689655173,lra_q
NetworkRewiring_Test,21,60,12,cooperate,0.20689655172413793,lra_q
NetworkRewiring_Test,21,60,13,cooperate,0.3103448275862069,lra_q
NetworkRewiring_Test,21,60,14,cooperate,0.3103448275862069,lra_q
NetworkRewiring_Test,21,60,15,cooperate,0.5172413793103449,tit_for_tat
NetworkRewiring_Test,21,60,16,cooperate,0.41379310344827586,tit_for_tat
NetworkRewiring_Test,21,60,17,cooperate,0.41379310344827586,tit_for_tat
NetworkRewiring_Test,21,60,18,cooperate,0.3103448275862069,tit_for_tat
NetworkRewiring_Test,21,60,19,defect,1.6896551724137931,tit_for_tat
NetworkRewiring_Test,21,60,20,cooperate,0.20689655172413793,tit_for_tat
NetworkRewiring_Test,21,60,21,cooperate,0.20689655172413793,tit_for_tat
NetworkRewiring_Test,21,60,22,defect,1.5517241379310345,tit_for_tat
NetworkRewiring_Test,21,60,23,cooperate,0.20689655172413793,tit_for_tat
NetworkRewiring_Test,21,60,24,cooperate,0.3103448275862069,tit_for_tat
NetworkRewiring_Test,21,60,25,cooperate,0.3103448275862069,tit_for_tat
NetworkRewiring_Test,21,60,26,cooperate,0.20689655172413793,tit_for_tat
NetworkRewiring_Test,21,60,27,cooperate,0.3103448275862069,tit_for_tat
NetworkRewiring_Test,21,60,28,cooperate,0.20689655172413793,tit_for_tat
NetworkRewiring_Test,21,60,29,cooperate,0.41379310344827586,tit_for_tat
NetworkRewiring_Test,21,61,0,defect,1.5517241379310345,lra_q
NetworkRewiring_Test,21,61,1,defect,1.2758620689655173,lra_q
NetworkRewiring_Test,21,61,2,cooperate,0.5172413793103449,lra_q
NetworkRewiring_Test,21,61,3,cooperate,0.10344827586206896,lra_q
NetworkRewiring_Test,21,61,4,defect,1.1379310344827587,lra_q
NetworkRewiring_Test,21,61,5,defect,1.4137931034482758,lra_q
NetworkRewiring_Test,21,61,6,defect,1.4137931034482758,lra_q
NetworkRewiring_Test,21,61,7,cooperate,0.0,lra_q
NetworkRewiring_Test,21,61,8,cooperate,0.10344827586206896,lra_q
NetworkRewiring_Test,21,61,9,defect,1.1379310344827587,lra_q
NetworkRewiring_Test,21,61,10,defect,1.4137931034482758,lra_q
NetworkRewiring_Test,21,61,11,defect,1.2758620689655173,lra_q
NetworkRewiring_Test,21,61,12,cooperate,0.20689655172413793,lra_q
NetworkRewiring_Test,21,61,13,cooperate,0.3103448275862069,lra_q
NetworkRewiring_Test,21,61,14,cooperate,0.3103448275862069,lra_q
NetworkRewiring_Test,21,61,15,cooperate,0.6206896551724138,tit_for_tat
NetworkRewiring_Test,21,61,16,cooperate,0.41379310344827586,tit_for_tat
NetworkRewiring_Test,21,61,17,cooperate,0.5172413793103449,tit_for_tat
NetworkRewiring_Test,21,61,18,cooperate,0.3103448275862069,tit_for_tat
NetworkRewiring_Test,21,61,19,cooperate,0.41379310344827586,tit_for_tat
NetworkRewiring_Test,21,61,20,defect,1.5517241379310345,tit_for_tat
NetworkRewiring_Test,21,61,21,cooperate,0.3103448275862069,tit_for_tat
NetworkRewiring_Test,21,61,22,cooperate,0.3103448275862069,tit_for_tat
NetworkRewiring_Test,21,61,23,cooperate,0.3103448275862069,tit_for_tat
NetworkRewiring_Test,21,61,24,cooperate,0.3103448275862069,tit_for_tat
NetworkRewiring_Test,21,61,25,cooperate,0.3103448275862069,tit_for_tat
NetworkRewiring_Test,21,61,26,cooperate,0.3103448275862069,tit_for_tat
NetworkRewiring_Test,21,61,27,cooperate,0.3103448275862069,tit_for_tat
NetworkRewiring_Test,21,61,28,cooperate,0.20689655172413793,tit_for_tat
NetworkRewiring_Test,21,61,29,cooperate,0.41379310344827586,tit_for_tat
NetworkRewiring_Test,21,62,0,defect,1.2758620689655173,lra_q
NetworkRewiring_Test,21,62,1,defect,1.2758620689655173,lra_q
NetworkRewiring_Test,21,62,2,cooperate,0.5172413793103449,lra_q
NetworkRewiring_Test,21,62,3,cooperate,0.0,lra_q
NetworkRewiring_Test,21,62,4,cooperate,0.10344827586206896,lra_q
NetworkRewiring_Test,21,62,5,cooperate,0.3103448275862069,lra_q
NetworkRewiring_Test,21,62,6,defect,1.4137931034482758,lra_q
NetworkRewiring_Test,21,62,7,cooperate,0.20689655172413793,lra_q
NetworkRewiring_Test,21,62,8,cooperate,0.10344827586206896,lra_q
NetworkRewiring_Test,21,62,9,cooperate,0.20689655172413793,lra_q
NetworkRewiring_Test,21,62,10,defect,1.5517241379310345,lra_q
NetworkRewiring_Test,21,62,11,cooperate,0.3103448275862069,lra_q
NetworkRewiring_Test,21,62,12,cooperate,0.20689655172413793,lra_q
NetworkRewiring_Test,21,62,13,defect,1.4137931034482758,lra_q
NetworkRewiring_Test,21,62,14,cooperate,0.20689655172413793,lra_q
NetworkRewiring_Test,21,62,15,cooperate,0.5172413793103449,tit_for_tat
NetworkRewiring_Test,21,62,16,cooperate,0.3103448275862069,tit_for_tat
NetworkRewiring_Test,21,62,17,cooperate,0.41379310344827586,tit_for_tat
NetworkRewiring_Test,21,62,18,defect,1.5517241379310345,tit_for_tat
NetworkRewiring_Test,21,62,19,cooperate,0.41379310344827586,tit_for_tat
NetworkRewiring_Test,21,62,20,cooperate,0.3103448275862069,tit_for_tat
NetworkRewiring_Test,21,62,21,cooperate,0.41379310344827586,tit_for_tat
NetworkRewiring_Test,21,62,22,cooperate,0.41379310344827586,tit_for_tat
NetworkRewiring_Test,21,62,23,cooperate,0.3103448275862069,tit_for_tat
NetworkRewiring_Test,21,62,24,cooperate,0.3103448275862069,tit_for_tat
NetworkRewiring_Test,21,62,25,defect,1.5517241379310345,tit_for_tat
NetworkRewiring_Test,21,62,26,cooperate,0.5172413793103449,tit_for_tat
NetworkRewiring_Test,21,62,27,cooperate,0.10344827586206896,tit_for_tat
NetworkRewiring_Test,21,62,28,defect,1.4137931034482758,tit_for_tat
NetworkRewiring_Test,21,62,29,cooperate,0.20689655172413793,tit_for_tat
NetworkRewiring_Test,21,63,0,defect,1.2758620689655173,lra_q
NetworkRewiring_Test,21,63,1,defect,1.1379310344827587,lra_q
NetworkRewiring_Test,21,63,2,cooperate,0.5172413793103449,lra_q
NetworkRewiring_Test,21,63,3,defect,1.1379310344827587,lra_q
NetworkRewiring_Test,21,63,4,cooperate,0.10344827586206896,lra_q
NetworkRewiring_Test,21,63,5,defect,1.4137931034482758,lra_q
NetworkRewiring_Test,21,63,6,defect,1.2758620689655173,lra_q
NetworkRewiring_Test,21,63,7,defect,1.0,lra_q
NetworkRewiring_Test,21,63,8,cooperate,0.10344827586206896,lra_q
NetworkRewiring_Test,21,63,9,defect,1.0,lra_q
NetworkRewiring_Test,21,63,10,defect,1.4137931034482758,lra_q
NetworkRewiring_Test,21,63,11,defect,1.2758620689655173,lra_q
NetworkRewiring_Test,21,63,12,cooperate,0.10344827586206896,lra_q
NetworkRewiring_Test,21,63,13,defect,1.2758620689655173,lra_q
NetworkRewiring_Test,21,63,14,defect,1.2758620689655173,lra_q
NetworkRewiring_Test,21,63,15,cooperate,0.3103448275862069,tit_for_tat
NetworkRewiring_Test,21,63,16,cooperate,0.41379310344827586,tit_for_tat
NetworkRewiring_Test,21,63,17,cooperate,0.41379310344827586,tit_for_tat
NetworkRewiring_Test,21,63,18,cooperate,0.41379310344827586,tit_for_tat
NetworkRewiring_Test,21,63,19,cooperate,0.5172413793103449,tit_for_tat
NetworkRewiring_Test,21,63,20,cooperate,0.3103448275862069,tit_for_tat
NetworkRewiring_Test,21,63,21,cooperate,0.3103448275862069,tit_for_tat
NetworkRewiring_Test,21,63,22,defect,1.5517241379310345,tit_for_tat
NetworkRewiring_Test,21,63,23,cooperate,0.20689655172413793,tit_for_tat
NetworkRewiring_Test,21,63,24,cooperate,0.3103448275862069,tit_for_tat
NetworkRewiring_Test,21,63,25,cooperate,0.20689655172413793,tit_for_tat
NetworkRewiring_Test,21,63,26,cooperate,0.3103448275862069,tit_for_tat
NetworkRewiring_Test,21,63,27,defect,1.4137931034482758,tit_for_tat
NetworkRewiring_Test,21,63,28,cooperate,0.10344827586206896,tit_for_tat
NetworkRewiring_Test,21,63,29,cooperate,0.3103448275862069,tit_for_tat
NetworkRewiring_Test,21,64,0,defect,1.5517241379310345,lra_q
NetworkRewiring_Test,21,64,1,cooperate,0.20689655172413793,lra_q
NetworkRewiring_Test,21,64,2,cooperate,0.5172413793103449,lra_q
NetworkRewiring_Test,21,64,3,cooperate,0.3103448275862069,lra_q
NetworkRewiring_Test,21,64,4,cooperate,0.10344827586206896,lra_q
NetworkRewiring_Test,21,64,5,defect,1.4137931034482758,lra_q
NetworkRewiring_Test,21,64,6,cooperate,0.20689655172413793,lra_q
NetworkRewiring_Test,21,64,7,cooperate,0.0,lra_q
NetworkRewiring_Test,21,64,8,cooperate,0.20689655172413793,lra_q
NetworkRewiring_Test,21,64,9,defect,1.1379310344827587,lra_q
NetworkRewiring_Test,21,64,10,defect,1.4137931034482758,lra_q
NetworkRewiring_Test,21,64,11,defect,1.1379310344827587,lra_q
NetworkRewiring_Test,21,64,12,defect,1.1379310344827587,lra_q
NetworkRewiring_Test,21,64,13,cooperate,0.0,lra_q
NetworkRewiring_Test,21,64,14,defect,1.2758620689655173,lra_q
NetworkRewiring_Test,21,64,15,defect,1.4137931034482758,tit_for_tat
NetworkRewiring_Test,21,64,16,defect,1.5517241379310345,tit_for_tat
NetworkRewiring_Test,21,64,17,cooperate,0.20689655172413793,tit_for_tat
NetworkRewiring_Test,21,64,18,cooperate,0.3103448275862069,tit_for_tat
NetworkRewiring_Test,21,64,19,cooperate,0.5172413793103449,tit_for_tat
NetworkRewiring_Test,21,64,20,cooperate,0.41379310344827586,tit_for_tat
NetworkRewiring_Test,21,64,21,cooperate,0.41379310344827586,tit_for_tat
NetworkRewiring_Test,21,64,22,cooperate,0.3103448275862069,tit_for_tat
NetworkRewiring_Test,21,64,23,cooperate,0.3103448275862069,tit_for_tat
NetworkRewiring_Test,21,64,24,cooperate,0.3103448275862069,tit_for_tat
NetworkRewiring_Test,21,64,25,cooperate,0.41379310344827586,tit_for_tat
NetworkRewiring_Test,21,64,26,cooperate,0.3103448275862069,tit_for_tat
NetworkRewiring_Test,21,64,27,cooperate,0.20689655172413793,tit_for_tat
NetworkRewiring_Test,21,64,28,defect,1.2758620689655173,tit_for_tat
NetworkRewiring_Test,21,64,29,cooperate,0.3103448275862069,tit_for_tat
NetworkRewiring_Test,21,65,0,defect,1.4137931034482758,lra_q
NetworkRewiring_Test,21,65,1,defect,1.1379310344827587,lra_q
NetworkRewiring_Test,21,65,2,cooperate,0.41379310344827586,lra_q
NetworkRewiring_Test,21,65,3,defect,1.1379310344827587,lra_q
NetworkRewiring_Test,21,65,4,defect,1.0,lra_q
NetworkRewiring_Test,21,65,5,defect,1.4137931034482758,lra_q
NetworkRewiring_Test,21,65,6,cooperate,0.20689655172413793,lra_q
NetworkRewiring_Test,21,65,7,cooperate,0.10344827586206896,lra_q
NetworkRewiring_Test,21,65,8,cooperate,0.20689655172413793,lra_q
NetworkRewiring_Test,21,65,9,cooperate,0.10344827586206896,lra_q
NetworkRewiring_Test,21,65,10,defect,1.2758620689655173,lra_q
NetworkRewiring_Test,21,65,11,defect,1.4137931034482758,lra_q
NetworkRewiring_Test,21,65,12,cooperate,0.20689655172413793,lra_q
NetworkRewiring_Test,21,65,13,cooperate,0.20689655172413793,lra_q
NetworkRewiring_Test,21,65,14,defect,1.4137931034482758,lra_q
NetworkRewiring_Test,21,65,15,cooperate,0.5172413793103449,tit_for_tat
NetworkRewiring_Test,21,65,16,cooperate,0.5172413793103449,tit_for_tat
NetworkRewiring_Test,21,65,17,cooperate,0.41379310344827586,tit_for_tat
NetworkRewiring_Test,21,65,18,cooperate,0.41379310344827586,tit_for_tat
NetworkRewiring_Test,21,65,19,cooperate,0.41379310344827586,tit_for_tat
NetworkRewiring_Test,21,65,20,cooperate,0.3103448275862069,tit_for_tat
NetworkRewiring_Test,21,65,21,defect,1.5517241379310345,tit_for_tat
NetworkRewiring_Test,21,65,22,cooperate,0.3103448275862069,tit_for_tat
NetworkRewiring_Test,21,65,23,cooperate,0.3103448275862069,tit_for_tat
NetworkRewiring_Test,21,65,24,cooperate,0.3103448275862069,tit_for_tat
NetworkRewiring_Test,21,65,25,defect,1.2758620689655173,tit_for_tat
NetworkRewiring_Test,21,65,26,cooperate,0.3103448275862069,tit_for_tat
NetworkRewiring_Test,21,65,27,cooperate,0.20689655172413793,tit_for_tat
NetworkRewiring_Test,21,65,28,cooperate,0.20689655172413793,tit_for_tat
NetworkRewiring_Test,21,65,29,cooperate,0.3103448275862069,tit_for_tat
NetworkRewiring_Test,21,66,0,defect,1.2758620689655173,lra_q
NetworkRewiring_Test,21,66,1,cooperate,0.20689655172413793,lra_q
NetworkRewiring_Test,21,66,2,cooperate,0.6206896551724138,lra_q
NetworkRewiring_Test,21,66,3,cooperate,0.10344827586206896,lra_q
NetworkRewiring_Test,21,66,4,cooperate,0.0,lra_q
NetworkRewiring_Test,21,66,5,defect,1.4137931034482758,lra_q
NetworkRewiring_Test,21,66,6,defect,1.4137931034482758,lra_q
NetworkRewiring_Test,21,66,7,defect,1.1379310344827587,lra_q
NetworkRewiring_Test,21,66,8,cooperate,0.20689655172413793,lra_q
NetworkRewiring_Test,21,66,9,cooperate,0.10344827586206896,lra_q
NetworkRewiring_Test,21,66,10,cooperate,0.3103448275862069,lra_q
NetworkRewiring_Test,21,66,11,defect,1.4137931034482758,lra_q
NetworkRewiring_Test,21,66,12,cooperate,0.20689655172413793,lra_q
NetworkRewiring_Test,21,66,13,cooperate,0.3103448275862069,lra_q
NetworkRewiring_Test,21,66,14,cooperate,0.3103448275862069,lra_q
NetworkRewiring_Test,21,66,15,cooperate,0.6206896551724138,tit_for_tat
NetworkRewiring_Test,21,66,16,cooperate,0.41379310344827586,tit_for_tat
NetworkRewiring_Test,21,66,17,cooperate,0.5172413793103449,tit_for_tat
NetworkRewiring_Test,21,66,18,cooperate,0.3103448275862069,tit_for_tat
NetworkRewiring_Test,21,66,19,cooperate,0.41379310344827586,tit_for_tat
NetworkRewiring_Test,21,66,20,defect,1.5517241379310345,tit_for_tat
NetworkRewiring_Test,21,66,21,cooperate,0.41379310344827586,tit_for_tat
NetworkRewiring_Test,21,66,22,cooperate,0.3103448275862069,tit_for_tat
NetworkRewiring_Test,21,66,23,cooperate,0.3103448275862069,tit_for_tat
NetworkRewiring_Test,21,66,24,cooperate,0.3103448275862069,tit_for_tat
NetworkRewiring_Test,21,66,25,defect,1.5517241379310345,tit_for_tat
NetworkRewiring_Test,21,66,26,cooperate,0.3103448275862069,tit_for_tat
NetworkRewiring_Test,21,66,27,defect,1.1379310344827587,tit_for_tat
NetworkRewiring_Test,21,66,28,defect,1.1379310344827587,tit_for_tat
NetworkRewiring_Test,21,66,29,cooperate,0.10344827586206896,tit_for_tat
NetworkRewiring_Test,21,67,0,defect,1.1379310344827587,lra_q
NetworkRewiring_Test,21,67,1,defect,1.2758620689655173,lra_q
NetworkRewiring_Test,21,67,2,cooperate,0.5172413793103449,lra_q
NetworkRewiring_Test,21,67,3,cooperate,0.0,lra_q
NetworkRewiring_Test,21,67,4,cooperate,0.0,lra_q
NetworkRewiring_Test,21,67,5,defect,1.2758620689655173,lra_q
NetworkRewiring_Test,21,67,6,defect,1.4137931034482758,lra_q
NetworkRewiring_Test,21,67,7,defect,1.1379310344827587,lra_q
NetworkRewiring_Test,21,67,8,cooperate,0.0,lra_q
NetworkRewiring_Test,21,67,9,cooperate,0.0,lra_q
NetworkRewiring_Test,21,67,10,defect,1.4137931034482758,lra_q
NetworkRewiring_Test,21,67,11,defect,1.2758620689655173,lra_q
NetworkRewiring_Test,21,67,12,defect,1.1379310344827587,lra_q
NetworkRewiring_Test,21,67,13,defect,1.2758620689655173,lra_q
NetworkRewiring_Test,21,67,14,cooperate,0.20689655172413793,lra_q
NetworkRewiring_Test,21,67,15,cooperate,0.41379310344827586,tit_for_tat
NetworkRewiring_Test,21,67,16,cooperate,0.41379310344827586,tit_for_tat
NetworkRewiring_Test,21,67,17,cooperate,0.5172413793103449,tit_for_tat
NetworkRewiring_Test,21,67,18,cooperate,0.41379310344827586,tit_for_tat
NetworkRewiring_Test,21,67,19,cooperate,0.5172413793103449,tit_for_tat
NetworkRewiring_Test,21,67,20,cooperate,0.41379310344827586,tit_for_tat
NetworkRewiring_Test,21,67,21,cooperate,0.41379310344827586,tit_for_tat
NetworkRewiring_Test,21,67,22,cooperate,0.41379310344827586,tit_for_tat
NetworkRewiring_Test,21,67,23,cooperate,0.3103448275862069,tit_for_tat
NetworkRewiring_Test,21,67,24,cooperate,0.3103448275862069,tit_for_tat
NetworkRewiring_Test,21,67,25,defect,1.2758620689655173,tit_for_tat
NetworkRewiring_Test,21,67,26,cooperate,0.3103448275862069,tit_for_tat
NetworkRewiring_Test,21,67,27,defect,1.0,tit_for_tat
NetworkRewiring_Test,21,67,28,defect,1.0,tit_for_tat
NetworkRewiring_Test,21,67,29,defect,1.1379310344827587,tit_for_tat
NetworkRewiring_Test,21,68,0,cooperate,0.20689655172413793,lra_q
NetworkRewiring_Test,21,68,1,defect,1.2758620689655173,lra_q
NetworkRewiring_Test,21,68,2,cooperate,0.41379310344827586,lra_q
NetworkRewiring_Test,21,68,3,defect,1.0,lra_q
NetworkRewiring_Test,21,68,4,cooperate,0.10344827586206896,lra_q
NetworkRewiring_Test,21,68,5,cooperate,0.3103448275862069,lra_q
NetworkRewiring_Test,21,68,6,defect,1.1379310344827587,lra_q
NetworkRewiring_Test,21,68,7,cooperate,0.3103448275862069,lra_q
NetworkRewiring_Test,21,68,8,cooperate,0.0,lra_q
NetworkRewiring_Test,21,68,9,cooperate,0.10344827586206896,lra_q
NetworkRewiring_Test,21,68,10,defect,1.5517241379310345,lra_q
NetworkRewiring_Test,21,68,11,defect,1.2758620689655173,lra_q
NetworkRewiring_Test,21,68,12,defect,1.2758620689655173,lra_q
NetworkRewiring_Test,21,68,13,cooperate,0.10344827586206896,lra_q
NetworkRewiring_Test,21,68,14,defect,1.4137931034482758,lra_q
NetworkRewiring_Test,21,68,15,cooperate,0.3103448275862069,tit_for_tat
NetworkRewiring_Test,21,68,16,defect,1.5517241379310345,tit_for_tat
NetworkRewiring_Test,21,68,17,cooperate,0.3103448275862069,tit_for_tat
NetworkRewiring_Test,21,68,18,cooperate,0.3103448275862069,tit_for_tat
NetworkRewiring_Test,21,68,19,cooperate,0.5172413793103449,tit_for_tat
NetworkRewiring_Test,21,68,20,cooperate,0.41379310344827586,tit_for_tat
NetworkRewiring_Test,21,68,21,cooperate,0.41379310344827586,tit_for_tat
NetworkRewiring_Test,21,68,22,cooperate,0.5172413793103449,tit_for_tat
NetworkRewiring_Test,21,68,23,cooperate,0.3103448275862069,tit_for_tat
NetworkRewiring_Test,21,68,24,cooperate,0.3103448275862069,tit_for_tat
NetworkRewiring_Test,21,68,25,defect,1.2758620689655173,tit_for_tat
NetworkRewiring_Test,21,68,26,cooperate,0.41379310344827586,tit_for_tat
NetworkRewiring_Test,21,68,27,defect,1.0,tit_for_tat
NetworkRewiring_Test,21,68,28,defect,1.2758620689655173,tit_for_tat
NetworkRewiring_Test,21,68,29,defect,1.1379310344827587,tit_for_tat
NetworkRewiring_Test,21,69,0,defect,1.4137931034482758,lra_q
NetworkRewiring_Test,21,69,1,defect,1.1379310344827587,lra_q
NetworkRewiring_Test,21,69,2,cooperate,0.5172413793103449,lra_q
NetworkRewiring_Test,21,69,3,defect,1.2758620689655173,lra_q
NetworkRewiring_Test,21,69,4,defect,1.1379310344827587,lra_q
NetworkRewiring_Test,21,69,5,defect,1.2758620689655173,lra_q
NetworkRewiring_Test,21,69,6,cooperate,0.20689655172413793,lra_q
NetworkRewiring_Test,21,69,7,defect,1.1379310344827587,lra_q
NetworkRewiring_Test,21,69,8,cooperate,0.10344827586206896,lra_q
NetworkRewiring_Test,21,69,9,cooperate,0.0,lra_q
NetworkRewiring_Test,21,69,10,defect,1.5517241379310345,lra_q
NetworkRewiring_Test,21,69,11,defect,1.4137931034482758,lra_q
NetworkRewiring_Test,21,69,12,cooperate,0.20689655172413793,lra_q
NetworkRewiring_Test,21,69,13,cooperate,0.3103448275862069,lra_q
NetworkRewiring_Test,21,69,14,cooperate,0.3103448275862069,lra_q
NetworkRewiring_Test,21,69,15,cooperate,0.6206896551724138,tit_for_tat
NetworkRewiring_Test,21,69,16,cooperate,0.5172413793103449,tit_for_tat
NetworkRewiring_Test,21,69,17,cooperate,0.5172413793103449,tit_for_tat
NetworkRewiring_Test,21,69,18,cooperate,0.41379310344827586,tit_for_tat
NetworkRewiring_Test,21,69,19,cooperate,0.5172413793103449,tit_for_tat
NetworkRewiring_Test,21,69,20,cooperate,0.41379310344827586,tit_for_tat
NetworkRewiring_Test,21,69,21,cooperate,0.41379310344827586,tit_for_tat
NetworkRewiring_Test,21,69,22,cooperate,0.41379310344827586,tit_for_tat
NetworkRewiring_Test,21,69,23,cooperate,0.3103448275862069,tit_for_tat
NetworkRewiring_Test,21,69,24,cooperate,0.3103448275862069,tit_for_tat
NetworkRewiring_Test,21,69,25,cooperate,0.0,tit_for_tat
NetworkRewiring_Test,21,69,26,cooperate,0.3103448275862069,tit_for_tat
NetworkRewiring_Test,21,69,27,defect,1.2758620689655173,tit_for_tat
NetworkRewiring_Test,21,69,28,cooperate,0.0,tit_for_tat
NetworkRewiring_Test,21,69,29,defect,1.4137931034482758,tit_for_tat
NetworkRewiring_Test,21,70,0,defect,1.2758620689655173,lra_q
NetworkRewiring_Test,21,70,1,cooperate,0.20689655172413793,lra_q
NetworkRewiring_Test,21,70,2,cooperate,0.6206896551724138,lra_q
NetworkRewiring_Test,21,70,3,cooperate,0.10344827586206896,lra_q
NetworkRewiring_Test,21,70,4,defect,1.0,lra_q
NetworkRewiring_Test,21,70,5,defect,1.1379310344827587,lra_q
NetworkRewiring_Test,21,70,6,defect,1.4137931034482758,lra_q
NetworkRewiring_Test,21,70,7,defect,1.1379310344827587,lra_q
NetworkRewiring_Test,21,70,8,cooperate,0.10344827586206896,lra_q
NetworkRewiring_Test,21,70,9,cooperate,0.0,lra_q
NetworkRewiring_Test,21,70,10,defect,1.4137931034482758,lra_q
NetworkRewiring_Test,21,70,11,defect,1.2758620689655173,lra_q
NetworkRewiring_Test,21,70,12,defect,1.1379310344827587,lra_q
NetworkRewiring_Test,21,70,13,defect,1.2758620689655173,lra_q
NetworkRewiring_Test,21,70,14,cooperate,0.20689655172413793,lra_q
NetworkRewiring_Test,21,70,15,cooperate,0.41379310344827586,tit_for_tat
NetworkRewiring_Test,21,70,16,cooperate,0.41379310344827586,tit_for_tat
NetworkRewiring_Test,21,70,17,cooperate,0.5172413793103449,tit_for_tat
NetworkRewiring_Test,21,70,18,cooperate,0.41379310344827586,tit_for_tat
NetworkRewiring_Test,21,70,19,cooperate,0.5172413793103449,tit_for_tat
NetworkRewiring_Test,21,70,20,cooperate,0.41379310344827586,tit_for_tat
NetworkRewiring_Test,21,70,21,cooperate,0.41379310344827586,tit_for_tat
NetworkRewiring_Test,21,70,22,cooperate,0.41379310344827586,tit_for_tat
NetworkRewiring_Test,21,70,23,cooperate,0.3103448275862069,tit_for_tat
NetworkRewiring_Test,21,70,24,cooperate,0.3103448275862069,tit_for_tat
NetworkRewiring_Test,21,70,25,defect,1.4137931034482758,tit_for_tat
NetworkRewiring_Test,21,70,26,cooperate,0.3103448275862069,tit_for_tat
NetworkRewiring_Test,21,70,27,cooperate,0.10344827586206896,tit_for_tat
NetworkRewiring_Test,21,70,28,defect,1.2758620689655173,tit_for_tat
NetworkRewiring_Test,21,70,29,cooperate,0.20689655172413793,tit_for_tat
NetworkRewiring_Test,21,71,0,defect,1.2758620689655173,lra_q
NetworkRewiring_Test,21,71,1,defect,1.2758620689655173,lra_q
NetworkRewiring_Test,21,71,2,cooperate,0.41379310344827586,lra_q
NetworkRewiring_Test,21,71,3,cooperate,0.10344827586206896,lra_q
NetworkRewiring_Test,21,71,4,cooperate,0.20689655172413793,lra_q
NetworkRewiring_Test,21,71,5,cooperate,0.3103448275862069,lra_q
NetworkRewiring_Test,21,71,6,defect,1.1379310344827587,lra_q
NetworkRewiring_Test,21,71,7,defect,1.1379310344827587,lra_q
NetworkRewiring_Test,21,71,8,defect,1.1379310344827587,lra_q
NetworkRewiring_Test,21,71,9,defect,1.0,lra_q
NetworkRewiring_Test,21,71,10,defect,1.4137931034482758,lra_q
NetworkRewiring_Test,21,71,11,defect,1.1379310344827587,lra_q
NetworkRewiring_Test,21,71,12,defect,1.2758620689655173,lra_q
NetworkRewiring_Test,21,71,13,cooperate,0.10344827586206896,lra_q
NetworkRewiring_Test,21,71,14,defect,1.4137931034482758,lra_q
NetworkRewiring_Test,21,71,15,cooperate,0.20689655172413793,tit_for_tat
NetworkRewiring_Test,21,71,16,defect,1.5517241379310345,tit_for_tat
NetworkRewiring_Test,21,71,17,cooperate,0.3103448275862069,tit_for_tat
NetworkRewiring_Test,21,71,18,cooperate,0.3103448275862069,tit_for_tat
NetworkRewiring_Test,21,71,19,cooperate,0.5172413793103449,tit_for_tat
NetworkRewiring_Test,21,71,20,cooperate,0.3103448275862069,tit_for_tat
NetworkRewiring_Test,21,71,21,cooperate,0.3103448275862069,tit_for_tat
NetworkRewiring_Test,21,71,22,defect,1.5517241379310345,tit_for_tat
NetworkRewiring_Test,21,71,23,cooperate,0.20689655172413793,tit_for_tat
NetworkRewiring_Test,21,71,24,cooperate,0.3103448275862069,tit_for_tat
NetworkRewiring_Test,21,71,25,cooperate,0.41379310344827586,tit_for_tat
NetworkRewiring_Test,21,71,26,cooperate,0.41379310344827586,tit_for_tat
NetworkRewiring_Test,21,71,27,cooperate,0.3103448275862069,tit_for_tat
NetworkRewiring_Test,21,71,28,cooperate,0.3103448275862069,tit_for_tat
NetworkRewiring_Test,21,71,29,cooperate,0.3103448275862069,tit_for_tat
NetworkRewiring_Test,21,72,0,defect,1.1379310344827587,lra_q
NetworkRewiring_Test,21,72,1,defect,1.2758620689655173,lra_q
NetworkRewiring_Test,21,72,2,cooperate,0.20689655172413793,lra_q
NetworkRewiring_Test,21,72,3,cooperate,0.10344827586206896,lra_q
NetworkRewiring_Test,21,72,4,defect,1.1379310344827587,lra_q
NetworkRewiring_Test,21,72,5,defect,1.1379310344827587,lra_q
NetworkRewiring_Test,21,72,6,defect,1.1379310344827587,lra_q
NetworkRewiring_Test,21,72,7,defect,1.0,lra_q
NetworkRewiring_Test,21,72,8,defect,1.1379310344827587,lra_q
NetworkRewiring_Test,21,72,9,defect,1.0,lra_q
NetworkRewiring_Test,21,72,10,defect,1.1379310344827587,lra_q
NetworkRewiring_Test,21,72,11,defect,1.1379310344827587,lra_q
NetworkRewiring_Test,21,72,12,defect,1.2758620689655173,lra_q
NetworkRewiring_Test,21,72,13,cooperate,0.20689655172413793,lra_q
NetworkRewiring_Test,21,72,14,cooperate,0.20689655172413793,lra_q
NetworkRewiring_Test,21,72,15,cooperate,0.20689655172413793,tit_for_tat
NetworkRewiring_Test,21,72,16,defect,1.4137931034482758,tit_for_tat
NetworkRewiring_Test,21,72,17,defect,1.5517241379310345,tit_for_tat
NetworkRewiring_Test,21,72,18,cooperate,0.10344827586206896,tit_for_tat
NetworkRewiring_Test,21,72,19,cooperate,0.20689655172413793,tit_for_tat
NetworkRewiring_Test,21,72,20,defect,1.2758620689655173,tit_for_tat
NetworkRewiring_Test,21,72,21,defect,1.2758620689655173,tit_for_tat
NetworkRewiring_Test,21,72,22,defect,1.1379310344827587,tit_for_tat
NetworkRewiring_Test,21,72,23,defect,1.2758620689655173,tit_for_tat
NetworkRewiring_Test,21,72,24,cooperate,0.20689655172413793,tit_for_tat
NetworkRewiring_Test,21,72,25,cooperate,0.3103448275862069,tit_for_tat
NetworkRewiring_Test,21,72,26,cooperate,0.3103448275862069,tit_for_tat
NetworkRewiring_Test,21,72,27,cooperate,0.20689655172413793,tit_for_tat
NetworkRewiring_Test,21,72,28,defect,1.2758620689655173,tit_for_tat
NetworkRewiring_Test,21,72,29,cooperate,0.20689655172413793,tit_for_tat
NetworkRewiring_Test,21,73,0,cooperate,0.3103448275862069,lra_q
NetworkRewiring_Test,21,73,1,defect,1.2758620689655173,lra_q
NetworkRewiring_Test,21,73,2,defect,1.4137931034482758,lra_q
NetworkRewiring_Test,21,73,3,cooperate,0.10344827586206896,lra_q
NetworkRewiring_Test,21,73,4,defect,1.2758620689655173,lra_q
NetworkRewiring_Test,21,73,5,cooperate,0.41379310344827586,lra_q
NetworkRewiring_Test,21,73,6,defect,1.2758620689655173,lra_q
NetworkRewiring_Test,21,73,7,cooperate,0.20689655172413793,lra_q
NetworkRewiring_Test,21,73,8,defect,1.2758620689655173,lra_q
NetworkRewiring_Test,21,73,9,defect,1.2758620689655173,lra_q
NetworkRewiring_Test,21,73,10,cooperate,0.20689655172413793,lra_q
NetworkRewiring_Test,21,73,11,defect,1.1379310344827587,lra_q
NetworkRewiring_Test,21,73,12,defect,1.2758620689655173,lra_q
NetworkRewiring_Test,21,73,13,cooperate,0.10344827586206896,lra_q
NetworkRewiring_Test,21,73,14,defect,1.2758620689655173,lra_q
NetworkRewiring_Test,21,73,15,cooperate,0.20689655172413793,tit_for_tat
NetworkRewiring_Test,21,73,16,cooperate,0.10344827586206896,tit_for_tat
NetworkRewiring_Test,21,73,17,defect,1.4137931034482758,tit_for_tat
NetworkRewiring_Test,21,73,18,defect,1.2758620689655173,tit_for_tat
NetworkRewiring_Test,21,73,19,cooperate,0.10344827586206896,tit_for_tat
NetworkRewiring_Test,21,73,20,defect,1.1379310344827587,tit_for_tat
NetworkRewiring_Test,21,73,21,defect,1.2758620689655173,tit_for_tat
NetworkRewiring_Test,21,73,22,defect,1.4137931034482758,tit_for_tat
NetworkRewiring_Test,21,73,23,cooperate,0.0,tit_for_tat
NetworkRewiring_Test,21,73,24,defect,1.2758620689655173,tit_for_tat
NetworkRewiring_Test,21,73,25,cooperate,0.41379310344827586,tit_for_tat
NetworkRewiring_Test,21,73,26,cooperate,0.20689655172413793,tit_for_tat
NetworkRewiring_Test,21,73,27,defect,1.4137931034482758,tit_for_tat
NetworkRewiring_Test,21,73,28,cooperate,0.3103448275862069,tit_for_tat
NetworkRewiring_Test,21,73,29,cooperate,0.20689655172413793,tit_for_tat
NetworkRewiring_Test,21,74,0,defect,1.4137931034482758,lra_q
NetworkRewiring_Test,21,74,1,defect,1.2758620689655173,lra_q
NetworkRewiring_Test,21,74,2,cooperate,0.10344827586206896,lra_q
NetworkRewiring_Test,21,74,3,cooperate,0.10344827586206896,lra_q
NetworkRewiring_Test,21,74,4,defect,1.1379310344827587,lra_q
NetworkRewiring_Test,21,74,5,defect,1.2758620689655173,lra_q
NetworkRewiring_Test,21,74,6,defect,1.2758620689655173,lra_q
NetworkRewiring_Test,21,74,7,defect,1.0,lra_q
NetworkRewiring_Test,21,74,8,cooperate,0.10344827586206896,lra_q
NetworkRewiring_Test,21,74,9,defect,1.1379310344827587,lra_q
NetworkRewiring_Test,21,74,10,cooperate,0.20689655172413793,lra_q
NetworkRewiring_Test,21,74,11,defect,1.0,lra_q
NetworkRewiring_Test,21,74,12,defect,1.2758620689655173,lra_q
NetworkRewiring_Test,21,74,13,cooperate,0.10344827586206896,lra_q
NetworkRewiring_Test,21,74,14,defect,1.2758620689655173,lra_q
NetworkRewiring_Test,21,74,15,cooperate,0.20689655172413793,tit_for_tat
NetworkRewiring_Test,21,74,16,defect,1.2758620689655173,tit_for_tat
NetworkRewiring_Test,21,74,17,defect,1.2758620689655173,tit_for_tat
NetworkRewiring_Test,21,74,18,defect,1.1379310344827587,tit_for_tat
NetworkRewiring_Test,21,74,19,cooperate,0.0,tit_for_tat
NetworkRewiring_Test,21,74,20,defect,1.2758620689655173,tit_for_tat
NetworkRewiring_Test,21,74,21,defect,1.5517241379310345,tit_for_tat
NetworkRewiring_Test,21,74,22,cooperate,0.10344827586206896,tit_for_tat
NetworkRewiring_Test,21,74,23,defect,1.4137931034482758,tit_for_tat
NetworkRewiring_Test,21,74,24,cooperate,0.10344827586206896,tit_for_tat
NetworkRewiring_Test,21,74,25,cooperate,0.3103448275862069,tit_for_tat
NetworkRewiring_Test,21,74,26,defect,1.4137931034482758,tit_for_tat
NetworkRewiring_Test,21,74,27,cooperate,0.20689655172413793,tit_for_tat
NetworkRewiring_Test,21,74,28,cooperate,0.10344827586206896,tit_for_tat
NetworkRewiring_Test,21,74,29,defect,1.5517241379310345,tit_for_tat
NetworkRewiring_Test,21,75,0,defect,1.2758620689655173,lra_q
NetworkRewiring_Test,21,75,1,defect,1.2758620689655173,lra_q
NetworkRewiring_Test,21,75,2,cooperate,0.41379310344827586,lra_q
NetworkRewiring_Test,21,75,3,cooperate,0.10344827586206896,lra_q
NetworkRewiring_Test,21,75,4,defect,1.1379310344827587,lra_q
NetworkRewiring_Test,21,75,5,defect,1.4137931034482758,lra_q
NetworkRewiring_Test,21,75,6,defect,1.1379310344827587,lra_q
NetworkRewiring_Test,21,75,7,cooperate,0.10344827586206896,lra_q
NetworkRewiring_Test,21,75,8,defect,1.2758620689655173,lra_q
NetworkRewiring_Test,21,75,9,cooperate,0.3103448275862069,lra_q
NetworkRewiring_Test,21,75,10,cooperate,0.3103448275862069,lra_q
NetworkRewiring_Test,21,75,11,cooperate,0.20689655172413793,lra_q
NetworkRewiring_Test,21,75,12,defect,1.2758620689655173,lra_q
NetworkRewiring_Test,21,75,13,cooperate,0.0,lra_q
NetworkRewiring_Test,21,75,14,defect,1.2758620689655173,lra_q
NetworkRewiring_Test,21,75,15,defect,1.2758620689655173,tit_for_tat
NetworkRewiring_Test,21,75,16,defect,1.2758620689655173,tit_for_tat
NetworkRewiring_Test,21,75,17,cooperate,0.0,tit_for_tat
NetworkRewiring_Test,21,75,18,defect,1.1379310344827587,tit_for_tat
NetworkRewiring_Test,21,75,19,defect,1.4137931034482758,tit_for_tat
NetworkRewiring_Test,21,75,20,defect,1.1379310344827587,tit_for_tat
NetworkRewiring_Test,21,75,21,cooperate,0.20689655172413793,tit_for_tat
NetworkRewiring_Test,21,75,22,defect,1.2758620689655173,tit_for_tat
NetworkRewiring_Test,21,75,23,cooperate,0.20689655172413793,tit_for_tat
NetworkRewiring_Test,21,75,24,cooperate,0.3103448275862069,tit_for_tat
NetworkRewiring_Test,21,75,25,cooperate,0.3103448275862069,tit_for_tat
NetworkRewiring_Test,21,75,26,cooperate,0.3103448275862069,tit_for_tat
NetworkRewiring_Test,21,75,27,defect,1.2758620689655173,tit_for_tat
NetworkRewiring_Test,21,75,28,defect,1.1379310344827587,tit_for_tat
NetworkRewiring_Test,21,75,29,cooperate,0.10344827586206896,tit_for_tat
NetworkRewiring_Test,21,76,0,defect,1.0,lra_q
NetworkRewiring_Test,21,76,1,defect,1.2758620689655173,lra_q
NetworkRewiring_Test,21,76,2,cooperate,0.3103448275862069,lra_q
NetworkRewiring_Test,21,76,3,cooperate,0.0,lra_q
NetworkRewiring_Test,21,76,4,cooperate,0.0,lra_q
NetworkRewiring_Test,21,76,5,defect,1.2758620689655173,lra_q
NetworkRewiring_Test,21,76,6,defect,1.2758620689655173,lra_q
NetworkRewiring_Test,21,76,7,defect,1.0,lra_q
NetworkRewiring_Test,21,76,8,cooperate,0.0,lra_q
NetworkRewiring_Test,21,76,9,defect,1.0,lra_q
NetworkRewiring_Test,21,76,10,defect,1.1379310344827587,lra_q
NetworkRewiring_Test,21,76,11,defect,1.1379310344827587,lra_q
NetworkRewiring_Test,21,76,12,defect,1.1379310344827587,lra_q
NetworkRewiring_Test,21,76,13,cooperate,0.10344827586206896,lra_q
NetworkRewiring_Test,21,76,14,cooperate,0.10344827586206896,lra_q
NetworkRewiring_Test,21,76,15,defect,1.2758620689655173,tit_for_tat
NetworkRewiring_Test,21,76,16,defect,1.1379310344827587,tit_for_tat
NetworkRewiring_Test,21,76,17,defect,1.1379310344827587,tit_for_tat
NetworkRewiring_Test,21,76,18,defect,1.0,tit_for_tat
NetworkRewiring_Test,21,76,19,defect,1.1379310344827587,tit_for_tat
NetworkRewiring_Test,21,76,20,defect,1.0,tit_for_tat
NetworkRewiring_Test,21,76,21,defect,1.1379310344827587,tit_for_tat
NetworkRewiring_Test,21,76,22,defect,1.1379310344827587,tit_for_tat
NetworkRewiring_Test,21,76,23,cooperate,0.20689655172413793,tit_for_tat
NetworkRewiring_Test,21,76,24,cooperate,0.3103448275862069,tit_for_tat
NetworkRewiring_Test,21,76,25,defect,1.2758620689655173,tit_for_tat
NetworkRewiring_Test,21,76,26,cooperate,0.20689655172413793,tit_for_tat
NetworkRewiring_Test,21,76,27,defect,1.0,tit_for_tat
NetworkRewiring_Test,21,76,28,defect,1.0,tit_for_tat
NetworkRewiring_Test,21,76,29,defect,1.1379310344827587,tit_for_tat
NetworkRewiring_Test,21,77,0,cooperate,0.10344827586206896,lra_q
NetworkRewiring_Test,21,77,1,defect,1.2758620689655173,lra_q
NetworkRewiring_Test,21,77,2,cooperate,0.3103448275862069,lra_q
NetworkRewiring_Test,21,77,3,defect,1.0,lra_q
NetworkRewiring_Test,21,77,4,cooperate,0.0,lra_q
NetworkRewiring_Test,21,77,5,defect,1.5517241379310345,lra_q
NetworkRewiring_Test,21,77,6,defect,1.1379310344827587,lra_q
NetworkRewiring_Test,21,77,7,cooperate,0.10344827586206896,lra_q
NetworkRewiring_Test,21,77,8,cooperate,0.10344827586206896,lra_q
NetworkRewiring_Test,21,77,9,defect,1.2758620689655173,lra_q
NetworkRewiring_Test,21,77,10,cooperate,0.10344827586206896,lra_q
NetworkRewiring_Test,21,77,11,defect,1.1379310344827587,lra_q
NetworkRewiring_Test,21,77,12,defect,1.1379310344827587,lra_q
NetworkRewiring_Test,21,77,13,cooperate,0.10344827586206896,lra_q
NetworkRewiring_Test,21,77,14,cooperate,0.10344827586206896,lra_q
NetworkRewiring_Test,21,77,15,defect,1.2758620689655173,tit_for_tat
NetworkRewiring_Test,21,77,16,defect,1.1379310344827587,tit_for_tat
NetworkRewiring_Test,21,77,17,defect,1.1379310344827587,tit_for_tat
NetworkRewiring_Test,21,77,18,defect,1.0,tit_for_tat
NetworkRewiring_Test,21,77,19,defect,1.1379310344827587,tit_for_tat
NetworkRewiring_Test,21,77,20,defect,1.0,tit_for_tat
NetworkRewiring_Test,21,77,21,defect,1.2758620689655173,tit_for_tat
NetworkRewiring_Test,21,77,22,defect,1.2758620689655173,tit_for_tat
NetworkRewiring_Test,21,77,23,cooperate,0.20689655172413793,tit_for_tat
NetworkRewiring_Test,21,77,24,cooperate,0.3103448275862069,tit_for_tat
NetworkRewiring_Test,21,77,25,defect,1.4137931034482758,tit_for_tat
NetworkRewiring_Test,21,77,26,cooperate,0.20689655172413793,tit_for_tat
NetworkRewiring_Test,21,77,27,defect,1.0,tit_for_tat
NetworkRewiring_Test,21,77,28,defect,1.1379310344827587,tit_for_tat
NetworkRewiring_Test,21,77,29,defect,1.1379310344827587,tit_for_tat
NetworkRewiring_Test,21,78,0,cooperate,0.10344827586206896,lra_q
NetworkRewiring_Test,21,78,1,defect,1.2758620689655173,lra_q
NetworkRewiring_Test,21,78,2,cooperate,0.3103448275862069,lra_q
NetworkRewiring_Test,21,78,3,defect,1.1379310344827587,lra_q
NetworkRewiring_Test,21,78,4,cooperate,0.10344827586206896,lra_q
NetworkRewiring_Test,21,78,5,defect,1.4137931034482758,lra_q
NetworkRewiring_Test,21,78,6,defect,1.0,lra_q
NetworkRewiring_Test,21,78,7,defect,1.1379310344827587,lra_q
NetworkRewiring_Test,21,78,8,defect,1.1379310344827587,lra_q
NetworkRewiring_Test,21,78,9,defect,1.1379310344827587,lra_q
NetworkRewiring_Test,21,78,10,cooperate,0.10344827586206896,lra_q
NetworkRewiring_Test,21,78,11,defect,1.1379310344827587,lra_q
NetworkRewiring_Test,21,78,12,defect,1.1379310344827587,lra_q
NetworkRewiring_Test,21,78,13,cooperate,0.0,lra_q
NetworkRewiring_Test,21,78,14,defect,1.1379310344827587,lra_q
NetworkRewiring_Test,21,78,15,defect,1.1379310344827587,tit_for_tat
NetworkRewiring_Test,21,78,16,defect,1.1379310344827587,tit_for_tat
NetworkRewiring_Test,21,78,17,defect,1.1379310344827587,tit_for_tat
NetworkRewiring_Test,21,78,18,defect,1.1379310344827587,tit_for_tat
NetworkRewiring_Test,21,78,19,cooperate,0.10344827586206896,tit_for_tat
NetworkRewiring_Test,21,78,20,defect,1.1379310344827587,tit_for_tat
NetworkRewiring_Test,21,78,21,defect,1.4137931034482758,tit_for_tat
NetworkRewiring_Test,21,78,22,defect,1.2758620689655173,tit_for_tat
NetworkRewiring_Test,21,78,23,cooperate,0.20689655172413793,tit_for_tat
NetworkRewiring_Test,21,78,24,cooperate,0.3103448275862069,tit_for_tat
NetworkRewiring_Test,21,78,25,cooperate,0.3103448275862069,tit_for_tat
NetworkRewiring_Test,21,78,26,cooperate,0.3103448275862069,tit_for_tat
NetworkRewiring_Test,21,78,27,defect,1.1379310344827587,tit_for_tat
NetworkRewiring_Test,21,78,28,defect,1.1379310344827587,tit_for_tat
NetworkRewiring_Test,21,78,29,defect,1.1379310344827587,tit_for_tat
NetworkRewiring_Test,21,79,0,cooperate,0.10344827586206896,lra_q
NetworkRewiring_Test,21,79,1,defect,1.4137931034482758,lra_q
NetworkRewiring_Test,21,79,2,cooperate,0.20689655172413793,lra_q
NetworkRewiring_Test,21,79,3,cooperate,0.10344827586206896,lra_q
NetworkRewiring_Test,21,79,4,defect,1.0,lra_q
NetworkRewiring_Test,21,79,5,defect,1.2758620689655173,lra_q
NetworkRewiring_Test,21,79,6,cooperate,0.10344827586206896,lra_q
NetworkRewiring_Test,21,79,7,defect,1.2758620689655173,lra_q
NetworkRewiring_Test,21,79,8,defect,1.2758620689655173,lra_q
NetworkRewiring_Test,21,79,9,cooperate,0.10344827586206896,lra_q
NetworkRewiring_Test,21,79,10,cooperate,0.10344827586206896,lra_q
NetworkRewiring_Test,21,79,11,defect,1.1379310344827587,lra_q
NetworkRewiring_Test,21,79,12,defect,1.2758620689655173,lra_q
NetworkRewiring_Test,21,79,13,cooperate,0.10344827586206896,lra_q
NetworkRewiring_Test,21,79,14,defect,1.2758620689655173,lra_q
NetworkRewiring_Test,21,79,15,cooperate,0.10344827586206896,tit_for_tat
NetworkRewiring_Test,21,79,16,defect,1.4137931034482758,tit_for_tat
NetworkRewiring_Test,21,79,17,defect,1.1379310344827587,tit_for_tat
NetworkRewiring_Test,21,79,18,defect,1.0,tit_for_tat
NetworkRewiring_Test,21,79,19,defect,1.0,tit_for_tat
NetworkRewiring_Test,21,79,20,defect,1.0,tit_for_tat
NetworkRewiring_Test,21,79,21,defect,1.2758620689655173,tit_for_tat
NetworkRewiring_Test,21,79,22,defect,1.4137931034482758,tit_for_tat
NetworkRewiring_Test,21,79,23,cooperate,0.20689655172413793,tit_for_tat
NetworkRewiring_Test,21,79,24,cooperate,0.20689655172413793,tit_for_tat
NetworkRewiring_Test,21,79,25,defect,1.4137931034482758,tit_for_tat
NetworkRewiring_Test,21,79,26,defect,1.2758620689655173,tit_for_tat
NetworkRewiring_Test,21,79,27,defect,1.1379310344827587,tit_for_tat
NetworkRewiring_Test,21,79,28,cooperate,0.10344827586206896,tit_for_tat
NetworkRewiring_Test,21,79,29,defect,1.1379310344827587,tit_for_tat
NetworkRewiring_Test,21,80,0,cooperate,0.20689655172413793,lra_q
NetworkRewiring_Test,21,80,1,defect,1.2758620689655173,lra_q
NetworkRewiring_Test,21,80,2,defect,1.5517241379310345,lra_q
NetworkRewiring_Test,21,80,3,cooperate,0.0,lra_q
NetworkRewiring_Test,21,80,4,cooperate,0.0,lra_q
NetworkRewiring_Test,21,80,5,defect,1.4137931034482758,lra_q
NetworkRewiring_Test,21,80,6,defect,1.4137931034482758,lra_q
NetworkRewiring_Test,21,80,7,defect,1.2758620689655173,lra_q
NetworkRewiring_Test,21,80,8,cooperate,0.20689655172413793,lra_q
NetworkRewiring_Test,21,80,9,cooperate,0.10344827586206896,lra_q
NetworkRewiring_Test,21,80,10,cooperate,0.3103448275862069,lra_q
NetworkRewiring_Test,21,80,11,defect,1.1379310344827587,lra_q
NetworkRewiring_Test,21,80,12,defect,1.2758620689655173,lra_q
NetworkRewiring_Test,21,80,13,cooperate,0.10344827586206896,lra_q
NetworkRewiring_Test,21,80,14,defect,1.2758620689655173,lra_q
NetworkRewiring_Test,21,80,15,cooperate,0.3103448275862069,tit_for_tat
NetworkRewiring_Test,21,80,16,cooperate,0.10344827586206896,tit_for_tat
NetworkRewiring_Test,21,80,17,defect,1.2758620689655173,tit_for_tat
NetworkRewiring_Test,21,80,18,defect,1.1379310344827587,tit_for_tat
NetworkRewiring_Test,21,80,19,defect,1.1379310344827587,tit_for_tat
NetworkRewiring_Test,21,80,20,defect,1.2758620689655173,tit_for_tat
NetworkRewiring_Test,21,80,21,cooperate,0.20689655172413793,tit_for_tat
NetworkRewiring_Test,21,80,22,cooperate,0.41379310344827586,tit_for_tat
NetworkRewiring_Test,21,80,23,cooperate,0.20689655172413793,tit_for_tat
NetworkRewiring_Test,21,80,24,cooperate,0.10344827586206896,tit_for_tat
NetworkRewiring_Test,21,80,25,defect,1.6896551724137931,tit_for_tat
NetworkRewiring_Test,21,80,26,defect,1.1379310344827587,tit_for_tat
NetworkRewiring_Test,21,80,27,defect,1.2758620689655173,tit_for_tat
NetworkRewiring_Test,21,80,28,cooperate,0.20689655172413793,tit_for_tat
NetworkRewiring_Test,21,80,29,cooperate,0.20689655172413793,tit_for_tat
NetworkRewiring_Test,21,81,0,defect,1.4137931034482758,lra_q
NetworkRewiring_Test,21,81,1,defect,1.1379310344827587,lra_q
NetworkRewiring_Test,21,81,2,cooperate,0.20689655172413793,lra_q
NetworkRewiring_Test,21,81,3,defect,1.1379310344827587,lra_q
NetworkRewiring_Test,21,81,4,cooperate,0.10344827586206896,lra_q
NetworkRewiring_Test,21,81,5,defect,1.1379310344827587,lra_q
NetworkRewiring_Test,21,81,6,defect,1.1379310344827587,lra_q
NetworkRewiring_Test,21,81,7,defect,1.1379310344827587,lra_q
NetworkRewiring_Test,21,81,8,cooperate,0.10344827586206896,lra_q
NetworkRewiring_Test,21,81,9,cooperate,0.0,lra_q
NetworkRewiring_Test,21,81,10,defect,1.5517241379310345,lra_q
NetworkRewiring_Test,21,81,11,defect,1.1379310344827587,lra_q
NetworkRewiring_Test,21,81,12,defect,1.2758620689655173,lra_q
NetworkRewiring_Test,21,81,13,cooperate,0.10344827586206896,lra_q
NetworkRewiring_Test,21,81,14,defect,1.2758620689655173,lra_q
NetworkRewiring_Test,21,81,15,cooperate,0.3103448275862069,tit_for_tat
NetworkRewiring_Test,21,81,16,cooperate,0.3103448275862069,tit_for_tat
NetworkRewiring_Test,21,81,17,defect,1.4137931034482758,tit_for_tat
NetworkRewiring_Test,21,81,18,cooperate,0.20689655172413793,tit_for_tat
NetworkRewiring_Test,21,81,19,defect,1.2758620689655173,tit_for_tat
NetworkRewiring_Test,21,81,20,cooperate,0.20689655172413793,tit_for_tat
NetworkRewiring_Test,21,81,21,defect,1.4137931034482758,tit_for_tat
NetworkRewiring_Test,21,81,22,cooperate,0.20689655172413793,tit_for_tat
NetworkRewiring_Test,21,81,23,cooperate,0.10344827586206896,tit_for_tat
NetworkRewiring_Test,21,81,24,defect,1.2758620689655173,tit_for_tat
NetworkRewiring_Test,21,81,25,cooperate,0.3103448275862069,tit_for_tat
NetworkRewiring_Test,21,81,26,defect,1.1379310344827587,tit_for_tat
NetworkRewiring_Test,21,81,27,cooperate,0.20689655172413793,tit_for_tat
NetworkRewiring_Test,21,81,28,defect,1.2758620689655173,tit_for_tat
NetworkRewiring_Test,21,81,29,cooperate,0.3103448275862069,tit_for_tat
NetworkRewiring_Test,21,82,0,defect,1.4137931034482758,lra_q
NetworkRewiring_Test,21,82,1,cooperate,0.10344827586206896,lra_q
NetworkRewiring_Test,21,82,2,defect,1.6896551724137931,lra_q
NetworkRewiring_Test,21,82,3,cooperate,0.10344827586206896,lra_q
NetworkRewiring_Test,21,82,4,defect,1.1379310344827587,lra_q
NetworkRewiring_Test,21,82,5,cooperate,0.3103448275862069,lra_q
NetworkRewiring_Test,21,82,6,defect,1.1379310344827587,lra_q
NetworkRewiring_Test,21,82,7,cooperate,0.10344827586206896,lra_q
NetworkRewiring_Test,21,82,8,defect,1.1379310344827587,lra_q
NetworkRewiring_Test,21,82,9,defect,1.1379310344827587,lra_q
NetworkRewiring_Test,21,82,10,defect,1.4137931034482758,lra_q
NetworkRewiring_Test,21,82,11,defect,1.1379310344827587,lra_q
NetworkRewiring_Test,21,82,12,defect,1.1379310344827587,lra_q
NetworkRewiring_Test,21,82,13,cooperate,0.0,lra_q
NetworkRewiring_Test,21,82,14,defect,1.2758620689655173,lra_q
NetworkRewiring_Test,21,82,15,defect,1.4137931034482758,tit_for_tat
NetworkRewiring_Test,21,82,16,defect,1.1379310344827587,tit_for_tat
NetworkRewiring_Test,21,82,17,cooperate,0.0,tit_for_tat
NetworkRewiring_Test,21,82,18,defect,1.2758620689655173,tit_for_tat
NetworkRewiring_Test,21,82,19,defect,1.5517241379310345,tit_for_tat
NetworkRewiring_Test,21,82,20,cooperate,0.20689655172413793,tit_for_tat
NetworkRewiring_Test,21,82,21,cooperate,0.20689655172413793,tit_for_tat
NetworkRewiring_Test,21,82,22,cooperate,0.20689655172413793,tit_for_tat
NetworkRewiring_Test,21,82,23,cooperate,0.10344827586206896,tit_for_tat
NetworkRewiring_Test,21,82,24,cooperate,0.20689655172413793,tit_for_tat
NetworkRewiring_Test,21,82,25,defect,1.2758620689655173,tit_for_tat
NetworkRewiring_Test,21,82,26,cooperate,0.20689655172413793,tit_for_tat
NetworkRewiring_Test,21,82,27,defect,1.2758620689655173,tit_for_tat
NetworkRewiring_Test,21,82,28,cooperate,0.20689655172413793,tit_for_tat
NetworkRewiring_Test,21,82,29,cooperate,0.10344827586206896,tit_for_tat
NetworkRewiring_Test,21,83,0,defect,1.5517241379310345,lra_q
NetworkRewiring_Test,21,83,1,cooperate,0.20689655172413793,lra_q
NetworkRewiring_Test,21,83,2,cooperate,0.41379310344827586,lra_q
NetworkRewiring_Test,21,83,3,cooperate,0.20689655172413793,lra_q
NetworkRewiring_Test,21,83,4,defect,1.1379310344827587,lra_q
NetworkRewiring_Test,21,83,5,defect,1.4137931034482758,lra_q
NetworkRewiring_Test,21,83,6,defect,1.2758620689655173,lra_q
NetworkRewiring_Test,21,83,7,cooperate,0.10344827586206896,lra_q
NetworkRewiring_Test,21,83,8,defect,1.0,lra_q
NetworkRewiring_Test,21,83,9,cooperate,0.10344827586206896,lra_q
NetworkRewiring_Test,21,83,10,defect,1.5517241379310345,lra_q
NetworkRewiring_Test,21,83,11,defect,1.2758620689655173,lra_q
NetworkRewiring_Test,21,83,12,defect,1.1379310344827587,lra_q
NetworkRewiring_Test,21,83,13,cooperate,0.0,lra_q
NetworkRewiring_Test,21,83,14,defect,1.1379310344827587,lra_q
NetworkRewiring_Test,21,83,15,defect,1.4137931034482758,tit_for_tat
NetworkRewiring_Test,21,83,16,cooperate,0.10344827586206896,tit_for_tat
NetworkRewiring_Test,21,83,17,defect,1.1379310344827587,tit_for_tat
NetworkRewiring_Test,21,83,18,defect,1.2758620689655173,tit_for_tat
NetworkRewiring_Test,21,83,19,defect,1.4137931034482758,tit_for_tat
NetworkRewiring_Test,21,83,20,cooperate,0.20689655172413793,tit_for_tat
NetworkRewiring_Test,21,83,21,cooperate,0.3103448275862069,tit_for_tat
NetworkRewiring_Test,21,83,22,cooperate,0.20689655172413793,tit_for_tat
NetworkRewiring_Test,21,83,23,defect,1.1379310344827587,tit_for_tat
NetworkRewiring_Test,21,83,24,defect,1.2758620689655173,tit_for_tat
NetworkRewiring_Test,21,83,25,cooperate,0.10344827586206896,tit_for_tat
NetworkRewiring_Test,21,83,26,cooperate,0.10344827586206896,tit_for_tat
NetworkRewiring_Test,21,83,27,defect,1.2758620689655173,tit_for_tat
NetworkRewiring_Test,21,83,28,cooperate,0.0,tit_for_tat
NetworkRewiring_Test,21,83,29,defect,1.2758620689655173,tit_for_tat
NetworkRewiring_Test,21,84,0,defect,1.0,lra_q
NetworkRewiring_Test,21,84,1,defect,1.1379310344827587,lra_q
NetworkRewiring_Test,21,84,2,defect,1.6896551724137931,lra_q
NetworkRewiring_Test,21,84,3,cooperate,0.0,lra_q
NetworkRewiring_Test,21,84,4,defect,1.0,lra_q
NetworkRewiring_Test,21,84,5,defect,1.2758620689655173,lra_q
NetworkRewiring_Test,21,84,6,defect,1.2758620689655173,lra_q
NetworkRewiring_Test,21,84,7,cooperate,0.10344827586206896,lra_q
NetworkRewiring_Test,21,84,8,defect,1.1379310344827587,lra_q
NetworkRewiring_Test,21,84,9,cooperate,0.10344827586206896,lra_q
NetworkRewiring_Test,21,84,10,defect,1.1379310344827587,lra_q
NetworkRewiring_Test,21,84,11,defect,1.2758620689655173,lra_q
NetworkRewiring_Test,21,84,12,defect,1.2758620689655173,lra_q
NetworkRewiring_Test,21,84,13,cooperate,0.10344827586206896,lra_q
NetworkRewiring_Test,21,84,14,defect,1.2758620689655173,lra_q
NetworkRewiring_Test,21,84,15,cooperate,0.20689655172413793,tit_for_tat
NetworkRewiring_Test,21,84,16,cooperate,0.20689655172413793,tit_for_tat
NetworkRewiring_Test,21,84,17,defect,1.4137931034482758,tit_for_tat
NetworkRewiring_Test,21,84,18,cooperate,0.10344827586206896,tit_for_tat
NetworkRewiring_Test,21,84,19,defect,1.4137931034482758,tit_for_tat
NetworkRewiring_Test,21,84,20,defect,1.2758620689655173,tit_for_tat
NetworkRewiring_Test,21,84,21,cooperate,0.0,tit_for_tat
NetworkRewiring_Test,21,84,22,defect,1.2758620689655173,tit_for_tat
NetworkRewiring_Test,21,84,23,cooperate,0.10344827586206896,tit_for_tat
NetworkRewiring_Test,21,84,24,cooperate,0.20689655172413793,tit_for_tat
NetworkRewiring_Test,21,84,25,defect,1.4137931034482758,tit_for_tat
NetworkRewiring_Test,21,84,26,cooperate,0.10344827586206896,tit_for_tat
NetworkRewiring_Test,21,84,27,cooperate,0.10344827586206896,tit_for_tat
NetworkRewiring_Test,21,84,28,defect,1.2758620689655173,tit_for_tat
NetworkRewiring_Test,21,84,29,cooperate,0.10344827586206896,tit_for_tat
NetworkRewiring_Test,21,85,0,cooperate,0.20689655172413793,lra_q
NetworkRewiring_Test,21,85,1,cooperate,0.20689655172413793,lra_q
NetworkRewiring_Test,21,85,2,cooperate,0.41379310344827586,lra_q
NetworkRewiring_Test,21,85,3,defect,1.1379310344827587,lra_q
NetworkRewiring_Test,21,85,4,cooperate,0.0,lra_q
NetworkRewiring_Test,21,85,5,defect,1.5517241379310345,lra_q
NetworkRewiring_Test,21,85,6,defect,1.1379310344827587,lra_q
NetworkRewiring_Test,21,85,7,defect,1.1379310344827587,lra_q
NetworkRewiring_Test,21,85,8,defect,1.2758620689655173,lra_q
NetworkRewiring_Test,21,85,9,cooperate,0.10344827586206896,lra_q
NetworkRewiring_Test,21,85,10,cooperate,0.20689655172413793,lra_q
NetworkRewiring_Test,21,85,11,defect,1.2758620689655173,lra_q
NetworkRewiring_Test,21,85,12,defect,1.2758620689655173,lra_q
NetworkRewiring_Test,21,85,13,cooperate,0.10344827586206896,lra_q
NetworkRewiring_Test,21,85,14,defect,1.4137931034482758,lra_q
NetworkRewiring_Test,21,85,15,cooperate,0.20689655172413793,tit_for_tat
NetworkRewiring_Test,21,85,16,defect,1.5517241379310345,tit_for_tat
NetworkRewiring_Test,21,85,17,cooperate,0.3103448275862069,tit_for_tat
NetworkRewiring_Test,21,85,18,cooperate,0.3103448275862069,tit_for_tat
NetworkRewiring_Test,21,85,19,cooperate,0.41379310344827586,tit_for_tat
NetworkRewiring_Test,21,85,20,cooperate,0.20689655172413793,tit_for_tat
NetworkRewiring_Test,21,85,21,defect,1.4137931034482758,tit_for_tat
NetworkRewiring_Test,21,85,22,defect,1.5517241379310345,tit_for_tat
NetworkRewiring_Test,21,85,23,cooperate,0.20689655172413793,tit_for_tat
NetworkRewiring_Test,21,85,24,cooperate,0.3103448275862069,tit_for_tat
NetworkRewiring_Test,21,85,25,defect,1.5517241379310345,tit_for_tat
NetworkRewiring_Test,21,85,26,cooperate,0.3103448275862069,tit_for_tat
NetworkRewiring_Test,21,85,27,cooperate,0.10344827586206896,tit_for_tat
NetworkRewiring_Test,21,85,28,cooperate,0.3103448275862069,tit_for_tat
NetworkRewiring_Test,21,85,29,defect,1.2758620689655173,tit_for_tat
NetworkRewiring_Test,21,86,0,defect,1.5517241379310345,lra_q
NetworkRewiring_Test,21,86,1,defect,1.1379310344827587,lra_q
NetworkRewiring_Test,21,86,2,defect,1.5517241379310345,lra_q
NetworkRewiring_Test,21,86,3,cooperate,0.10344827586206896,lra_q
NetworkRewiring_Test,21,86,4,cooperate,0.10344827586206896,lra_q
NetworkRewiring_Test,21,86,5,defect,1.5517241379310345,lra_q
NetworkRewiring_Test,21,86,6,defect,1.2758620689655173,lra_q
NetworkRewiring_Test,21,86,7,defect,1.1379310344827587,lra_q
NetworkRewiring_Test,21,86,8,cooperate,0.10344827586206896,lra_q
NetworkRewiring_Test,21,86,9,cooperate,0.10344827586206896,lra_q
NetworkRewiring_Test,21,86,10,cooperate,0.5172413793103449,lra_q
NetworkRewiring_Test,21,86,11,defect,1.2758620689655173,lra_q
NetworkRewiring_Test,21,86,12,defect,1.1379310344827587,lra_q
NetworkRewiring_Test,21,86,13,cooperate,0.10344827586206896,lra_q
NetworkRewiring_Test,21,86,14,cooperate,0.20689655172413793,lra_q
NetworkRewiring_Test,21,86,15,defect,1.5517241379310345,tit_for_tat
NetworkRewiring_Test,21,86,16,defect,1.2758620689655173,tit_for_tat
NetworkRewiring_Test,21,86,17,cooperate,0.3103448275862069,tit_for_tat
NetworkRewiring_Test,21,86,18,cooperate,0.20689655172413793,tit_for_tat
NetworkRewiring_Test,21,86,19,cooperate,0.41379310344827586,tit_for_tat
NetworkRewiring_Test,21,86,20,defect,1.5517241379310345,tit_for_tat
NetworkRewiring_Test,21,86,21,cooperate,0.20689655172413793,tit_for_tat
NetworkRewiring_Test,21,86,22,cooperate,0.20689655172413793,tit_for_tat
NetworkRewiring_Test,21,86,23,cooperate,0.10344827586206896,tit_for_tat
NetworkRewiring_Test,21,86,24,cooperate,0.20689655172413793,tit_for_tat
NetworkRewiring_Test,21,86,25,cooperate,0.3103448275862069,tit_for_tat
NetworkRewiring_Test,21,86,26,cooperate,0.20689655172413793,tit_for_tat
NetworkRewiring_Test,21,86,27,defect,1.2758620689655173,tit_for_tat
NetworkRewiring_Test,21,86,28,cooperate,0.10344827586206896,tit_for_tat
NetworkRewiring_Test,21,86,29,defect,1.4137931034482758,tit_for_tat
NetworkRewiring_Test,21,87,0,defect,1.2758620689655173,lra_q
NetworkRewiring_Test,21,87,1,cooperate,0.10344827586206896,lra_q
NetworkRewiring_Test,21,87,2,defect,1.2758620689655173,lra_q
NetworkRewiring_Test,21,87,3,cooperate,0.20689655172413793,lra_q
NetworkRewiring_Test,21,87,4,defect,1.1379310344827587,lra_q
NetworkRewiring_Test,21,87,5,defect,1.1379310344827587,lra_q
NetworkRewiring_Test,21,87,6,defect,1.2758620689655173,lra_q
NetworkRewiring_Test,21,87,7,defect,1.1379310344827587,lra_q
NetworkRewiring_Test,21,87,8,defect,1.2758620689655173,lra_q
NetworkRewiring_Test,21,87,9,cooperate,0.10344827586206896,lra_q
NetworkRewiring_Test,21,87,10,cooperate,0.20689655172413793,lra_q
NetworkRewiring_Test,21,87,11,defect,1.1379310344827587,lra_q
NetworkRewiring_Test,21,87,12,defect,1.2758620689655173,lra_q
NetworkRewiring_Test,21,87,13,cooperate,0.10344827586206896,lra_q
NetworkRewiring_Test,21,87,14,defect,1.4137931034482758,lra_q
NetworkRewiring_Test,21,87,15,cooperate,0.20689655172413793,tit_for_tat
NetworkRewiring_Test,21,87,16,defect,1.4137931034482758,tit_for_tat
NetworkRewiring_Test,21,87,17,cooperate,0.3103448275862069,tit_for_tat
NetworkRewiring_Test,21,87,18,cooperate,0.3103448275862069,tit_for_tat
NetworkRewiring_Test,21,87,19,cooperate,0.41379310344827586,tit_for_tat
NetworkRewiring_Test,21,87,20,cooperate,0.3103448275862069,tit_for_tat
NetworkRewiring_Test,21,87,21,cooperate,0.20689655172413793,tit_for_tat
NetworkRewiring_Test,21,87,22,defect,1.5517241379310345,tit_for_tat
NetworkRewiring_Test,21,87,23,defect,1.0,tit_for_tat
NetworkRewiring_Test,21,87,24,defect,1.0,tit_for_tat
NetworkRewiring_Test,21,87,25,cooperate,0.41379310344827586,tit_for_tat
NetworkRewiring_Test,21,87,26,defect,1.1379310344827587,tit_for_tat
NetworkRewiring_Test,21,87,27,cooperate,0.20689655172413793,tit_for_tat
NetworkRewiring_Test,21,87,28,defect,1.4137931034482758,tit_for_tat
NetworkRewiring_Test,21,87,29,cooperate,0.20689655172413793,tit_for_tat
NetworkRewiring_Test,21,88,0,cooperate,0.5172413793103449,lra_q
NetworkRewiring_Test,21,88,1,cooperate,0.20689655172413793,lra_q
NetworkRewiring_Test,21,88,2,defect,1.1379310344827587,lra_q
NetworkRewiring_Test,21,88,3,cooperate,0.20689655172413793,lra_q
NetworkRewiring_Test,21,88,4,defect,1.2758620689655173,lra_q
NetworkRewiring_Test,21,88,5,cooperate,0.20689655172413793,lra_q
NetworkRewiring_Test,21,88,6,defect,1.2758620689655173,lra_q
NetworkRewiring_Test,21,88,7,defect,1.2758620689655173,lra_q
NetworkRewiring_Test,21,88,8,cooperate,0.3103448275862069,lra_q
NetworkRewiring_Test,21,88,9,cooperate,0.10344827586206896,lra_q
NetworkRewiring_Test,21,88,10,cooperate,0.6206896551724138,lra_q
NetworkRewiring_Test,21,88,11,defect,1.1379310344827587,lra_q
NetworkRewiring_Test,21,88,12,defect,1.1379310344827587,lra_q
NetworkRewiring_Test,21,88,13,cooperate,0.10344827586206896,lra_q
NetworkRewiring_Test,21,88,14,cooperate,0.10344827586206896,lra_q
NetworkRewiring_Test,21,88,15,defect,1.4137931034482758,tit_for_tat
NetworkRewiring_Test,21,88,16,defect,1.1379310344827587,tit_for_tat
NetworkRewiring_Test,21,88,17,defect,1.4137931034482758,tit_for_tat
NetworkRewiring_Test,21,88,18,cooperate,0.10344827586206896,tit_for_tat
NetworkRewiring_Test,21,88,19,cooperate,0.10344827586206896,tit_for_tat
NetworkRewiring_Test,21,88,20,defect,1.4137931034482758,tit_for_tat
NetworkRewiring_Test,21,88,21,defect,1.2758620689655173,tit_for_tat
NetworkRewiring_Test,21,88,22,cooperate,0.20689655172413793,tit_for_tat
NetworkRewiring_Test,21,88,23,defect,1.0,tit_for_tat
NetworkRewiring_Test,21,88,24,defect,1.0,tit_for_tat
NetworkRewiring_Test,21,88,25,cooperate,0.5172413793103449,tit_for_tat
NetworkRewiring_Test,21,88,26,defect,1.2758620689655173,tit_for_tat
NetworkRewiring_Test,21,88,27,cooperate,0.3103448275862069,tit_for_tat
NetworkRewiring_Test,21,88,28,cooperate,0.5172413793103449,tit_for_tat
NetworkRewiring_Test,21,88,29,cooperate,0.41379310344827586,tit_for_tat
NetworkRewiring_Test,21,89,0,cooperate,0.41379310344827586,lra_q
NetworkRewiring_Test,21,89,1,defect,1.4137931034482758,lra_q
NetworkRewiring_Test,21,89,2,cooperate,0.0,lra_q
NetworkRewiring_Test,21,89,3,cooperate,0.10344827586206896,lra_q
NetworkRewiring_Test,21,89,4,defect,1.1379310344827587,lra_q
NetworkRewiring_Test,21,89,5,defect,1.2758620689655173,lra_q
NetworkRewiring_Test,21,89,6,defect,1.1379310344827587,lra_q
NetworkRewiring_Test,21,89,7,defect,1.0,lra_q
NetworkRewiring_Test,21,89,8,cooperate,0.3103448275862069,lra_q
NetworkRewiring_Test,21,89,9,defect,1.1379310344827587,lra_q
NetworkRewiring_Test,21,89,10,cooperate,0.41379310344827586,lra_q
NetworkRewiring_Test,21,89,11,defect,1.0,lra_q
NetworkRewiring_Test,21,89,12,defect,1.1379310344827587,lra_q
NetworkRewiring_Test,21,89,13,cooperate,0.0,lra_q
NetworkRewiring_Test,21,89,14,defect,1.2758620689655173,lra_q
NetworkRewiring_Test,21,89,15,defect,1.4137931034482758,tit_for_tat
NetworkRewiring_Test,21,89,16,defect,1.2758620689655173,tit_for_tat
NetworkRewiring_Test,21,89,17,cooperate,0.0,tit_for_tat
NetworkRewiring_Test,21,89,18,defect,1.2758620689655173,tit_for_tat
NetworkRewiring_Test,21,89,19,defect,1.2758620689655173,tit_for_tat
NetworkRewiring_Test,21,89,20,cooperate,0.10344827586206896,tit_for_tat
NetworkRewiring_Test,21,89,21,defect,1.4137931034482758,tit_for_tat
NetworkRewiring_Test,21,89,22,cooperate,0.3103448275862069,tit_for_tat
NetworkRewiring_Test,21,89,23,defect,1.1379310344827587,tit_for_tat
NetworkRewiring_Test,21,89,24,defect,1.1379310344827587,tit_for_tat
NetworkRewiring_Test,21,89,25,cooperate,0.5172413793103449,tit_for_tat
NetworkRewiring_Test,21,89,26,defect,1.1379310344827587,tit_for_tat
NetworkRewiring_Test,21,89,27,cooperate,0.3103448275862069,tit_for_tat
NetworkRewiring_Test,21,89,28,cooperate,0.41379310344827586,tit_for_tat
NetworkRewiring_Test,21,89,29,cooperate,0.41379310344827586,tit_for_tat
NetworkRewiring_Test,21,90,0,defect,1.4137931034482758,lra_q
NetworkRewiring_Test,21,90,1,defect,1.2758620689655173,lra_q
NetworkRewiring_Test,21,90,2,cooperate,0.3103448275862069,lra_q
NetworkRewiring_Test,21,90,3,cooperate,0.20689655172413793,lra_q
NetworkRewiring_Test,21,90,4,defect,1.1379310344827587,lra_q
NetworkRewiring_Test,21,90,5,defect,1.1379310344827587,lra_q
NetworkRewiring_Test,21,90,6,cooperate,0.20689655172413793,lra_q
NetworkRewiring_Test,21,90,7,cooperate,0.10344827586206896,lra_q
NetworkRewiring_Test,21,90,8,cooperate,0.10344827586206896,lra_q
NetworkRewiring_Test,21,90,9,cooperate,0.20689655172413793,lra_q
NetworkRewiring_Test,21,90,10,defect,1.5517241379310345,lra_q
NetworkRewiring_Test,21,90,11,cooperate,0.10344827586206896,lra_q
NetworkRewiring_Test,21,90,12,defect,1.2758620689655173,lra_q
NetworkRewiring_Test,21,90,13,cooperate,0.0,lra_q
NetworkRewiring_Test,21,90,14,defect,1.1379310344827587,lra_q
NetworkRewiring_Test,21,90,15,defect,1.2758620689655173,tit_for_tat
NetworkRewiring_Test,21,90,16,defect,1.2758620689655173,tit_for_tat
NetworkRewiring_Test,21,90,17,defect,1.1379310344827587,tit_for_tat
NetworkRewiring_Test,21,90,18,defect,1.1379310344827587,tit_for_tat
NetworkRewiring_Test,21,90,19,cooperate,0.20689655172413793,tit_for_tat
NetworkRewiring_Test,21,90,20,defect,1.4137931034482758,tit_for_tat
NetworkRewiring_Test,21,90,21,cooperate,0.3103448275862069,tit_for_tat
NetworkRewiring_Test,21,90,22,cooperate,0.10344827586206896,tit_for_tat
NetworkRewiring_Test,21,90,23,cooperate,0.20689655172413793,tit_for_tat
NetworkRewiring_Test,21,90,24,cooperate,0.20689655172413793,tit_for_tat
NetworkRewiring_Test,21,90,25,cooperate,0.3103448275862069,tit_for_tat
NetworkRewiring_Test,21,90,26,defect,1.5517241379310345,tit_for_tat
NetworkRewiring_Test,21,90,27,cooperate,0.20689655172413793,tit_for_tat
NetworkRewiring_Test,21,90,28,defect,1.2758620689655173,tit_for_tat
NetworkRewiring_Test,21,90,29,cooperate,0.3103448275862069,tit_for_tat
NetworkRewiring_Test,21,91,0,defect,1.0,lra_q
NetworkRewiring_Test,21,91,1,defect,1.2758620689655173,lra_q
NetworkRewiring_Test,21,91,2,cooperate,0.41379310344827586,lra_q
NetworkRewiring_Test,21,91,3,cooperate,0.0,lra_q
NetworkRewiring_Test,21,91,4,defect,1.1379310344827587,lra_q
NetworkRewiring_Test,21,91,5,cooperate,0.10344827586206896,lra_q
NetworkRewiring_Test,21,91,6,defect,1.1379310344827587,lra_q
NetworkRewiring_Test,21,91,7,defect,1.1379310344827587,lra_q
NetworkRewiring_Test,21,91,8,defect,1.1379310344827587,lra_q
NetworkRewiring_Test,21,91,9,defect,1.0,lra_q
NetworkRewiring_Test,21,91,10,defect,1.1379310344827587,lra_q
NetworkRewiring_Test,21,91,11,defect,1.1379310344827587,lra_q
NetworkRewiring_Test,21,91,12,defect,1.1379310344827587,lra_q
NetworkRewiring_Test,21,91,13,cooperate,0.0,lra_q
NetworkRewiring_Test,21,91,14,defect,1.1379310344827587,lra_q
NetworkRewiring_Test,21,91,15,defect,1.1379310344827587,tit_for_tat
NetworkRewiring_Test,21,91,16,defect,1.1379310344827587,tit_for_tat
NetworkRewiring_Test,21,91,17,defect,1.0,tit_for_tat
NetworkRewiring_Test,21,91,18,defect,1.0,tit_for_tat
NetworkRewiring_Test,21,91,19,defect,1.2758620689655173,tit_for_tat
NetworkRewiring_Test,21,91,20,defect,1.1379310344827587,tit_for_tat
NetworkRewiring_Test,21,91,21,cooperate,0.10344827586206896,tit_for_tat
NetworkRewiring_Test,21,91,22,defect,1.1379310344827587,tit_for_tat
NetworkRewiring_Test,21,91,23,cooperate,0.20689655172413793,tit_for_tat
NetworkRewiring_Test,21,91,24,cooperate,0.3103448275862069,tit_for_tat
NetworkRewiring_Test,21,91,25,defect,1.2758620689655173,tit_for_tat
NetworkRewiring_Test,21,91,26,cooperate,0.3103448275862069,tit_for_tat
NetworkRewiring_Test,21,91,27,defect,1.1379310344827587,tit_for_tat
NetworkRewiring_Test,21,91,28,defect,1.2758620689655173,tit_for_tat
NetworkRewiring_Test,21,91,29,cooperate,0.0,tit_for_tat
NetworkRewiring_Test,21,92,0,cooperate,0.10344827586206896,lra_q
NetworkRewiring_Test,21,92,1,defect,1.1379310344827587,lra_q
NetworkRewiring_Test,21,92,2,defect,1.4137931034482758,lra_q
NetworkRewiring_Test,21,92,3,defect,1.0,lra_q
NetworkRewiring_Test,21,92,4,defect,1.1379310344827587,lra_q
NetworkRewiring_Test,21,92,5,cooperate,0.3103448275862069,lra_q
NetworkRewiring_Test,21,92,6,defect,1.0,lra_q
NetworkRewiring_Test,21,92,7,defect,1.1379310344827587,lra_q
NetworkRewiring_Test,21,92,8,defect,1.2758620689655173,lra_q
NetworkRewiring_Test,21,92,9,defect,1.1379310344827587,lra_q
NetworkRewiring_Test,21,92,10,cooperate,0.20689655172413793,lra_q
NetworkRewiring_Test,21,92,11,defect,1.1379310344827587,lra_q
NetworkRewiring_Test,21,92,12,defect,1.2758620689655173,lra_q
NetworkRewiring_Test,21,92,13,cooperate,0.10344827586206896,lra_q
NetworkRewiring_Test,21,92,14,defect,1.2758620689655173,lra_q
NetworkRewiring_Test,21,92,15,cooperate,0.10344827586206896,tit_for_tat
NetworkRewiring_Test,21,92,16,defect,1.1379310344827587,tit_for_tat
NetworkRewiring_Test,21,92,17,defect,1.1379310344827587,tit_for_tat
NetworkRewiring_Test,21,92,18,defect,1.0,tit_for_tat
NetworkRewiring_Test,21,92,19,defect,1.1379310344827587,tit_for_tat
NetworkRewiring_Test,21,92,20,defect,1.0,tit_for_tat
NetworkRewiring_Test,21,92,21,defect,1.0,tit_for_tat
NetworkRewiring_Test,21,92,22,defect,1.4137931034482758,tit_for_tat
NetworkRewiring_Test,21,92,23,cooperate,0.10344827586206896,tit_for_tat
NetworkRewiring_Test,21,92,24,cooperate,0.20689655172413793,tit_for_tat
NetworkRewiring_Test,21,92,25,defect,1.4137931034482758,tit_for_tat
NetworkRewiring_Test,21,92,26,cooperate,0.20689655172413793,tit_for_tat
NetworkRewiring_Test,21,92,27,cooperate,0.10344827586206896,tit_for_tat
NetworkRewiring_Test,21,92,28,cooperate,0.41379310344827586,tit_for_tat
NetworkRewiring_Test,21,92,29,defect,1.2758620689655173,tit_for_tat
NetworkRewiring_Test,21,93,0,cooperate,0.41379310344827586,lra_q
NetworkRewiring_Test,21,93,1,cooperate,0.20689655172413793,lra_q
NetworkRewiring_Test,21,93,2,cooperate,0.3103448275862069,lra_q
NetworkRewiring_Test,21,93,3,defect,1.4137931034482758,lra_q
NetworkRewiring_Test,21,93,4,defect,1.1379310344827587,lra_q
NetworkRewiring_Test,21,93,5,defect,1.1379310344827587,lra_q
NetworkRewiring_Test,21,93,6,cooperate,0.10344827586206896,lra_q
NetworkRewiring_Test,21,93,7,defect,1.1379310344827587,lra_q
NetworkRewiring_Test,21,93,8,cooperate,0.20689655172413793,lra_q
NetworkRewiring_Test,21,93,9,cooperate,0.10344827586206896,lra_q
NetworkRewiring_Test,21,93,10,cooperate,0.41379310344827586,lra_q
NetworkRewiring_Test,21,93,11,defect,1.1379310344827587,lra_q
NetworkRewiring_Test,21,93,12,defect,1.1379310344827587,lra_q
NetworkRewiring_Test,21,93,13,cooperate,0.0,lra_q
NetworkRewiring_Test,21,93,14,defect,1.1379310344827587,lra_q
NetworkRewiring_Test,21,93,15,defect,1.2758620689655173,tit_for_tat
NetworkRewiring_Test,21,93,16,defect,1.2758620689655173,tit_for_tat
NetworkRewiring_Test,21,93,17,defect,1.1379310344827587,tit_for_tat
NetworkRewiring_Test,21,93,18,defect,1.1379310344827587,tit_for_tat
NetworkRewiring_Test,21,93,19,cooperate,0.10344827586206896,tit_for_tat
NetworkRewiring_Test,21,93,20,defect,1.2758620689655173,tit_for_tat
NetworkRewiring_Test,21,93,21,defect,1.4137931034482758,tit_for_tat
NetworkRewiring_Test,21,93,22,cooperate,0.20689655172413793,tit_for_tat
NetworkRewiring_Test,21,93,23,cooperate,0.20689655172413793,tit_for_tat
NetworkRewiring_Test,21,93,24,cooperate,0.20689655172413793,tit_for_tat
NetworkRewiring_Test,21,93,25,cooperate,0.20689655172413793,tit_for_tat
NetworkRewiring_Test,21,93,26,defect,1.4137931034482758,tit_for_tat
NetworkRewiring_Test,21,93,27,defect,1.1379310344827587,tit_for_tat
NetworkRewiring_Test,21,93,28,defect,1.2758620689655173,tit_for_tat
NetworkRewiring_Test,21,93,29,defect,1.2758620689655173,tit_for_tat
NetworkRewiring_Test,21,94,0,defect,1.4137931034482758,lra_q
NetworkRewiring_Test,21,94,1,defect,1.1379310344827587,lra_q
NetworkRewiring_Test,21,94,2,cooperate,0.20689655172413793,lra_q
NetworkRewiring_Test,21,94,3,defect,1.1379310344827587,lra_q
NetworkRewiring_Test,21,94,4,defect,1.2758620689655173,lra_q
NetworkRewiring_Test,21,94,5,cooperate,0.10344827586206896,lra_q
NetworkRewiring_Test,21,94,6,defect,1.0,lra_q
NetworkRewiring_Test,21,94,7,defect,1.2758620689655173,lra_q
NetworkRewiring_Test,21,94,8,cooperate,0.0,lra_q
NetworkRewiring_Test,21,94,9,cooperate,0.0,lra_q
NetworkRewiring_Test,21,94,10,defect,1.6896551724137931,lra_q
NetworkRewiring_Test,21,94,11,defect,1.1379310344827587,lra_q
NetworkRewiring_Test,21,94,12,defect,1.2758620689655173,lra_q
NetworkRewiring_Test,21,94,13,cooperate,0.10344827586206896,lra_q
NetworkRewiring_Test,21,94,14,defect,1.2758620689655173,lra_q
NetworkRewiring_Test,21,94,15,cooperate,0.10344827586206896,tit_for_tat
NetworkRewiring_Test,21,94,16,defect,1.2758620689655173,tit_for_tat
NetworkRewiring_Test,21,94,17,defect,1.1379310344827587,tit_for_tat
NetworkRewiring_Test,21,94,18,defect,1.0,tit_for_tat
NetworkRewiring_Test,21,94,19,defect,1.0,tit_for_tat
NetworkRewiring_Test,21,94,20,defect,1.0,tit_for_tat
NetworkRewiring_Test,21,94,21,defect,1.1379310344827587,tit_for_tat
NetworkRewiring_Test,21,94,22,defect,1.1379310344827587,tit_for_tat
NetworkRewiring_Test,21,94,23,cooperate,0.20689655172413793,tit_for_tat
NetworkRewiring_Test,21,94,24,cooperate,0.20689655172413793,tit_for_tat
NetworkRewiring_Test,21,94,25,cooperate,0.0,tit_for_tat
NetworkRewiring_Test,21,94,26,defect,1.4137931034482758,tit_for_tat
NetworkRewiring_Test,21,94,27,defect,1.2758620689655173,tit_for_tat
NetworkRewiring_Test,21,94,28,cooperate,0.10344827586206896,tit_for_tat
NetworkRewiring_Test,21,94,29,defect,1.4137931034482758,tit_for_tat
NetworkRewiring_Test,21,95,0,defect,1.2758620689655173,lra_q
NetworkRewiring_Test,21,95,1,cooperate,0.10344827586206896,lra_q
NetworkRewiring_Test,21,95,2,defect,1.5517241379310345,lra_q
NetworkRewiring_Test,21,95,3,cooperate,0.20689655172413793,lra_q
NetworkRewiring_Test,21,95,4,defect,1.1379310344827587,lra_q
NetworkRewiring_Test,21,95,5,cooperate,0.20689655172413793,lra_q
NetworkRewiring_Test,21,95,6,cooperate,0.20689655172413793,lra_q
NetworkRewiring_Test,21,95,7,defect,1.1379310344827587,lra_q
NetworkRewiring_Test,21,95,8,defect,1.2758620689655173,lra_q
NetworkRewiring_Test,21,95,9,defect,1.1379310344827587,lra_q
NetworkRewiring_Test,21,95,10,cooperate,0.20689655172413793,lra_q
NetworkRewiring_Test,21,95,11,defect,1.0,lra_q
NetworkRewiring_Test,21,95,12,defect,1.1379310344827587,lra_q
NetworkRewiring_Test,21,95,13,cooperate,0.0,lra_q
NetworkRewiring_Test,21,95,14,defect,1.1379310344827587,lra_q
NetworkRewiring_Test,21,95,15,defect,1.2758620689655173,tit_for_tat
NetworkRewiring_Test,21,95,16,cooperate,0.10344827586206896,tit_for_tat
NetworkRewiring_Test,21,95,17,defect,1.1379310344827587,tit_for_tat
NetworkRewiring_Test,21,95,18,defect,1.1379310344827587,tit_for_tat
NetworkRewiring_Test,21,95,19,defect,1.1379310344827587,tit_for_tat
NetworkRewiring_Test,21,95,20,defect,1.0,tit_for_tat
NetworkRewiring_Test,21,95,21,defect,1.0,tit_for_tat
NetworkRewiring_Test,21,95,22,defect,1.1379310344827587,tit_for_tat
NetworkRewiring_Test,21,95,23,cooperate,0.10344827586206896,tit_for_tat
NetworkRewiring_Test,21,95,24,cooperate,0.10344827586206896,tit_for_tat
NetworkRewiring_Test,21,95,25,defect,1.5517241379310345,tit_for_tat
NetworkRewiring_Test,21,95,26,defect,1.2758620689655173,tit_for_tat
NetworkRewiring_Test,21,95,27,cooperate,0.20689655172413793,tit_for_tat
NetworkRewiring_Test,21,95,28,cooperate,0.41379310344827586,tit_for_tat
NetworkRewiring_Test,21,95,29,cooperate,0.20689655172413793,tit_for_tat
NetworkRewiring_Test,21,96,0,defect,1.5517241379310345,lra_q
NetworkRewiring_Test,21,96,1,cooperate,0.10344827586206896,lra_q
NetworkRewiring_Test,21,96,2,defect,1.2758620689655173,lra_q
NetworkRewiring_Test,21,96,3,cooperate,0.20689655172413793,lra_q
NetworkRewiring_Test,21,96,4,defect,1.1379310344827587,lra_q
NetworkRewiring_Test,21,96,5,defect,1.2758620689655173,lra_q
NetworkRewiring_Test,21,96,6,defect,1.2758620689655173,lra_q
NetworkRewiring_Test,21,96,7,defect,1.1379310344827587,lra_q
NetworkRewiring_Test,21,96,8,cooperate,0.10344827586206896,lra_q
NetworkRewiring_Test,21,96,9,cooperate,0.20689655172413793,lra_q
NetworkRewiring_Test,21,96,10,cooperate,0.41379310344827586,lra_q
NetworkRewiring_Test,21,96,11,cooperate,0.10344827586206896,lra_q
NetworkRewiring_Test,21,96,12,defect,1.2758620689655173,lra_q
NetworkRewiring_Test,21,96,13,cooperate,0.0,lra_q
NetworkRewiring_Test,21,96,14,defect,1.2758620689655173,lra_q
NetworkRewiring_Test,21,96,15,defect,1.2758620689655173,tit_for_tat
NetworkRewiring_Test,21,96,16,defect,1.1379310344827587,tit_for_tat
NetworkRewiring_Test,21,96,17,cooperate,0.10344827586206896,tit_for_tat
NetworkRewiring_Test,21,96,18,defect,1.2758620689655173,tit_for_tat
NetworkRewiring_Test,21,96,19,cooperate,0.10344827586206896,tit_for_tat
NetworkRewiring_Test,21,96,20,defect,1.1379310344827587,tit_for_tat
NetworkRewiring_Test,21,96,21,defect,1.1379310344827587,tit_for_tat
NetworkRewiring_Test,21,96,22,defect,1.1379310344827587,tit_for_tat
NetworkRewiring_Test,21,96,23,defect,1.1379310344827587,tit_for_tat
NetworkRewiring_Test,21,96,24,cooperate,0.0,tit_for_tat
NetworkRewiring_Test,21,96,25,cooperate,0.3103448275862069,tit_for_tat
NetworkRewiring_Test,21,96,26,defect,1.4137931034482758,tit_for_tat
NetworkRewiring_Test,21,96,27,cooperate,0.20689655172413793,tit_for_tat
NetworkRewiring_Test,21,96,28,cooperate,0.20689655172413793,tit_for_tat
NetworkRewiring_Test,21,96,29,defect,1.5517241379310345,tit_for_tat
NetworkRewiring_Test,21,97,0,defect,1.4137931034482758,lra_q
NetworkRewiring_Test,21,97,1,cooperate,0.10344827586206896,lra_q
NetworkRewiring_Test,21,97,2,defect,1.1379310344827587,lra_q
NetworkRewiring_Test,21,97,3,cooperate,0.20689655172413793,lra_q
NetworkRewiring_Test,21,97,4,defect,1.1379310344827587,lra_q
NetworkRewiring_Test,21,97,5,defect,1.1379310344827587,lra_q
NetworkRewiring_Test,21,97,6,defect,1.1379310344827587,lra_q
NetworkRewiring_Test,21,97,7,defect,1.1379310344827587,lra_q
NetworkRewiring_Test,21,97,8,defect,1.1379310344827587,lra_q
NetworkRewiring_Test,21,97,9,cooperate,0.10344827586206896,lra_q
NetworkRewiring_Test,21,97,10,defect,1.4137931034482758,lra_q
NetworkRewiring_Test,21,97,11,cooperate,0.10344827586206896,lra_q
NetworkRewiring_Test,21,97,12,defect,1.2758620689655173,lra_q
NetworkRewiring_Test,21,97,13,cooperate,0.0,lra_q
NetworkRewiring_Test,21,97,14,defect,1.1379310344827587,lra_q
NetworkRewiring_Test,21,97,15,defect,1.1379310344827587,tit_for_tat
NetworkRewiring_Test,21,97,16,defect,1.0,tit_for_tat
NetworkRewiring_Test,21,97,17,defect,1.0,tit_for_tat
NetworkRewiring_Test,21,97,18,defect,1.1379310344827587,tit_for_tat
NetworkRewiring_Test,21,97,19,defect,1.1379310344827587,tit_for_tat
NetworkRewiring_Test,21,97,20,cooperate,0.0,tit_for_tat
NetworkRewiring_Test,21,97,21,defect,1.1379310344827587,tit_for_tat
NetworkRewiring_Test,21,97,22,defect,1.1379310344827587,tit_for_tat
NetworkRewiring_Test,21,97,23,defect,1.0,tit_for_tat
NetworkRewiring_Test,21,97,24,defect,1.0,tit_for_tat
NetworkRewiring_Test,21,97,25,cooperate,0.3103448275862069,tit_for_tat
NetworkRewiring_Test,21,97,26,defect,1.1379310344827587,tit_for_tat
NetworkRewiring_Test,21,97,27,cooperate,0.3103448275862069,tit_for_tat
NetworkRewiring_Test,21,97,28,cooperate,0.20689655172413793,tit_for_tat
NetworkRewiring_Test,21,97,29,cooperate,0.3103448275862069,tit_for_tat
NetworkRewiring_Test,21,98,0,defect,1.4137931034482758,lra_q
NetworkRewiring_Test,21,98,1,cooperate,0.20689655172413793,lra_q
NetworkRewiring_Test,21,98,2,cooperate,0.10344827586206896,lra_q
NetworkRewiring_Test,21,98,3,cooperate,0.20689655172413793,lra_q
NetworkRewiring_Test,21,98,4,defect,1.2758620689655173,lra_q
NetworkRewiring_Test,21,98,5,cooperate,0.10344827586206896,lra_q
NetworkRewiring_Test,21,98,6,defect,1.1379310344827587,lra_q
NetworkRewiring_Test,21,98,7,defect,1.2758620689655173,lra_q
NetworkRewiring_Test,21,98,8,defect,1.1379310344827587,lra_q
NetworkRewiring_Test,21,98,9,cooperate,0.0,lra_q
NetworkRewiring_Test,21,98,10,defect,1.5517241379310345,lra_q
NetworkRewiring_Test,21,98,11,defect,1.1379310344827587,lra_q
NetworkRewiring_Test,21,98,12,defect,1.1379310344827587,lra_q
NetworkRewiring_Test,21,98,13,cooperate,0.0,lra_q
NetworkRewiring_Test,21,98,14,defect,1.1379310344827587,lra_q
NetworkRewiring_Test,21,98,15,defect,1.1379310344827587,tit_for_tat
NetworkRewiring_Test,21,98,16,defect,1.1379310344827587,tit_for_tat
NetworkRewiring_Test,21,98,17,defect,1.0,tit_for_tat
NetworkRewiring_Test,21,98,18,defect,1.0,tit_for_tat
NetworkRewiring_Test,21,98,19,defect,1.0,tit_for_tat
NetworkRewiring_Test,21,98,20,defect,1.0,tit_for_tat
NetworkRewiring_Test,21,98,21,defect,1.1379310344827587,tit_for_tat
NetworkRewiring_Test,21,98,22,defect,1.0,tit_for_tat
NetworkRewiring_Test,21,98,23,defect,1.1379310344827587,tit_for_tat
NetworkRewiring_Test,21,98,24,defect,1.1379310344827587,tit_for_tat
NetworkRewiring_Test,21,98,25,cooperate,0.3103448275862069,tit_for_tat
NetworkRewiring_Test,21,98,26,defect,1.2758620689655173,tit_for_tat
NetworkRewiring_Test,21,98,27,cooperate,0.3103448275862069,tit_for_tat
NetworkRewiring_Test,21,98,28,cooperate,0.3103448275862069,tit_for_tat
NetworkRewiring_Test,21,98,29,cooperate,0.3103448275862069,tit_for_tat
NetworkRewiring_Test,21,99,0,defect,1.1379310344827587,lra_q
NetworkRewiring_Test,21,99,1,defect,1.2758620689655173,lra_q
NetworkRewiring_Test,21,99,2,cooperate,0.20689655172413793,lra_q
NetworkRewiring_Test,21,99,3,cooperate,0.0,lra_q
NetworkRewiring_Test,21,99,4,defect,1.1379310344827587,lra_q
NetworkRewiring_Test,21,99,5,cooperate,0.10344827586206896,lra_q
NetworkRewiring_Test,21,99,6,defect,1.2758620689655173,lra_q
NetworkRewiring_Test,21,99,7,defect,1.1379310344827587,lra_q
NetworkRewiring_Test,21,99,8,defect,1.1379310344827587,lra_q
NetworkRewiring_Test,21,99,9,defect,1.0,lra_q
NetworkRewiring_Test,21,99,10,defect,1.2758620689655173,lra_q
NetworkRewiring_Test,21,99,11,defect,1.0,lra_q
NetworkRewiring_Test,21,99,12,defect,1.1379310344827587,lra_q
NetworkRewiring_Test,21,99,13,cooperate,0.0,lra_q
NetworkRewiring_Test,21,99,14,defect,1.1379310344827587,lra_q
NetworkRewiring_Test,21,99,15,defect,1.2758620689655173,tit_for_tat
NetworkRewiring_Test,21,99,16,cooperate,0.10344827586206896,tit_for_tat
NetworkRewiring_Test,21,99,17,defect,1.1379310344827587,tit_for_tat
NetworkRewiring_Test,21,99,18,defect,1.1379310344827587,tit_for_tat
NetworkRewiring_Test,21,99,19,defect,1.0,tit_for_tat
NetworkRewiring_Test,21,99,20,defect,1.0,tit_for_tat
NetworkRewiring_Test,21,99,21,defect,1.1379310344827587,tit_for_tat
NetworkRewiring_Test,21,99,22,defect,1.0,tit_for_tat
NetworkRewiring_Test,21,99,23,defect,1.2758620689655173,tit_for_tat
NetworkRewiring_Test,21,99,24,cooperate,0.10344827586206896,tit_for_tat
NetworkRewiring_Test,21,99,25,defect,1.4137931034482758,tit_for_tat
NetworkRewiring_Test,21,99,26,defect,1.4137931034482758,tit_for_tat
NetworkRewiring_Test,21,99,27,cooperate,0.20689655172413793,tit_for_tat
NetworkRewiring_Test,21,99,28,cooperate,0.3103448275862069,tit_for_tat
NetworkRewiring_Test,21,99,29,cooperate,0.20689655172413793,tit_for_tat
NetworkRewiring_Test,21,100,0,cooperate,0.0,lra_q
NetworkRewiring_Test,21,100,1,defect,1.1379310344827587,lra_q
NetworkRewiring_Test,21,100,2,defect,1.4137931034482758,lra_q
NetworkRewiring_Test,21,100,3,defect,1.0,lra_q
NetworkRewiring_Test,21,100,4,defect,1.1379310344827587,lra_q
NetworkRewiring_Test,21,100,5,cooperate,0.20689655172413793,lra_q
NetworkRewiring_Test,21,100,6,defect,1.0,lra_q
NetworkRewiring_Test,21,100,7,defect,1.1379310344827587,lra_q
NetworkRewiring_Test,21,100,8,defect,1.2758620689655173,lra_q
NetworkRewiring_Test,21,100,9,defect,1.1379310344827587,lra_q
NetworkRewiring_Test,21,100,10,cooperate,0.10344827586206896,lra_q
NetworkRewiring_Test,21,100,11,defect,1.1379310344827587,lra_q
NetworkRewiring_Test,21,100,12,defect,1.1379310344827587,lra_q
NetworkRewiring_Test,21,100,13,cooperate,0.0,lra_q
NetworkRewiring_Test,21,100,14,defect,1.2758620689655173,lra_q
NetworkRewiring_Test,21,100,15,defect,1.2758620689655173,tit_for_tat
NetworkRewiring_Test,21,100,16,defect,1.1379310344827587,tit_for_tat
NetworkRewiring_Test,21,100,17,cooperate,0.0,tit_for_tat
NetworkRewiring_Test,21,100,18,defect,1.1379310344827587,tit_for_tat
NetworkRewiring_Test,21,100,19,defect,1.4137931034482758,tit_for_tat
NetworkRewiring_Test,21,100,20,defect,1.1379310344827587,tit_for_tat
NetworkRewiring_Test,21,100,21,cooperate,0.0,tit_for_tat
NetworkRewiring_Test,21,100,22,defect,1.4137931034482758,tit_for_tat
NetworkRewiring_Test,21,100,23,cooperate,0.0,tit_for_tat
NetworkRewiring_Test,21,100,24,defect,1.2758620689655173,tit_for_tat
NetworkRewiring_Test,21,100,25,defect,1.4137931034482758,tit_for_tat
NetworkRewiring_Test,21,100,26,cooperate,0.10344827586206896,tit_for_tat
NetworkRewiring_Test,21,100,27,cooperate,0.0,tit_for_tat
NetworkRewiring_Test,21,100,28,defect,1.5517241379310345,tit_for_tat
NetworkRewiring_Test,21,100,29,defect,1.1379310344827587,tit_for_tat
NetworkRewiring_Test,21,101,0,defect,1.5517241379310345,lra_q
NetworkRewiring_Test,21,101,1,cooperate,0.10344827586206896,lra_q
NetworkRewiring_Test,21,101,2,cooperate,0.10344827586206896,lra_q
NetworkRewiring_Test,21,101,3,defect,1.2758620689655173,lra_q
NetworkRewiring_Test,21,101,4,defect,1.0,lra_q
NetworkRewiring_Test,21,101,5,defect,1.2758620689655173,lra_q
NetworkRewiring_Test,21,101,6,cooperate,0.10344827586206896,lra_q
NetworkRewiring_Test,21,101,7,defect,1.1379310344827587,lra_q
NetworkRewiring_Test,21,101,8,cooperate,0.10344827586206896,lra_q
NetworkRewiring_Test,21,101,9,cooperate,0.10344827586206896,lra_q
NetworkRewiring_Test,21,101,10,cooperate,0.41379310344827586,lra_q
NetworkRewiring_Test,21,101,11,defect,1.2758620689655173,lra_q
NetworkRewiring_Test,21,101,12,defect,1.0,lra_q
NetworkRewiring_Test,21,101,13,defect,1.0,lra_q
NetworkRewiring_Test,21,101,14,defect,1.0,lra_q
NetworkRewiring_Test,21,101,15,defect,1.1379310344827587,tit_for_tat
NetworkRewiring_Test,21,101,16,defect,1.2758620689655173,tit_for_tat
NetworkRewiring_Test,21,101,17,defect,1.1379310344827587,tit_for_tat
NetworkRewiring_Test,21,101,18,defect,1.2758620689655173,tit_for_tat
NetworkRewiring_Test,21,101,19,cooperate,0.20689655172413793,tit_for_tat
NetworkRewiring_Test,21,101,20,cooperate,0.20689655172413793,tit_for_tat
NetworkRewiring_Test,21,101,21,defect,1.4137931034482758,tit_for_tat
NetworkRewiring_Test,21,101,22,cooperate,0.20689655172413793,tit_for_tat
NetworkRewiring_Test,21,101,23,defect,1.2758620689655173,tit_for_tat
NetworkRewiring_Test,21,101,24,cooperate,0.0,tit_for_tat
NetworkRewiring_Test,21,101,25,defect,1.1379310344827587,tit_for_tat
NetworkRewiring_Test,21,101,26,defect,1.4137931034482758,tit_for_tat
NetworkRewiring_Test,21,101,27,defect,1.1379310344827587,tit_for_tat
NetworkRewiring_Test,21,101,28,cooperate,0.10344827586206896,tit_for_tat
NetworkRewiring_Test,21,101,29,defect,1.4137931034482758,tit_for_tat
NetworkRewiring_Test,21,102,0,defect,1.4137931034482758,lra_q
NetworkRewiring_Test,21,102,1,cooperate,0.10344827586206896,lra_q
NetworkRewiring_Test,21,102,2,cooperate,0.5172413793103449,lra_q
NetworkRewiring_Test,21,102,3,defect,1.1379310344827587,lra_q
NetworkRewiring_Test,21,102,4,cooperate,0.0,lra_q
NetworkRewiring_Test,21,102,5,defect,1.4137931034482758,lra_q
NetworkRewiring_Test,21,102,6,defect,1.1379310344827587,lra_q
NetworkRewiring_Test,21,102,7,defect,1.1379310344827587,lra_q
NetworkRewiring_Test,21,102,8,defect,1.1379310344827587,lra_q
NetworkRewiring_Test,21,102,9,cooperate,0.10344827586206896,lra_q
NetworkRewiring_Test,21,102,10,defect,1.4137931034482758,lra_q
NetworkRewiring_Test,21,102,11,cooperate,0.41379310344827586,lra_q
NetworkRewiring_Test,21,102,12,cooperate,0.10344827586206896,lra_q
NetworkRewiring_Test,21,102,13,defect,1.2758620689655173,lra_q
NetworkRewiring_Test,21,102,14,cooperate,0.0,lra_q
NetworkRewiring_Test,21,102,15,defect,1.4137931034482758,tit_for_tat
NetworkRewiring_Test,21,102,16,defect,1.2758620689655173,tit_for_tat
NetworkRewiring_Test,21,102,17,defect,1.4137931034482758,tit_for_tat
NetworkRewiring_Test,21,102,18,cooperate,0.10344827586206896,tit_for_tat
NetworkRewiring_Test,21,102,19,cooperate,0.3103448275862069,tit_for_tat
NetworkRewiring_Test,21,102,20,defect,1.5517241379310345,tit_for_tat
NetworkRewiring_Test,21,102,21,cooperate,0.20689655172413793,tit_for_tat
NetworkRewiring_Test,21,102,22,cooperate,0.10344827586206896,tit_for_tat
NetworkRewiring_Test,21,102,23,cooperate,0.10344827586206896,tit_for_tat
NetworkRewiring_Test,21,102,24,defect,1.2758620689655173,tit_for_tat
NetworkRewiring_Test,21,102,25,defect,1.4137931034482758,tit_for_tat
NetworkRewiring_Test,21,102,26,cooperate,0.3103448275862069,tit_for_tat
NetworkRewiring_Test,21,102,27,cooperate,0.20689655172413793,tit_for_tat
NetworkRewiring_Test,21,102,28,cooperate,0.20689655172413793,tit_for_tat
NetworkRewiring_Test,21,102,29,cooperate,0.3103448275862069,tit_for_tat
NetworkRewiring_Test,21,103,0,defect,1.1379310344827587,lra_q
NetworkRewiring_Test,21,103,1,cooperate,0.20689655172413793,lra_q
NetworkRewiring_Test,21,103,2,cooperate,0.41379310344827586,lra_q
NetworkRewiring_Test,21,103,3,cooperate,0.10344827586206896,lra_q
NetworkRewiring_Test,21,103,4,cooperate,0.0,lra_q
NetworkRewiring_Test,21,103,5,defect,1.2758620689655173,lra_q
NetworkRewiring_Test,21,103,6,defect,1.1379310344827587,lra_q
NetworkRewiring_Test,21,103,7,defect,1.1379310344827587,lra_q
NetworkRewiring_Test,21,103,8,defect,1.1379310344827587,lra_q
NetworkRewiring_Test,21,103,9,cooperate,0.0,lra_q
NetworkRewiring_Test,21,103,10,defect,1.1379310344827587,lra_q
NetworkRewiring_Test,21,103,11,defect,1.4137931034482758,lra_q
NetworkRewiring_Test,21,103,12,defect,1.1379310344827587,lra_q
NetworkRewiring_Test,21,103,13,cooperate,0.10344827586206896,lra_q
NetworkRewiring_Test,21,103,14,cooperate,0.10344827586206896,lra_q
NetworkRewiring_Test,21,103,15,defect,1.2758620689655173,tit_for_tat
NetworkRewiring_Test,21,103,16,defect,1.1379310344827587,tit_for_tat
NetworkRewiring_Test,21,103,17,defect,1.1379310344827587,tit_for_tat
NetworkRewiring_Test,21,103,18,defect,1.1379310344827587,tit_for_tat
NetworkRewiring_Test,21,103,19,defect,1.4137931034482758,tit_for_tat
NetworkRewiring_Test,21,103,20,cooperate,0.10344827586206896,tit_for_tat
NetworkRewiring_Test,21,103,21,cooperate,0.10344827586206896,tit_for_tat
NetworkRewiring_Test,21,103,22,defect,1.2758620689655173,tit_for_tat
NetworkRewiring_Test,21,103,23,cooperate,0.20689655172413793,tit_for_tat
NetworkRewiring_Test,21,103,24,cooperate,0.20689655172413793,tit_for_tat
NetworkRewiring_Test,21,103,25,defect,1.5517241379310345,tit_for_tat
NetworkRewiring_Test,21,103,26,cooperate,0.20689655172413793,tit_for_tat
NetworkRewiring_Test,21,103,27,cooperate,0.10344827586206896,tit_for_tat
NetworkRewiring_Test,21,103,28,defect,1.2758620689655173,tit_for_tat
NetworkRewiring_Test,21,103,29,cooperate,0.20689655172413793,tit_for_tat
NetworkRewiring_Test,21,104,0,cooperate,0.3103448275862069,lra_q
NetworkRewiring_Test,21,104,1,defect,1.2758620689655173,lra_q
NetworkRewiring_Test,21,104,2,defect,1.4137931034482758,lra_q
NetworkRewiring_Test,21,104,3,cooperate,0.10344827586206896,lra_q
NetworkRewiring_Test,21,104,4,cooperate,0.10344827586206896,lra_q
NetworkRewiring_Test,21,104,5,defect,1.5517241379310345,lra_q
NetworkRewiring_Test,21,104,6,defect,1.1379310344827587,lra_q
NetworkRewiring_Test,21,104,7,defect,1.0,lra_q
NetworkRewiring_Test,21,104,8,cooperate,0.3103448275862069,lra_q
NetworkRewiring_Test,21,104,9,defect,1.1379310344827587,lra_q
NetworkRewiring_Test,21,104,10,cooperate,0.3103448275862069,lra_q
NetworkRewiring_Test,21,104,11,defect,1.1379310344827587,lra_q
NetworkRewiring_Test,21,104,12,defect,1.1379310344827587,lra_q
NetworkRewiring_Test,21,104,13,cooperate,0.0,lra_q
NetworkRewiring_Test,21,104,14,defect,1.1379310344827587,lra_q
NetworkRewiring_Test,21,104,15,defect,1.1379310344827587,tit_for_tat
NetworkRewiring_Test,21,104,16,defect,1.0,tit_for_tat
NetworkRewiring_Test,21,104,17,defect,1.0,tit_for_tat
NetworkRewiring_Test,21,104,18,defect,1.0,tit_for_tat
NetworkRewiring_Test,21,104,19,defect,1.1379310344827587,tit_for_tat
NetworkRewiring_Test,21,104,20,defect,1.0,tit_for_tat
NetworkRewiring_Test,21,104,21,defect,1.0,tit_for_tat
NetworkRewiring_Test,21,104,22,defect,1.2758620689655173,tit_for_tat
NetworkRewiring_Test,21,104,23,cooperate,0.10344827586206896,tit_for_tat
NetworkRewiring_Test,21,104,24,cooperate,0.20689655172413793,tit_for_tat
NetworkRewiring_Test,21,104,25,cooperate,0.6206896551724138,tit_for_tat
NetworkRewiring_Test,21,104,26,cooperate,0.10344827586206896,tit_for_tat
NetworkRewiring_Test,21,104,27,cooperate,0.3103448275862069,tit_for_tat
NetworkRewiring_Test,21,104,28,cooperate,0.41379310344827586,tit_for_tat
NetworkRewiring_Test,21,104,29,cooperate,0.41379310344827586,tit_for_tat
NetworkRewiring_Test,21,105,0,defect,1.5517241379310345,lra_q
NetworkRewiring_Test,21,105,1,defect,1.2758620689655173,lra_q
NetworkRewiring_Test,21,105,2,cooperate,0.10344827586206896,lra_q
NetworkRewiring_Test,21,105,3,cooperate,0.10344827586206896,lra_q
NetworkRewiring_Test,21,105,4,defect,1.1379310344827587,lra_q
NetworkRewiring_Test,21,105,5,defect,1.2758620689655173,lra_q
NetworkRewiring_Test,21,105,6,defect,1.2758620689655173,lra_q
NetworkRewiring_Test,21,105,7,cooperate,0.10344827586206896,lra_q
NetworkRewiring_Test,21,105,8,cooperate,0.10344827586206896,lra_q
NetworkRewiring_Test,21,105,9,cooperate,0.10344827586206896,lra_q
NetworkRewiring_Test,21,105,10,defect,1.6896551724137931,lra_q
NetworkRewiring_Test,21,105,11,defect,1.2758620689655173,lra_q
NetworkRewiring_Test,21,105,12,defect,1.0,lra_q
NetworkRewiring_Test,21,105,13,defect,1.0,lra_q
NetworkRewiring_Test,21,105,14,defect,1.0,lra_q
NetworkRewiring_Test,21,105,15,defect,1.1379310344827587,tit_for_tat
NetworkRewiring_Test,21,105,16,defect,1.1379310344827587,tit_for_tat
NetworkRewiring_Test,21,105,17,defect,1.1379310344827587,tit_for_tat
NetworkRewiring_Test,21,105,18,defect,1.1379310344827587,tit_for_tat
NetworkRewiring_Test,21,105,19,cooperate,0.0,tit_for_tat
NetworkRewiring_Test,21,105,20,defect,1.2758620689655173,tit_for_tat
NetworkRewiring_Test,21,105,21,defect,1.2758620689655173,tit_for_tat
NetworkRewiring_Test,21,105,22,cooperate,0.0,tit_for_tat
NetworkRewiring_Test,21,105,23,defect,1.2758620689655173,tit_for_tat
NetworkRewiring_Test,21,105,24,cooperate,0.0,tit_for_tat
NetworkRewiring_Test,21,105,25,cooperate,0.3103448275862069,tit_for_tat
NetworkRewiring_Test,21,105,26,defect,1.4137931034482758,tit_for_tat
NetworkRewiring_Test,21,105,27,cooperate,0.3103448275862069,tit_for_tat
NetworkRewiring_Test,21,105,28,cooperate,0.20689655172413793,tit_for_tat
NetworkRewiring_Test,21,105,29,cooperate,0.5172413793103449,tit_for_tat
NetworkRewiring_Test,21,106,0,defect,1.2758620689655173,lra_q
NetworkRewiring_Test,21,106,1,defect,1.2758620689655173,lra_q
NetworkRewiring_Test,21,106,2,cooperate,0.41379310344827586,lra_q
NetworkRewiring_Test,21,106,3,cooperate,0.10344827586206896,lra_q
NetworkRewiring_Test,21,106,4,defect,1.1379310344827587,lra_q
NetworkRewiring_Test,21,106,5,defect,1.4137931034482758,lra_q
NetworkRewiring_Test,21,106,6,defect,1.1379310344827587,lra_q
NetworkRewiring_Test,21,106,7,defect,1.1379310344827587,lra_q
NetworkRewiring_Test,21,106,8,defect,1.2758620689655173,lra_q
NetworkRewiring_Test,21,106,9,cooperate,0.20689655172413793,lra_q
NetworkRewiring_Test,21,106,10,cooperate,0.3103448275862069,lra_q
NetworkRewiring_Test,21,106,11,cooperate,0.41379310344827586,lra_q
NetworkRewiring_Test,21,106,12,cooperate,0.10344827586206896,lra_q
NetworkRewiring_Test,21,106,13,defect,1.2758620689655173,lra_q
NetworkRewiring_Test,21,106,14,cooperate,0.0,lra_q
NetworkRewiring_Test,21,106,15,defect,1.2758620689655173,tit_for_tat
NetworkRewiring_Test,21,106,16,defect,1.2758620689655173,tit_for_tat
NetworkRewiring_Test,21,106,17,defect,1.2758620689655173,tit_for_tat
NetworkRewiring_Test,21,106,18,cooperate,0.0,tit_for_tat
NetworkRewiring_Test,21,106,19,defect,1.4137931034482758,tit_for_tat
NetworkRewiring_Test,21,106,20,defect,1.2758620689655173,tit_for_tat
NetworkRewiring_Test,21,106,21,cooperate,0.0,tit_for_tat
NetworkRewiring_Test,21,106,22,defect,1.2758620689655173,tit_for_tat
NetworkRewiring_Test,21,106,23,cooperate,0.10344827586206896,tit_for_tat
NetworkRewiring_Test,21,106,24,defect,1.2758620689655173,tit_for_tat
NetworkRewiring_Test,21,106,25,cooperate,0.41379310344827586,tit_for_tat
NetworkRewiring_Test,21,106,26,cooperate,0.20689655172413793,tit_for_tat
NetworkRewiring_Test,21,106,27,cooperate,0.3103448275862069,tit_for_tat
NetworkRewiring_Test,21,106,28,cooperate,0.3103448275862069,tit_for_tat
NetworkRewiring_Test,21,106,29,cooperate,0.41379310344827586,tit_for_tat
NetworkRewiring_Test,21,107,0,cooperate,0.10344827586206896,lra_q
NetworkRewiring_Test,21,107,1,defect,1.2758620689655173,lra_q
NetworkRewiring_Test,21,107,2,defect,1.1379310344827587,lra_q
NetworkRewiring_Test,21,107,3,cooperate,0.0,lra_q
NetworkRewiring_Test,21,107,4,defect,1.0,lra_q
NetworkRewiring_Test,21,107,5,defect,1.0,lra_q
NetworkRewiring_Test,21,107,6,defect,1.2758620689655173,lra_q
NetworkRewiring_Test,21,107,7,defect,1.0,lra_q
NetworkRewiring_Test,21,107,8,cooperate,0.20689655172413793,lra_q
NetworkRewiring_Test,21,107,9,defect,1.0,lra_q
NetworkRewiring_Test,21,107,10,defect,1.1379310344827587,lra_q
NetworkRewiring_Test,21,107,11,defect,1.0,lra_q
NetworkRewiring_Test,21,107,12,defect,1.1379310344827587,lra_q
NetworkRewiring_Test,21,107,13,cooperate,0.10344827586206896,lra_q
NetworkRewiring_Test,21,107,14,cooperate,0.10344827586206896,lra_q
NetworkRewiring_Test,21,107,15,defect,1.2758620689655173,tit_for_tat
NetworkRewiring_Test,21,107,16,defect,1.0,tit_for_tat
NetworkRewiring_Test,21,107,17,defect,1.2758620689655173,tit_for_tat
NetworkRewiring_Test,21,107,18,defect,1.1379310344827587,tit_for_tat
NetworkRewiring_Test,21,107,19,cooperate,0.0,tit_for_tat
NetworkRewiring_Test,21,107,20,defect,1.1379310344827587,tit_for_tat
NetworkRewiring_Test,21,107,21,defect,1.1379310344827587,tit_for_tat
NetworkRewiring_Test,21,107,22,defect,1.1379310344827587,tit_for_tat
NetworkRewiring_Test,21,107,23,defect,1.1379310344827587,tit_for_tat
NetworkRewiring_Test,21,107,24,cooperate,0.0,tit_for_tat
NetworkRewiring_Test,21,107,25,defect,1.5517241379310345,tit_for_tat
NetworkRewiring_Test,21,107,26,defect,1.2758620689655173,tit_for_tat
NetworkRewiring_Test,21,107,27,cooperate,0.10344827586206896,tit_for_tat
NetworkRewiring_Test,21,107,28,defect,1.4137931034482758,tit_for_tat
NetworkRewiring_Test,21,107,29,cooperate,0.20689655172413793,tit_for_tat
NetworkRewiring_Test,21,108,0,cooperate,0.3103448275862069,lra_q
NetworkRewiring_Test,21,108,1,defect,1.2758620689655173,lra_q
NetworkRewiring_Test,21,108,2,cooperate,0.0,lra_q
NetworkRewiring_Test,21,108,3,defect,1.1379310344827587,lra_q
NetworkRewiring_Test,21,108,4,cooperate,0.20689655172413793,lra_q
NetworkRewiring_Test,21,108,5,cooperate,0.3103448275862069,lra_q
NetworkRewiring_Test,21,108,6,defect,1.0,lra_q
NetworkRewiring_Test,21,108,7,cooperate,0.10344827586206896,lra_q
NetworkRewiring_Test,21,108,8,cooperate,0.10344827586206896,lra_q
NetworkRewiring_Test,21,108,9,defect,1.1379310344827587,lra_q
NetworkRewiring_Test,21,108,10,defect,1.5517241379310345,lra_q
NetworkRewiring_Test,21,108,11,defect,1.1379310344827587,lra_q
NetworkRewiring_Test,21,108,12,defect,1.1379310344827587,lra_q
NetworkRewiring_Test,21,108,13,cooperate,0.0,lra_q
NetworkRewiring_Test,21,108,14,defect,1.2758620689655173,lra_q
NetworkRewiring_Test,21,108,15,defect,1.2758620689655173,tit_for_tat
NetworkRewiring_Test,21,108,16,defect,1.2758620689655173,tit_for_tat
NetworkRewiring_Test,21,108,17,cooperate,0.0,tit_for_tat
NetworkRewiring_Test,21,108,18,defect,1.1379310344827587,tit_for_tat
NetworkRewiring_Test,21,108,19,defect,1.2758620689655173,tit_for_tat
NetworkRewiring_Test,21,108,20,defect,1.1379310344827587,tit_for_tat
NetworkRewiring_Test,21,108,21,cooperate,0.0,tit_for_tat
NetworkRewiring_Test,21,108,22,defect,1.2758620689655173,tit_for_tat
NetworkRewiring_Test,21,108,23,defect,1.1379310344827587,tit_for_tat
NetworkRewiring_Test,21,108,24,defect,1.0,tit_for_tat
NetworkRewiring_Test,21,108,25,cooperate,0.20689655172413793,tit_for_tat
NetworkRewiring_Test,21,108,26,defect,1.2758620689655173,tit_for_tat
NetworkRewiring_Test,21,108,27,defect,1.2758620689655173,tit_for_tat
NetworkRewiring_Test,21,108,28,cooperate,0.20689655172413793,tit_for_tat
NetworkRewiring_Test,21,108,29,defect,1.5517241379310345,tit_for_tat
NetworkRewiring_Test,21,109,0,defect,1.4137931034482758,lra_q
NetworkRewiring_Test,21,109,1,defect,1.1379310344827587,lra_q
NetworkRewiring_Test,21,109,2,cooperate,0.20689655172413793,lra_q
NetworkRewiring_Test,21,109,3,defect,1.2758620689655173,lra_q
NetworkRewiring_Test,21,109,4,cooperate,0.10344827586206896,lra_q
NetworkRewiring_Test,21,109,5,defect,1.4137931034482758,lra_q
NetworkRewiring_Test,21,109,6,cooperate,0.20689655172413793,lra_q
NetworkRewiring_Test,21,109,7,defect,1.1379310344827587,lra_q
NetworkRewiring_Test,21,109,8,defect,1.0,lra_q
NetworkRewiring_Test,21,109,9,cooperate,0.0,lra_q
NetworkRewiring_Test,21,109,10,defect,1.5517241379310345,lra_q
NetworkRewiring_Test,21,109,11,defect,1.4137931034482758,lra_q
NetworkRewiring_Test,21,109,12,defect,1.0,lra_q
NetworkRewiring_Test,21,109,13,defect,1.0,lra_q
NetworkRewiring_Test,21,109,14,defect,1.0,lra_q
NetworkRewiring_Test,21,109,15,defect,1.2758620689655173,tit_for_tat
NetworkRewiring_Test,21,109,16,cooperate,0.20689655172413793,tit_for_tat
NetworkRewiring_Test,21,109,17,defect,1.2758620689655173,tit_for_tat
NetworkRewiring_Test,21,109,18,defect,1.2758620689655173,tit_for_tat
NetworkRewiring_Test,21,109,19,cooperate,0.20689655172413793,tit_for_tat
NetworkRewiring_Test,21,109,20,defect,1.2758620689655173,tit_for_tat
NetworkRewiring_Test,21,109,21,defect,1.2758620689655173,tit_for_tat
NetworkRewiring_Test,21,109,22,cooperate,0.0,tit_for_tat
NetworkRewiring_Test,21,109,23,defect,1.1379310344827587,tit_for_tat
NetworkRewiring_Test,21,109,24,defect,1.1379310344827587,tit_for_tat
NetworkRewiring_Test,21,109,25,cooperate,0.20689655172413793,tit_for_tat
NetworkRewiring_Test,21,109,26,cooperate,0.20689655172413793,tit_for_tat
NetworkRewiring_Test,21,109,27,cooperate,0.20689655172413793,tit_for_tat
NetworkRewiring_Test,21,109,28,cooperate,0.10344827586206896,tit_for_tat
NetworkRewiring_Test,21,109,29,defect,1.5517241379310345,tit_for_tat
NetworkRewiring_Test,21,110,0,defect,1.1379310344827587,lra_q
NetworkRewiring_Test,21,110,1,cooperate,0.0,lra_q
NetworkRewiring_Test,21,110,2,defect,1.4137931034482758,lra_q
NetworkRewiring_Test,21,110,3,defect,1.1379310344827587,lra_q
NetworkRewiring_Test,21,110,4,defect,1.0,lra_q
NetworkRewiring_Test,21,110,5,defect,1.0,lra_q
NetworkRewiring_Test,21,110,6,defect,1.0,lra_q
NetworkRewiring_Test,21,110,7,defect,1.0,lra_q
NetworkRewiring_Test,21,110,8,defect,1.1379310344827587,lra_q
NetworkRewiring_Test,21,110,9,defect,1.0,lra_q
NetworkRewiring_Test,21,110,10,defect,1.0,lra_q
NetworkRewiring_Test,21,110,11,defect,1.1379310344827587,lra_q
NetworkRewiring_Test,21,110,12,cooperate,0.0,lra_q
NetworkRewiring_Test,21,110,13,defect,1.2758620689655173,lra_q
NetworkRewiring_Test,21,110,14,cooperate,0.0,lra_q
NetworkRewiring_Test,21,110,15,defect,1.2758620689655173,tit_for_tat
NetworkRewiring_Test,21,110,16,defect,1.0,tit_for_tat
NetworkRewiring_Test,21,110,17,defect,1.1379310344827587,tit_for_tat
NetworkRewiring_Test,21,110,18,defect,1.1379310344827587,tit_for_tat
NetworkRewiring_Test,21,110,19,defect,1.2758620689655173,tit_for_tat
NetworkRewiring_Test,21,110,20,cooperate,0.10344827586206896,tit_for_tat
NetworkRewiring_Test,21,110,21,cooperate,0.10344827586206896,tit_for_tat
NetworkRewiring_Test,21,110,22,defect,1.2758620689655173,tit_for_tat
NetworkRewiring_Test,21,110,23,cooperate,0.10344827586206896,tit_for_tat
NetworkRewiring_Test,21,110,24,cooperate,0.10344827586206896,tit_for_tat
NetworkRewiring_Test,21,110,25,defect,1.2758620689655173,tit_for_tat
NetworkRewiring_Test,21,110,26,defect,1.1379310344827587,tit_for_tat
NetworkRewiring_Test,21,110,27,cooperate,0.10344827586206896,tit_for_tat
NetworkRewiring_Test,21,110,28,defect,1.2758620689655173,tit_for_tat
NetworkRewiring_Test,21,110,29,cooperate,0.10344827586206896,tit_for_tat
NetworkRewiring_Test,21,111,0,cooperate,0.3103448275862069,lra_q
NetworkRewiring_Test,21,111,1,cooperate,0.20689655172413793,lra_q
NetworkRewiring_Test,21,111,2,cooperate,0.20689655172413793,lra_q
NetworkRewiring_Test,21,111,3,defect,1.2758620689655173,lra_q
NetworkRewiring_Test,21,111,4,cooperate,0.10344827586206896,lra_q
NetworkRewiring_Test,21,111,5,cooperate,0.41379310344827586,lra_q
NetworkRewiring_Test,21,111,6,cooperate,0.0,lra_q
NetworkRewiring_Test,21,111,7,cooperate,0.10344827586206896,lra_q
NetworkRewiring_Test,21,111,8,defect,1.2758620689655173,lra_q
NetworkRewiring_Test,21,111,9,defect,1.2758620689655173,lra_q
NetworkRewiring_Test,21,111,10,cooperate,0.3103448275862069,lra_q
NetworkRewiring_Test,21,111,11,defect,1.2758620689655173,lra_q
NetworkRewiring_Test,21,111,12,cooperate,0.20689655172413793,lra_q
NetworkRewiring_Test,21,111,13,cooperate,0.3103448275862069,lra_q
NetworkRewiring_Test,21,111,14,cooperate,0.20689655172413793,lra_q
NetworkRewiring_Test,21,111,15,cooperate,0.41379310344827586,tit_for_tat
NetworkRewiring_Test,21,111,16,defect,1.4137931034482758,tit_for_tat
NetworkRewiring_Test,21,111,17,defect,1.2758620689655173,tit_for_tat
NetworkRewiring_Test,21,111,18,defect,1.1379310344827587,tit_for_tat
NetworkRewiring_Test,21,111,19,defect,1.2758620689655173,tit_for_tat
NetworkRewiring_Test,21,111,20,cooperate,0.10344827586206896,tit_for_tat
NetworkRewiring_Test,21,111,21,defect,1.2758620689655173,tit_for_tat
NetworkRewiring_Test,21,111,22,cooperate,0.41379310344827586,tit_for_tat
NetworkRewiring_Test,21,111,23,cooperate,0.20689655172413793,tit_for_tat
NetworkRewiring_Test,21,111,24,cooperate,0.10344827586206896,tit_for_tat
NetworkRewiring_Test,21,111,25,defect,1.4137931034482758,tit_for_tat
NetworkRewiring_Test,21,111,26,defect,1.4137931034482758,tit_for_tat
NetworkRewiring_Test,21,111,27,defect,1.1379310344827587,tit_for_tat
NetworkRewiring_Test,21,111,28,cooperate,0.3103448275862069,tit_for_tat
NetworkRewiring_Test,21,111,29,defect,1.2758620689655173,tit_for_tat
NetworkRewiring_Test,21,112,0,defect,1.4137931034482758,lra_q
NetworkRewiring_Test,21,112,1,defect,1.0,lra_q
NetworkRewiring_Test,21,112,2,defect,1.6896551724137931,lra_q
NetworkRewiring_Test,21,112,3,defect,1.2758620689655173,lra_q
NetworkRewiring_Test,21,112,4,defect,1.1379310344827587,lra_q
NetworkRewiring_Test,21,112,5,defect,1.2758620689655173,lra_q
NetworkRewiring_Test,21,112,6,cooperate,0.20689655172413793,lra_q
NetworkRewiring_Test,21,112,7,defect,1.0,lra_q
NetworkRewiring_Test,21,112,8,cooperate,0.10344827586206896,lra_q
NetworkRewiring_Test,21,112,9,defect,1.1379310344827587,lra_q
NetworkRewiring_Test,21,112,10,defect,1.4137931034482758,lra_q
NetworkRewiring_Test,21,112,11,cooperate,0.10344827586206896,lra_q
NetworkRewiring_Test,21,112,12,defect,1.2758620689655173,lra_q
NetworkRewiring_Test,21,112,13,defect,1.1379310344827587,lra_q
NetworkRewiring_Test,21,112,14,defect,1.1379310344827587,lra_q
NetworkRewiring_Test,21,112,15,cooperate,0.10344827586206896,tit_for_tat
NetworkRewiring_Test,21,112,16,cooperate,0.20689655172413793,tit_for_tat
NetworkRewiring_Test,21,112,17,defect,1.4137931034482758,tit_for_tat
NetworkRewiring_Test,21,112,18,defect,1.2758620689655173,tit_for_tat
NetworkRewiring_Test,21,112,19,cooperate,0.3103448275862069,tit_for_tat
NetworkRewiring_Test,21,112,20,defect,1.2758620689655173,tit_for_tat
NetworkRewiring_Test,21,112,21,cooperate,0.10344827586206896,tit_for_tat
NetworkRewiring_Test,21,112,22,defect,1.2758620689655173,tit_for_tat
NetworkRewiring_Test,21,112,23,cooperate,0.10344827586206896,tit_for_tat
NetworkRewiring_Test,21,112,24,cooperate,0.20689655172413793,tit_for_tat
NetworkRewiring_Test,21,112,25,cooperate,0.20689655172413793,tit_for_tat
NetworkRewiring_Test,21,112,26,cooperate,0.3103448275862069,tit_for_tat
NetworkRewiring_Test,21,112,27,cooperate,0.3103448275862069,tit_for_tat
NetworkRewiring_Test,21,112,28,cooperate,0.20689655172413793,tit_for_tat
NetworkRewiring_Test,21,112,29,cooperate,0.41379310344827586,tit_for_tat
NetworkRewiring_Test,21,113,0,defect,1.2758620689655173,lra_q
NetworkRewiring_Test,21,113,1,cooperate,0.0,lra_q
NetworkRewiring_Test,21,113,2,defect,1.4137931034482758,lra_q
NetworkRewiring_Test,21,113,3,defect,1.1379310344827587,lra_q
NetworkRewiring_Test,21,113,4,defect,1.0,lra_q
NetworkRewiring_Test,21,113,5,defect,1.4137931034482758,lra_q
NetworkRewiring_Test,21,113,6,defect,1.1379310344827587,lra_q
NetworkRewiring_Test,21,113,7,cooperate,0.10344827586206896,lra_q
NetworkRewiring_Test,21,113,8,defect,1.1379310344827587,lra_q
NetworkRewiring_Test,21,113,9,cooperate,0.10344827586206896,lra_q
NetworkRewiring_Test,21,113,10,defect,1.2758620689655173,lra_q
NetworkRewiring_Test,21,113,11,defect,1.2758620689655173,lra_q
NetworkRewiring_Test,21,113,12,defect,1.1379310344827587,lra_q
NetworkRewiring_Test,21,113,13,cooperate,0.0,lra_q
NetworkRewiring_Test,21,113,14,defect,1.2758620689655173,lra_q
NetworkRewiring_Test,21,113,15,defect,1.2758620689655173,tit_for_tat
NetworkRewiring_Test,21,113,16,defect,1.1379310344827587,tit_for_tat
NetworkRewiring_Test,21,113,17,cooperate,0.10344827586206896,tit_for_tat
NetworkRewiring_Test,21,113,18,defect,1.4137931034482758,tit_for_tat
NetworkRewiring_Test,21,113,19,cooperate,0.3103448275862069,tit_for_tat
NetworkRewiring_Test,21,113,20,cooperate,0.10344827586206896,tit_for_tat
NetworkRewiring_Test,21,113,21,defect,1.2758620689655173,tit_for_tat
NetworkRewiring_Test,21,113,22,defect,1.1379310344827587,tit_for_tat
NetworkRewiring_Test,21,113,23,defect,1.1379310344827587,tit_for_tat
NetworkRewiring_Test,21,113,24,cooperate,0.10344827586206896,tit_for_tat
NetworkRewiring_Test,21,113,25,defect,1.2758620689655173,tit_for_tat
NetworkRewiring_Test,21,113,26,cooperate,0.20689655172413793,tit_for_tat
NetworkRewiring_Test,21,113,27,cooperate,0.20689655172413793,tit_for_tat
NetworkRewiring_Test,21,113,28,cooperate,0.20689655172413793,tit_for_tat
NetworkRewiring_Test,21,113,29,cooperate,0.20689655172413793,tit_for_tat
NetworkRewiring_Test,21,114,0,defect,1.1379310344827587,lra_q
NetworkRewiring_Test,21,114,1,cooperate,0.20689655172413793,lra_q
NetworkRewiring_Test,21,114,2,cooperate,0.20689655172413793,lra_q
NetworkRewiring_Test,21,114,3,cooperate,0.20689655172413793,lra_q
NetworkRewiring_Test,21,114,4,cooperate,0.0,lra_q
NetworkRewiring_Test,21,114,5,defect,1.2758620689655173,lra_q
NetworkRewiring_Test,21,114,6,cooperate,0.10344827586206896,lra_q
NetworkRewiring_Test,21,114,7,defect,1.1379310344827587,lra_q
NetworkRewiring_Test,21,114,8,defect,1.1379310344827587,lra_q
NetworkRewiring_Test,21,114,9,cooperate,0.20689655172413793,lra_q
NetworkRewiring_Test,21,114,10,cooperate,0.10344827586206896,lra_q
NetworkRewiring_Test,21,114,11,cooperate,0.20689655172413793,lra_q
NetworkRewiring_Test,21,114,12,defect,1.2758620689655173,lra_q
NetworkRewiring_Test,21,114,13,defect,1.1379310344827587,lra_q
NetworkRewiring_Test,21,114,14,defect,1.1379310344827587,lra_q
NetworkRewiring_Test,21,114,15,cooperate,0.0,tit_for_tat
NetworkRewiring_Test,21,114,16,defect,1.4137931034482758,tit_for_tat
NetworkRewiring_Test,21,114,17,defect,1.1379310344827587,tit_for_tat
NetworkRewiring_Test,21,114,18,defect,1.0,tit_for_tat
NetworkRewiring_Test,21,114,19,defect,1.2758620689655173,tit_for_tat
NetworkRewiring_Test,21,114,20,defect,1.1379310344827587,tit_for_tat
NetworkRewiring_Test,21,114,21,cooperate,0.0,tit_for_tat
NetworkRewiring_Test,21,114,22,defect,1.4137931034482758,tit_for_tat
NetworkRewiring_Test,21,114,23,defect,1.2758620689655173,tit_for_tat
NetworkRewiring_Test,21,114,24,cooperate,0.0,tit_for_tat
NetworkRewiring_Test,21,114,25,defect,1.4137931034482758,tit_for_tat
NetworkRewiring_Test,21,114,26,defect,1.4137931034482758,tit_for_tat
NetworkRewiring_Test,21,114,27,defect,1.0,tit_for_tat
NetworkRewiring_Test,21,114,28,defect,1.1379310344827587,tit_for_tat
NetworkRewiring_Test,21,114,29,defect,1.1379310344827587,tit_for_tat
NetworkRewiring_Test,21,115,0,cooperate,0.0,lra_q
NetworkRewiring_Test,21,115,1,defect,1.2758620689655173,lra_q
NetworkRewiring_Test,21,115,2,cooperate,0.41379310344827586,lra_q
NetworkRewiring_Test,21,115,3,defect,1.0,lra_q
NetworkRewiring_Test,21,115,4,cooperate,0.0,lra_q
NetworkRewiring_Test,21,115,5,defect,1.4137931034482758,lra_q
NetworkRewiring_Test,21,115,6,defect,1.1379310344827587,lra_q
NetworkRewiring_Test,21,115,7,defect,1.0,lra_q
NetworkRewiring_Test,21,115,8,defect,1.2758620689655173,lra_q
NetworkRewiring_Test,21,115,9,defect,1.2758620689655173,lra_q
NetworkRewiring_Test,21,115,10,cooperate,0.0,lra_q
NetworkRewiring_Test,21,115,11,cooperate,0.20689655172413793,lra_q
NetworkRewiring_Test,21,115,12,defect,1.2758620689655173,lra_q
NetworkRewiring_Test,21,115,13,cooperate,0.0,lra_q
NetworkRewiring_Test,21,115,14,defect,1.1379310344827587,lra_q
NetworkRewiring_Test,21,115,15,defect,1.2758620689655173,tit_for_tat
NetworkRewiring_Test,21,115,16,cooperate,0.10344827586206896,tit_for_tat
NetworkRewiring_Test,21,115,17,defect,1.1379310344827587,tit_for_tat
NetworkRewiring_Test,21,115,18,defect,1.1379310344827587,tit_for_tat
NetworkRewiring_Test,21,115,19,defect,1.1379310344827587,tit_for_tat
NetworkRewiring_Test,21,115,20,defect,1.0,tit_for_tat
NetworkRewiring_Test,21,115,21,defect,1.0,tit_for_tat
NetworkRewiring_Test,21,115,22,defect,1.2758620689655173,tit_for_tat
NetworkRewiring_Test,21,115,23,cooperate,0.10344827586206896,tit_for_tat
NetworkRewiring_Test,21,115,24,defect,1.2758620689655173,tit_for_tat
NetworkRewiring_Test,21,115,25,defect,1.4137931034482758,tit_for_tat
NetworkRewiring_Test,21,115,26,cooperate,0.20689655172413793,tit_for_tat
NetworkRewiring_Test,21,115,27,defect,1.0,tit_for_tat
NetworkRewiring_Test,21,115,28,defect,1.2758620689655173,tit_for_tat
NetworkRewiring_Test,21,115,29,defect,1.1379310344827587,tit_for_tat
NetworkRewiring_Test,21,116,0,cooperate,0.3103448275862069,lra_q
NetworkRewiring_Test,21,116,1,cooperate,0.10344827586206896,lra_q
NetworkRewiring_Test,21,116,2,defect,1.4137931034482758,lra_q
NetworkRewiring_Test,21,116,3,defect,1.2758620689655173,lra_q
NetworkRewiring_Test,21,116,4,cooperate,0.10344827586206896,lra_q
NetworkRewiring_Test,21,116,5,defect,1.4137931034482758,lra_q
NetworkRewiring_Test,21,116,6,defect,1.0,lra_q
NetworkRewiring_Test,21,116,7,cooperate,0.0,lra_q
NetworkRewiring_Test,21,116,8,cooperate,0.20689655172413793,lra_q
NetworkRewiring_Test,21,116,9,defect,1.4137931034482758,lra_q
NetworkRewiring_Test,21,116,10,cooperate,0.20689655172413793,lra_q
NetworkRewiring_Test,21,116,11,cooperate,0.0,lra_q
NetworkRewiring_Test,21,116,12,defect,1.1379310344827587,lra_q
NetworkRewiring_Test,21,116,13,defect,1.0,lra_q
NetworkRewiring_Test,21,116,14,defect,1.0,lra_q
NetworkRewiring_Test,21,116,15,defect,1.0,tit_for_tat
NetworkRewiring_Test,21,116,16,defect,1.0,tit_for_tat
NetworkRewiring_Test,21,116,17,defect,1.0,tit_for_tat
NetworkRewiring_Test,21,116,18,defect,1.0,tit_for_tat
NetworkRewiring_Test,21,116,19,defect,1.0,tit_for_tat
NetworkRewiring_Test,21,116,20,defect,1.0,tit_for_tat
NetworkRewiring_Test,21,116,21,defect,1.0,tit_for_tat
NetworkRewiring_Test,21,116,22,defect,1.2758620689655173,tit_for_tat
NetworkRewiring_Test,21,116,23,cooperate,0.10344827586206896,tit_for_tat
NetworkRewiring_Test,21,116,24,cooperate,0.10344827586206896,tit_for_tat
NetworkRewiring_Test,21,116,25,cooperate,0.3103448275862069,tit_for_tat
NetworkRewiring_Test,21,116,26,defect,1.2758620689655173,tit_for_tat
NetworkRewiring_Test,21,116,27,defect,1.1379310344827587,tit_for_tat
NetworkRewiring_Test,21,116,28,defect,1.2758620689655173,tit_for_tat
NetworkRewiring_Test,21,116,29,defect,1.2758620689655173,tit_for_tat
NetworkRewiring_Test,21,117,0,defect,1.6896551724137931,lra_q
NetworkRewiring_Test,21,117,1,cooperate,0.10344827586206896,lra_q
NetworkRewiring_Test,21,117,2,cooperate,0.3103448275862069,lra_q
NetworkRewiring_Test,21,117,3,defect,1.4137931034482758,lra_q
NetworkRewiring_Test,21,117,4,defect,1.1379310344827587,lra_q
NetworkRewiring_Test,21,117,5,defect,1.5517241379310345,lra_q
NetworkRewiring_Test,21,117,6,cooperate,0.0,lra_q
NetworkRewiring_Test,21,117,7,cooperate,0.0,lra_q
NetworkRewiring_Test,21,117,8,cooperate,0.10344827586206896,lra_q
NetworkRewiring_Test,21,117,9,defect,1.2758620689655173,lra_q
NetworkRewiring_Test,21,117,10,cooperate,0.41379310344827586,lra_q
NetworkRewiring_Test,21,117,11,defect,1.2758620689655173,lra_q
NetworkRewiring_Test,21,117,12,defect,1.0,lra_q
NetworkRewiring_Test,21,117,13,defect,1.1379310344827587,lra_q
NetworkRewiring_Test,21,117,14,cooperate,0.0,lra_q
NetworkRewiring_Test,21,117,15,defect,1.2758620689655173,tit_for_tat
NetworkRewiring_Test,21,117,16,defect,1.2758620689655173,tit_for_tat
NetworkRewiring_Test,21,117,17,defect,1.1379310344827587,tit_for_tat
NetworkRewiring_Test,21,117,18,defect,1.0,tit_for_tat
NetworkRewiring_Test,21,117,19,defect,1.2758620689655173,tit_for_tat
NetworkRewiring_Test,21,117,20,defect,1.1379310344827587,tit_for_tat
NetworkRewiring_Test,21,117,21,defect,1.1379310344827587,tit_for_tat
NetworkRewiring_Test,21,117,22,cooperate,0.10344827586206896,tit_for_tat
NetworkRewiring_Test,21,117,23,cooperate,0.20689655172413793,tit_for_tat
NetworkRewiring_Test,21,117,24,cooperate,0.20689655172413793,tit_for_tat
NetworkRewiring_Test,21,117,25,cooperate,0.20689655172413793,tit_for_tat
NetworkRewiring_Test,21,117,26,cooperate,0.20689655172413793,tit_for_tat
NetworkRewiring_Test,21,117,27,cooperate,0.20689655172413793,tit_for_tat
NetworkRewiring_Test,21,117,28,cooperate,0.20689655172413793,tit_for_tat
NetworkRewiring_Test,21,117,29,defect,1.6896551724137931,tit_for_tat
NetworkRewiring_Test,21,118,0,cooperate,0.10344827586206896,lra_q
NetworkRewiring_Test,21,118,1,cooperate,0.20689655172413793,lra_q
NetworkRewiring_Test,21,118,2,cooperate,0.41379310344827586,lra_q
NetworkRewiring_Test,21,118,3,defect,1.2758620689655173,lra_q
NetworkRewiring_Test,21,118,4,defect,1.0,lra_q
NetworkRewiring_Test,21,118,5,defect,1.1379310344827587,lra_q
NetworkRewiring_Test,21,118,6,cooperate,0.0,lra_q
NetworkRewiring_Test,21,118,7,cooperate,0.0,lra_q
NetworkRewiring_Test,21,118,8,defect,1.2758620689655173,lra_q
NetworkRewiring_Test,21,118,9,defect,1.2758620689655173,lra_q
NetworkRewiring_Test,21,118,10,defect,1.0,lra_q
NetworkRewiring_Test,21,118,11,cooperate,0.20689655172413793,lra_q
NetworkRewiring_Test,21,118,12,cooperate,0.20689655172413793,lra_q
NetworkRewiring_Test,21,118,13,cooperate,0.20689655172413793,lra_q
NetworkRewiring_Test,21,118,14,cooperate,0.10344827586206896,lra_q
NetworkRewiring_Test,21,118,15,defect,1.4137931034482758,tit_for_tat
NetworkRewiring_Test,21,118,16,defect,1.2758620689655173,tit_for_tat
NetworkRewiring_Test,21,118,17,defect,1.1379310344827587,tit_for_tat
NetworkRewiring_Test,21,118,18,defect,1.1379310344827587,tit_for_tat
NetworkRewiring_Test,21,118,19,defect,1.2758620689655173,tit_for_tat
NetworkRewiring_Test,21,118,20,cooperate,0.0,tit_for_tat
NetworkRewiring_Test,21,118,21,defect,1.1379310344827587,tit_for_tat
NetworkRewiring_Test,21,118,22,defect,1.2758620689655173,tit_for_tat
NetworkRewiring_Test,21,118,23,cooperate,0.20689655172413793,tit_for_tat
NetworkRewiring_Test,21,118,24,cooperate,0.10344827586206896,tit_for_tat
NetworkRewiring_Test,21,118,25,defect,1.4137931034482758,tit_for_tat
NetworkRewiring_Test,21,118,26,defect,1.4137931034482758,tit_for_tat
NetworkRewiring_Test,21,118,27,cooperate,0.10344827586206896,tit_for_tat
NetworkRewiring_Test,21,118,28,defect,1.4137931034482758,tit_for_tat
NetworkRewiring_Test,21,118,29,cooperate,0.20689655172413793,tit_for_tat
NetworkRewiring_Test,21,119,0,cooperate,0.20689655172413793,lra_q
NetworkRewiring_Test,21,119,1,defect,1.1379310344827587,lra_q
NetworkRewiring_Test,21,119,2,defect,1.5517241379310345,lra_q
NetworkRewiring_Test,21,119,3,defect,1.2758620689655173,lra_q
NetworkRewiring_Test,21,119,4,cooperate,0.20689655172413793,lra_q
NetworkRewiring_Test,21,119,5,cooperate,0.41379310344827586,lra_q
NetworkRewiring_Test,21,119,6,cooperate,0.10344827586206896,lra_q
NetworkRewiring_Test,21,119,7,cooperate,0.10344827586206896,lra_q
NetworkRewiring_Test,21,119,8,cooperate,0.3103448275862069,lra_q
NetworkRewiring_Test,21,119,9,defect,1.4137931034482758,lra_q
NetworkRewiring_Test,21,119,10,cooperate,0.3103448275862069,lra_q
NetworkRewiring_Test,21,119,11,cooperate,0.10344827586206896,lra_q
NetworkRewiring_Test,21,119,12,defect,1.4137931034482758,lra_q
NetworkRewiring_Test,21,119,13,cooperate,0.10344827586206896,lra_q
NetworkRewiring_Test,21,119,14,defect,1.2758620689655173,lra_q
NetworkRewiring_Test,21,119,15,cooperate,0.10344827586206896,tit_for_tat
NetworkRewiring_Test,21,119,16,defect,1.2758620689655173,tit_for_tat
NetworkRewiring_Test,21,119,17,defect,1.2758620689655173,tit_for_tat
NetworkRewiring_Test,21,119,18,defect,1.1379310344827587,tit_for_tat
NetworkRewiring_Test,21,119,19,cooperate,0.20689655172413793,tit_for_tat
NetworkRewiring_Test,21,119,20,defect,1.1379310344827587,tit_for_tat
NetworkRewiring_Test,21,119,21,defect,1.1379310344827587,tit_for_tat
NetworkRewiring_Test,21,119,22,defect,1.4137931034482758,tit_for_tat
NetworkRewiring_Test,21,119,23,cooperate,0.0,tit_for_tat
NetworkRewiring_Test,21,119,24,defect,1.2758620689655173,tit_for_tat
NetworkRewiring_Test,21,119,25,cooperate,0.5172413793103449,tit_for_tat
NetworkRewiring_Test,21,119,26,cooperate,0.3103448275862069,tit_for_tat
NetworkRewiring_Test,21,119,27,cooperate,0.20689655172413793,tit_for_tat
NetworkRewiring_Test,21,119,28,defect,1.6896551724137931,tit_for_tat
NetworkRewiring_Test,21,119,29,cooperate,0.3103448275862069,tit_for_tat
NetworkRewiring_Test,21,120,0,defect,1.6896551724137931,lra_q
NetworkRewiring_Test,21,120,1,cooperate,0.0,lra_q
NetworkRewiring_Test,21,120,2,defect,1.5517241379310345,lra_q
NetworkRewiring_Test,21,120,3,defect,1.2758620689655173,lra_q
NetworkRewiring_Test,21,120,4,defect,1.1379310344827587,lra_q
NetworkRewiring_Test,21,120,5,defect,1.2758620689655173,lra_q
NetworkRewiring_Test,21,120,6,defect,1.2758620689655173,lra_q
NetworkRewiring_Test,21,120,7,defect,1.0,lra_q
NetworkRewiring_Test,21,120,8,cooperate,0.10344827586206896,lra_q
NetworkRewiring_Test,21,120,9,defect,1.0,lra_q
NetworkRewiring_Test,21,120,10,defect,1.5517241379310345,lra_q
NetworkRewiring_Test,21,120,11,defect,1.2758620689655173,lra_q
NetworkRewiring_Test,21,120,12,cooperate,0.10344827586206896,lra_q
NetworkRewiring_Test,21,120,13,cooperate,0.10344827586206896,lra_q
NetworkRewiring_Test,21,120,14,defect,1.2758620689655173,lra_q
NetworkRewiring_Test,21,120,15,defect,1.6896551724137931,tit_for_tat
NetworkRewiring_Test,21,120,16,cooperate,0.10344827586206896,tit_for_tat
NetworkRewiring_Test,21,120,17,cooperate,0.20689655172413793,tit_for_tat
NetworkRewiring_Test,21,120,18,defect,1.4137931034482758,tit_for_tat
NetworkRewiring_Test,21,120,19,cooperate,0.3103448275862069,tit_for_tat
NetworkRewiring_Test,21,120,20,defect,1.4137931034482758,tit_for_tat
NetworkRewiring_Test,21,120,21,cooperate,0.20689655172413793,tit_for_tat
NetworkRewiring_Test,21,120,22,cooperate,0.10344827586206896,tit_for_tat
NetworkRewiring_Test,21,120,23,defect,1.1379310344827587,tit_for_tat
NetworkRewiring_Test,21,120,24,cooperate,0.10344827586206896,tit_for_tat
NetworkRewiring_Test,21,120,25,cooperate,0.10344827586206896,tit_for_tat
NetworkRewiring_Test,21,120,26,cooperate,0.20689655172413793,tit_for_tat
NetworkRewiring_Test,21,120,27,defect,1.4137931034482758,tit_for_tat
NetworkRewiring_Test,21,120,28,cooperate,0.10344827586206896,tit_for_tat
NetworkRewiring_Test,21,120,29,cooperate,0.3103448275862069,tit_for_tat
NetworkRewiring_Test,21,121,0,cooperate,0.10344827586206896,lra_q
NetworkRewiring_Test,21,121,1,cooperate,0.10344827586206896,lra_q
NetworkRewiring_Test,21,121,2,defect,1.4137931034482758,lra_q
NetworkRewiring_Test,21,121,3,defect,1.1379310344827587,lra_q
NetworkRewiring_Test,21,121,4,defect,1.0,lra_q
NetworkRewiring_Test,21,121,5,defect,1.1379310344827587,lra_q
NetworkRewiring_Test,21,121,6,defect,1.4137931034482758,lra_q
NetworkRewiring_Test,21,121,7,cooperate,0.0,lra_q
NetworkRewiring_Test,21,121,8,defect,1.1379310344827587,lra_q
NetworkRewiring_Test,21,121,9,defect,1.2758620689655173,lra_q
NetworkRewiring_Test,21,121,10,defect,1.0,lra_q
NetworkRewiring_Test,21,121,11,cooperate,0.0,lra_q
NetworkRewiring_Test,21,121,12,defect,1.4137931034482758,lra_q
NetworkRewiring_Test,21,121,13,cooperate,0.0,lra_q
NetworkRewiring_Test,21,121,14,defect,1.2758620689655173,lra_q
NetworkRewiring_Test,21,121,15,cooperate,0.10344827586206896,tit_for_tat
NetworkRewiring_Test,21,121,16,cooperate,0.20689655172413793,tit_for_tat
NetworkRewiring_Test,21,121,17,defect,1.5517241379310345,tit_for_tat
NetworkRewiring_Test,21,121,18,cooperate,0.3103448275862069,tit_for_tat
NetworkRewiring_Test,21,121,19,cooperate,0.20689655172413793,tit_for_tat
NetworkRewiring_Test,21,121,20,cooperate,0.20689655172413793,tit_for_tat
NetworkRewiring_Test,21,121,21,defect,1.2758620689655173,tit_for_tat
NetworkRewiring_Test,21,121,22,defect,1.4137931034482758,tit_for_tat
NetworkRewiring_Test,21,121,23,defect,1.1379310344827587,tit_for_tat
NetworkRewiring_Test,21,121,24,cooperate,0.0,tit_for_tat
NetworkRewiring_Test,21,121,25,defect,1.2758620689655173,tit_for_tat
NetworkRewiring_Test,21,121,26,defect,1.4137931034482758,tit_for_tat
NetworkRewiring_Test,21,121,27,cooperate,0.0,tit_for_tat
NetworkRewiring_Test,21,121,28,defect,1.2758620689655173,tit_for_tat
NetworkRewiring_Test,21,121,29,defect,1.1379310344827587,tit_for_tat
NetworkRewiring_Test,21,122,0,defect,1.4137931034482758,lra_q
NetworkRewiring_Test,21,122,1,cooperate,0.10344827586206896,lra_q
NetworkRewiring_Test,21,122,2,cooperate,0.41379310344827586,lra_q
NetworkRewiring_Test,21,122,3,defect,1.1379310344827587,lra_q
NetworkRewiring_Test,21,122,4,cooperate,0.10344827586206896,lra_q
NetworkRewiring_Test,21,122,5,cooperate,0.41379310344827586,lra_q
NetworkRewiring_Test,21,122,6,defect,1.2758620689655173,lra_q
NetworkRewiring_Test,21,122,7,cooperate,0.10344827586206896,lra_q
NetworkRewiring_Test,21,122,8,defect,1.2758620689655173,lra_q
NetworkRewiring_Test,21,122,9,defect,1.2758620689655173,lra_q
NetworkRewiring_Test,21,122,10,cooperate,0.3103448275862069,lra_q
NetworkRewiring_Test,21,122,11,defect,1.4137931034482758,lra_q
NetworkRewiring_Test,21,122,12,cooperate,0.0,lra_q
NetworkRewiring_Test,21,122,13,defect,1.1379310344827587,lra_q
NetworkRewiring_Test,21,122,14,defect,1.1379310344827587,lra_q
NetworkRewiring_Test,21,122,15,defect,1.5517241379310345,tit_for_tat
NetworkRewiring_Test,21,122,16,cooperate,0.3103448275862069,tit_for_tat
NetworkRewiring_Test,21,122,17,cooperate,0.20689655172413793,tit_for_tat
NetworkRewiring_Test,21,122,18,cooperate,0.20689655172413793,tit_for_tat
NetworkRewiring_Test,21,122,19,defect,1.5517241379310345,tit_for_tat
NetworkRewiring_Test,21,122,20,defect,1.4137931034482758,tit_for_tat
NetworkRewiring_Test,21,122,21,cooperate,0.10344827586206896,tit_for_tat
NetworkRewiring_Test,21,122,22,cooperate,0.20689655172413793,tit_for_tat
NetworkRewiring_Test,21,122,23,defect,1.1379310344827587,tit_for_tat
NetworkRewiring_Test,21,122,24,defect,1.1379310344827587,tit_for_tat
NetworkRewiring_Test,21,122,25,defect,1.4137931034482758,tit_for_tat
NetworkRewiring_Test,21,122,26,cooperate,0.10344827586206896,tit_for_tat
NetworkRewiring_Test,21,122,27,defect,1.2758620689655173,tit_for_tat
NetworkRewiring_Test,21,122,28,cooperate,0.3103448275862069,tit_for_tat
NetworkRewiring_Test,21,122,29,cooperate,0.20689655172413793,tit_for_tat
NetworkRewiring_Test,21,123,0,defect,1.4137931034482758,lra_q
NetworkRewiring_Test,21,123,1,cooperate,0.0,lra_q
NetworkRewiring_Test,21,123,2,defect,1.4137931034482758,lra_q
NetworkRewiring_Test,21,123,3,defect,1.2758620689655173,lra_q
NetworkRewiring_Test,21,123,4,defect,1.0,lra_q
NetworkRewiring_Test,21,123,5,defect,1.2758620689655173,lra_q
NetworkRewiring_Test,21,123,6,cooperate,0.20689655172413793,lra_q
NetworkRewiring_Test,21,123,7,defect,1.0,lra_q
NetworkRewiring_Test,21,123,8,cooperate,0.0,lra_q
NetworkRewiring_Test,21,123,9,defect,1.1379310344827587,lra_q
NetworkRewiring_Test,21,123,10,defect,1.2758620689655173,lra_q
NetworkRewiring_Test,21,123,11,cooperate,0.10344827586206896,lra_q
NetworkRewiring_Test,21,123,12,cooperate,0.3103448275862069,lra_q
NetworkRewiring_Test,21,123,13,cooperate,0.20689655172413793,lra_q
NetworkRewiring_Test,21,123,14,defect,1.2758620689655173,lra_q
NetworkRewiring_Test,21,123,15,cooperate,0.20689655172413793,tit_for_tat
NetworkRewiring_Test,21,123,16,cooperate,0.3103448275862069,tit_for_tat
NetworkRewiring_Test,21,123,17,defect,1.4137931034482758,tit_for_tat
NetworkRewiring_Test,21,123,18,cooperate,0.20689655172413793,tit_for_tat
NetworkRewiring_Test,21,123,19,defect,1.4137931034482758,tit_for_tat
NetworkRewiring_Test,21,123,20,cooperate,0.10344827586206896,tit_for_tat
NetworkRewiring_Test,21,123,21,defect,1.1379310344827587,tit_for_tat
NetworkRewiring_Test,21,123,22,defect,1.2758620689655173,tit_for_tat
NetworkRewiring_Test,21,123,23,defect,1.1379310344827587,tit_for_tat
NetworkRewiring_Test,21,123,24,cooperate,0.0,tit_for_tat
NetworkRewiring_Test,21,123,25,defect,1.1379310344827587,tit_for_tat
NetworkRewiring_Test,21,123,26,defect,1.2758620689655173,tit_for_tat
NetworkRewiring_Test,21,123,27,cooperate,0.10344827586206896,tit_for_tat
NetworkRewiring_Test,21,123,28,cooperate,0.10344827586206896,tit_for_tat
NetworkRewiring_Test,21,123,29,defect,1.4137931034482758,tit_for_tat
NetworkRewiring_Test,21,124,0,defect,1.1379310344827587,lra_q
NetworkRewiring_Test,21,124,1,cooperate,0.10344827586206896,lra_q
NetworkRewiring_Test,21,124,2,cooperate,0.41379310344827586,lra_q
NetworkRewiring_Test,21,124,3,defect,1.1379310344827587,lra_q
NetworkRewiring_Test,21,124,4,cooperate,0.0,lra_q
NetworkRewiring_Test,21,124,5,defect,1.2758620689655173,lra_q
NetworkRewiring_Test,21,124,6,defect,1.2758620689655173,lra_q
NetworkRewiring_Test,21,124,7,defect,1.1379310344827587,lra_q
NetworkRewiring_Test,21,124,8,defect,1.2758620689655173,lra_q
NetworkRewiring_Test,21,124,9,cooperate,0.10344827586206896,lra_q
NetworkRewiring_Test,21,124,10,cooperate,0.10344827586206896,lra_q
NetworkRewiring_Test,21,124,11,defect,1.5517241379310345,lra_q
NetworkRewiring_Test,21,124,12,cooperate,0.20689655172413793,lra_q
NetworkRewiring_Test,21,124,13,cooperate,0.20689655172413793,lra_q
NetworkRewiring_Test,21,124,14,cooperate,0.3103448275862069,lra_q
NetworkRewiring_Test,21,124,15,cooperate,0.41379310344827586,tit_for_tat
NetworkRewiring_Test,21,124,16,cooperate,0.3103448275862069,tit_for_tat
NetworkRewiring_Test,21,124,17,cooperate,0.3103448275862069,tit_for_tat
NetworkRewiring_Test,21,124,18,defect,1.2758620689655173,tit_for_tat
NetworkRewiring_Test,21,124,19,defect,1.4137931034482758,tit_for_tat
NetworkRewiring_Test,21,124,20,defect,1.1379310344827587,tit_for_tat
NetworkRewiring_Test,21,124,21,cooperate,0.0,tit_for_tat
NetworkRewiring_Test,21,124,22,defect,1.4137931034482758,tit_for_tat
NetworkRewiring_Test,21,124,23,defect,1.1379310344827587,tit_for_tat
NetworkRewiring_Test,21,124,24,defect,1.1379310344827587,tit_for_tat
NetworkRewiring_Test,21,124,25,defect,1.5517241379310345,tit_for_tat
NetworkRewiring_Test,21,124,26,cooperate,0.10344827586206896,tit_for_tat
NetworkRewiring_Test,21,124,27,cooperate,0.10344827586206896,tit_for_tat
NetworkRewiring_Test,21,124,28,defect,1.4137931034482758,tit_for_tat
NetworkRewiring_Test,21,124,29,cooperate,0.20689655172413793,tit_for_tat
NetworkRewiring_Test,21,125,0,cooperate,0.41379310344827586,lra_q
NetworkRewiring_Test,21,125,1,defect,1.1379310344827587,lra_q
NetworkRewiring_Test,21,125,2,defect,1.4137931034482758,lra_q
NetworkRewiring_Test,21,125,3,defect,1.1379310344827587,lra_q
NetworkRewiring_Test,21,125,4,cooperate,0.10344827586206896,lra_q
NetworkRewiring_Test,21,125,5,defect,1.4137931034482758,lra_q
NetworkRewiring_Test,21,125,6,defect,1.4137931034482758,lra_q
NetworkRewiring_Test,21,125,7,defect,1.1379310344827587,lra_q
NetworkRewiring_Test,21,125,8,cooperate,0.3103448275862069,lra_q
NetworkRewiring_Test,21,125,9,cooperate,0.10344827586206896,lra_q
NetworkRewiring_Test,21,125,10,cooperate,0.5172413793103449,lra_q
NetworkRewiring_Test,21,125,11,defect,1.1379310344827587,lra_q
NetworkRewiring_Test,21,125,12,defect,1.2758620689655173,lra_q
NetworkRewiring_Test,21,125,13,cooperate,0.10344827586206896,lra_q
NetworkRewiring_Test,21,125,14,cooperate,0.20689655172413793,lra_q
NetworkRewiring_Test,21,125,15,cooperate,0.3103448275862069,tit_for_tat
NetworkRewiring_Test,21,125,16,cooperate,0.10344827586206896,tit_for_tat
NetworkRewiring_Test,21,125,17,defect,1.5517241379310345,tit_for_tat
NetworkRewiring_Test,21,125,18,defect,1.2758620689655173,tit_for_tat
NetworkRewiring_Test,21,125,19,cooperate,0.0,tit_for_tat
NetworkRewiring_Test,21,125,20,defect,1.2758620689655173,tit_for_tat
NetworkRewiring_Test,21,125,21,defect,1.2758620689655173,tit_for_tat
NetworkRewiring_Test,21,125,22,cooperate,0.3103448275862069,tit_for_tat
NetworkRewiring_Test,21,125,23,cooperate,0.10344827586206896,tit_for_tat
NetworkRewiring_Test,21,125,24,cooperate,0.10344827586206896,tit_for_tat
NetworkRewiring_Test,21,125,25,cooperate,0.41379310344827586,tit_for_tat
NetworkRewiring_Test,21,125,26,defect,1.2758620689655173,tit_for_tat
NetworkRewiring_Test,21,125,27,defect,1.4137931034482758,tit_for_tat
NetworkRewiring_Test,21,125,28,cooperate,0.3103448275862069,tit_for_tat
NetworkRewiring_Test,21,125,29,cooperate,0.3103448275862069,tit_for_tat
NetworkRewiring_Test,21,126,0,defect,1.5517241379310345,lra_q
NetworkRewiring_Test,21,126,1,cooperate,0.10344827586206896,lra_q
NetworkRewiring_Test,21,126,2,cooperate,0.20689655172413793,lra_q
NetworkRewiring_Test,21,126,3,defect,1.4137931034482758,lra_q
NetworkRewiring_Test,21,126,4,defect,1.2758620689655173,lra_q
NetworkRewiring_Test,21,126,5,cooperate,0.20689655172413793,lra_q
NetworkRewiring_Test,21,126,6,cooperate,0.20689655172413793,lra_q
NetworkRewiring_Test,21,126,7,defect,1.1379310344827587,lra_q
NetworkRewiring_Test,21,126,8,cooperate,0.10344827586206896,lra_q
NetworkRewiring_Test,21,126,9,defect,1.1379310344827587,lra_q
NetworkRewiring_Test,21,126,10,cooperate,0.41379310344827586,lra_q
NetworkRewiring_Test,21,126,11,defect,1.1379310344827587,lra_q
NetworkRewiring_Test,21,126,12,defect,1.2758620689655173,lra_q
NetworkRewiring_Test,21,126,13,cooperate,0.10344827586206896,lra_q
NetworkRewiring_Test,21,126,14,defect,1.4137931034482758,lra_q
NetworkRewiring_Test,21,126,15,cooperate,0.20689655172413793,tit_for_tat
NetworkRewiring_Test,21,126,16,defect,1.6896551724137931,tit_for_tat
NetworkRewiring_Test,21,126,17,cooperate,0.20689655172413793,tit_for_tat
NetworkRewiring_Test,21,126,18,cooperate,0.20689655172413793,tit_for_tat
NetworkRewiring_Test,21,126,19,defect,1.6896551724137931,tit_for_tat
NetworkRewiring_Test,21,126,20,cooperate,0.3103448275862069,tit_for_tat
NetworkRewiring_Test,21,126,21,cooperate,0.20689655172413793,tit_for_tat
NetworkRewiring_Test,21,126,22,cooperate,0.41379310344827586,tit_for_tat
NetworkRewiring_Test,21,126,23,cooperate,0.10344827586206896,tit_for_tat
NetworkRewiring_Test,21,126,24,defect,1.1379310344827587,tit_for_tat
NetworkRewiring_Test,21,126,25,cooperate,0.20689655172413793,tit_for_tat
NetworkRewiring_Test,21,126,26,defect,1.1379310344827587,tit_for_tat
NetworkRewiring_Test,21,126,27,cooperate,0.10344827586206896,tit_for_tat
NetworkRewiring_Test,21,126,28,defect,1.4137931034482758,tit_for_tat
NetworkRewiring_Test,21,126,29,defect,1.5517241379310345,tit_for_tat
NetworkRewiring_Test,21,127,0,defect,1.4137931034482758,lra_q
NetworkRewiring_Test,21,127,1,cooperate,0.10344827586206896,lra_q
NetworkRewiring_Test,21,127,2,defect,1.5517241379310345,lra_q
NetworkRewiring_Test,21,127,3,cooperate,0.3103448275862069,lra_q
NetworkRewiring_Test,21,127,4,defect,1.1379310344827587,lra_q
NetworkRewiring_Test,21,127,5,defect,1.1379310344827587,lra_q
NetworkRewiring_Test,21,127,6,cooperate,0.41379310344827586,lra_q
NetworkRewiring_Test,21,127,7,defect,1.1379310344827587,lra_q
NetworkRewiring_Test,21,127,8,defect,1.1379310344827587,lra_q
NetworkRewiring_Test,21,127,9,cooperate,0.0,lra_q
NetworkRewiring_Test,21,127,10,defect,1.4137931034482758,lra_q
NetworkRewiring_Test,21,127,11,defect,1.1379310344827587,lra_q
NetworkRewiring_Test,21,127,12,defect,1.1379310344827587,lra_q
NetworkRewiring_Test,21,127,13,cooperate,0.20689655172413793,lra_q
NetworkRewiring_Test,21,127,14,cooperate,0.20689655172413793,lra_q
NetworkRewiring_Test,21,127,15,defect,1.5517241379310345,tit_for_tat
NetworkRewiring_Test,21,127,16,cooperate,0.20689655172413793,tit_for_tat
NetworkRewiring_Test,21,127,17,cooperate,0.3103448275862069,tit_for_tat
NetworkRewiring_Test,21,127,18,defect,1.4137931034482758,tit_for_tat
NetworkRewiring_Test,21,127,19,cooperate,0.3103448275862069,tit_for_tat
NetworkRewiring_Test,21,127,20,defect,1.4137931034482758,tit_for_tat
NetworkRewiring_Test,21,127,21,cooperate,0.20689655172413793,tit_for_tat
NetworkRewiring_Test,21,127,22,cooperate,0.10344827586206896,tit_for_tat
NetworkRewiring_Test,21,127,23,cooperate,0.10344827586206896,tit_for_tat
NetworkRewiring_Test,21,127,24,cooperate,0.10344827586206896,tit_for_tat
NetworkRewiring_Test,21,127,25,cooperate,0.20689655172413793,tit_for_tat
NetworkRewiring_Test,21,127,26,defect,1.2758620689655173,tit_for_tat
NetworkRewiring_Test,21,127,27,defect,1.2758620689655173,tit_for_tat
NetworkRewiring_Test,21,127,28,defect,1.1379310344827587,tit_for_tat
NetworkRewiring_Test,21,127,29,cooperate,0.10344827586206896,tit_for_tat
NetworkRewiring_Test,21,128,0,defect,1.1379310344827587,lra_q
NetworkRewiring_Test,21,128,1,cooperate,0.0,lra_q
NetworkRewiring_Test,21,128,2,defect,1.1379310344827587,lra_q
NetworkRewiring_Test,21,128,3,defect,1.1379310344827587,lra_q
NetworkRewiring_Test,21,128,4,defect,1.1379310344827587,lra_q
NetworkRewiring_Test,21,128,5,cooperate,0.10344827586206896,lra_q
NetworkRewiring_Test,21,128,6,defect,1.4137931034482758,lra_q
NetworkRewiring_Test,21,128,7,defect,1.1379310344827587,lra_q
NetworkRewiring_Test,21,128,8,defect,1.1379310344827587,lra_q
NetworkRewiring_Test,21,128,9,defect,1.1379310344827587,lra_q
NetworkRewiring_Test,21,128,10,cooperate,0.10344827586206896,lra_q
NetworkRewiring_Test,21,128,11,defect,1.0,lra_q
NetworkRewiring_Test,21,128,12,defect,1.2758620689655173,lra_q
NetworkRewiring_Test,21,128,13,cooperate,0.0,lra_q
NetworkRewiring_Test,21,128,14,defect,1.2758620689655173,lra_q
NetworkRewiring_Test,21,128,15,cooperate,0.0,tit_for_tat
NetworkRewiring_Test,21,128,16,defect,1.1379310344827587,tit_for_tat
NetworkRewiring_Test,21,128,17,defect,1.2758620689655173,tit_for_tat
NetworkRewiring_Test,21,128,18,defect,1.2758620689655173,tit_for_tat
NetworkRewiring_Test,21,128,19,cooperate,0.10344827586206896,tit_for_tat
NetworkRewiring_Test,21,128,20,cooperate,0.10344827586206896,tit_for_tat
NetworkRewiring_Test,21,128,21,defect,1.2758620689655173,tit_for_tat
NetworkRewiring_Test,21,128,22,defect,1.4137931034482758,tit_for_tat
NetworkRewiring_Test,21,128,23,defect,1.0,tit_for_tat
NetworkRewiring_Test,21,128,24,defect,1.0,tit_for_tat
NetworkRewiring_Test,21,128,25,defect,1.2758620689655173,tit_for_tat
NetworkRewiring_Test,21,128,26,defect,1.1379310344827587,tit_for_tat
NetworkRewiring_Test,21,128,27,cooperate,0.0,tit_for_tat
NetworkRewiring_Test,21,128,28,defect,1.4137931034482758,tit_for_tat
NetworkRewiring_Test,21,128,29,defect,1.1379310344827587,tit_for_tat
NetworkRewiring_Test,21,129,0,cooperate,0.20689655172413793,lra_q
NetworkRewiring_Test,21,129,1,cooperate,0.20689655172413793,lra_q
NetworkRewiring_Test,21,129,2,cooperate,0.10344827586206896,lra_q
NetworkRewiring_Test,21,129,3,defect,1.2758620689655173,lra_q
NetworkRewiring_Test,21,129,4,defect,1.1379310344827587,lra_q
NetworkRewiring_Test,21,129,5,cooperate,0.3103448275862069,lra_q
NetworkRewiring_Test,21,129,6,cooperate,0.10344827586206896,lra_q
NetworkRewiring_Test,21,129,7,defect,1.2758620689655173,lra_q
NetworkRewiring_Test,21,129,8,defect,1.2758620689655173,lra_q
NetworkRewiring_Test,21,129,9,cooperate,0.10344827586206896,lra_q
NetworkRewiring_Test,21,129,10,cooperate,0.3103448275862069,lra_q
NetworkRewiring_Test,21,129,11,defect,1.2758620689655173,lra_q
NetworkRewiring_Test,21,129,12,defect,1.0,lra_q
NetworkRewiring_Test,21,129,13,defect,1.1379310344827587,lra_q
NetworkRewiring_Test,21,129,14,defect,1.0,lra_q
NetworkRewiring_Test,21,129,15,defect,1.0,tit_for_tat
NetworkRewiring_Test,21,129,16,defect,1.4137931034482758,tit_for_tat
NetworkRewiring_Test,21,129,17,defect,1.1379310344827587,tit_for_tat
NetworkRewiring_Test,21,129,18,cooperate,0.10344827586206896,tit_for_tat
NetworkRewiring_Test,21,129,19,defect,1.5517241379310345,tit_for_tat
NetworkRewiring_Test,21,129,20,cooperate,0.20689655172413793,tit_for_tat
NetworkRewiring_Test,21,129,21,cooperate,0.10344827586206896,tit_for_tat
NetworkRewiring_Test,21,129,22,defect,1.5517241379310345,tit_for_tat
NetworkRewiring_Test,21,129,23,defect,1.1379310344827587,tit_for_tat
NetworkRewiring_Test,21,129,24,defect,1.0,tit_for_tat
NetworkRewiring_Test,21,129,25,defect,1.2758620689655173,tit_for_tat
NetworkRewiring_Test,21,129,26,defect,1.1379310344827587,tit_for_tat
NetworkRewiring_Test,21,129,27,defect,1.1379310344827587,tit_for_tat
NetworkRewiring_Test,21,129,28,cooperate,0.3103448275862069,tit_for_tat
NetworkRewiring_Test,21,129,29,defect,1.2758620689655173,tit_for_tat
NetworkRewiring_Test,21,130,0,defect,1.4137931034482758,lra_q
NetworkRewiring_Test,21,130,1,defect,1.1379310344827587,lra_q
NetworkRewiring_Test,21,130,2,cooperate,0.20689655172413793,lra_q
NetworkRewiring_Test,21,130,3,defect,1.1379310344827587,lra_q
NetworkRewiring_Test,21,130,4,defect,1.0,lra_q
NetworkRewiring_Test,21,130,5,defect,1.2758620689655173,lra_q
NetworkRewiring_Test,21,130,6,cooperate,0.20689655172413793,lra_q
NetworkRewiring_Test,21,130,7,defect,1.1379310344827587,lra_q
NetworkRewiring_Test,21,130,8,cooperate,0.10344827586206896,lra_q
NetworkRewiring_Test,21,130,9,cooperate,0.10344827586206896,lra_q
NetworkRewiring_Test,21,130,10,defect,1.5517241379310345,lra_q
NetworkRewiring_Test,21,130,11,cooperate,0.3103448275862069,lra_q
NetworkRewiring_Test,21,130,12,cooperate,0.20689655172413793,lra_q
NetworkRewiring_Test,21,130,13,cooperate,0.3103448275862069,lra_q
NetworkRewiring_Test,21,130,14,cooperate,0.10344827586206896,lra_q
NetworkRewiring_Test,21,130,15,defect,1.4137931034482758,tit_for_tat
NetworkRewiring_Test,21,130,16,defect,1.4137931034482758,tit_for_tat
NetworkRewiring_Test,21,130,17,defect,1.4137931034482758,tit_for_tat
NetworkRewiring_Test,21,130,18,cooperate,0.20689655172413793,tit_for_tat
NetworkRewiring_Test,21,130,19,cooperate,0.41379310344827586,tit_for_tat
NetworkRewiring_Test,21,130,20,cooperate,0.41379310344827586,tit_for_tat
NetworkRewiring_Test,21,130,21,cooperate,0.3103448275862069,tit_for_tat
NetworkRewiring_Test,21,130,22,cooperate,0.20689655172413793,tit_for_tat
NetworkRewiring_Test,21,130,23,defect,1.1379310344827587,tit_for_tat
NetworkRewiring_Test,21,130,24,defect,1.0,tit_for_tat
NetworkRewiring_Test,21,130,25,defect,1.1379310344827587,tit_for_tat
NetworkRewiring_Test,21,130,26,defect,1.4137931034482758,tit_for_tat
NetworkRewiring_Test,21,130,27,defect,1.2758620689655173,tit_for_tat
NetworkRewiring_Test,21,130,28,cooperate,0.10344827586206896,tit_for_tat
NetworkRewiring_Test,21,130,29,cooperate,0.3103448275862069,tit_for_tat
NetworkRewiring_Test,21,131,0,defect,1.2758620689655173,lra_q
NetworkRewiring_Test,21,131,1,cooperate,0.0,lra_q
NetworkRewiring_Test,21,131,2,defect,1.4137931034482758,lra_q
NetworkRewiring_Test,21,131,3,defect,1.1379310344827587,lra_q
NetworkRewiring_Test,21,131,4,cooperate,0.0,lra_q
NetworkRewiring_Test,21,131,5,defect,1.1379310344827587,lra_q
NetworkRewiring_Test,21,131,6,defect,1.0,lra_q
NetworkRewiring_Test,21,131,7,defect,1.1379310344827587,lra_q
NetworkRewiring_Test,21,131,8,defect,1.1379310344827587,lra_q
NetworkRewiring_Test,21,131,9,cooperate,0.0,lra_q
NetworkRewiring_Test,21,131,10,defect,1.2758620689655173,lra_q
NetworkRewiring_Test,21,131,11,defect,1.2758620689655173,lra_q
NetworkRewiring_Test,21,131,12,defect,1.1379310344827587,lra_q
NetworkRewiring_Test,21,131,13,defect,1.0,lra_q
NetworkRewiring_Test,21,131,14,defect,1.2758620689655173,lra_q
NetworkRewiring_Test,21,131,15,cooperate,0.20689655172413793,tit_for_tat
NetworkRewiring_Test,21,131,16,defect,1.2758620689655173,tit_for_tat
NetworkRewiring_Test,21,131,17,cooperate,0.10344827586206896,tit_for_tat
NetworkRewiring_Test,21,131,18,defect,1.2758620689655173,tit_for_tat
NetworkRewiring_Test,21,131,19,defect,1.5517241379310345,tit_for_tat
NetworkRewiring_Test,21,131,20,cooperate,0.20689655172413793,tit_for_tat
NetworkRewiring_Test,21,131,21,cooperate,0.20689655172413793,tit_for_tat
NetworkRewiring_Test,21,131,22,cooperate,0.3103448275862069,tit_for_tat
NetworkRewiring_Test,21,131,23,defect,1.0,tit_for_tat
NetworkRewiring_Test,21,131,24,defect,1.1379310344827587,tit_for_tat
NetworkRewiring_Test,21,131,25,defect,1.4137931034482758,tit_for_tat
NetworkRewiring_Test,21,131,26,cooperate,0.0,tit_for_tat
NetworkRewiring_Test,21,131,27,cooperate,0.10344827586206896,tit_for_tat
NetworkRewiring_Test,21,131,28,defect,1.2758620689655173,tit_for_tat
NetworkRewiring_Test,21,131,29,cooperate,0.10344827586206896,tit_for_tat
NetworkRewiring_Test,21,132,0,defect,1.2758620689655173,lra_q
NetworkRewiring_Test,21,132,1,cooperate,0.10344827586206896,lra_q
NetworkRewiring_Test,21,132,2,cooperate,0.20689655172413793,lra_q
NetworkRewiring_Test,21,132,3,defect,1.2758620689655173,lra_q
NetworkRewiring_Test,21,132,4,cooperate,0.20689655172413793,lra_q
NetworkRewiring_Test,21,132,5,cooperate,0.20689655172413793,lra_q
NetworkRewiring_Test,21,132,6,defect,1.1379310344827587,lra_q
NetworkRewiring_Test,21,132,7,defect,1.1379310344827587,lra_q
NetworkRewiring_Test,21,132,8,defect,1.1379310344827587,lra_q
NetworkRewiring_Test,21,132,9,defect,1.2758620689655173,lra_q
NetworkRewiring_Test,21,132,10,cooperate,0.20689655172413793,lra_q
NetworkRewiring_Test,21,132,11,cooperate,0.10344827586206896,lra_q
NetworkRewiring_Test,21,132,12,defect,1.1379310344827587,lra_q
NetworkRewiring_Test,21,132,13,defect,1.1379310344827587,lra_q
NetworkRewiring_Test,21,132,14,cooperate,0.0,lra_q
NetworkRewiring_Test,21,132,15,defect,1.1379310344827587,tit_for_tat
NetworkRewiring_Test,21,132,16,defect,1.1379310344827587,tit_for_tat
NetworkRewiring_Test,21,132,17,defect,1.1379310344827587,tit_for_tat
NetworkRewiring_Test,21,132,18,defect,1.0,tit_for_tat
NetworkRewiring_Test,21,132,19,defect,1.0,tit_for_tat
NetworkRewiring_Test,21,132,20,defect,1.0,tit_for_tat
NetworkRewiring_Test,21,132,21,defect,1.0,tit_for_tat
NetworkRewiring_Test,21,132,22,defect,1.1379310344827587,tit_for_tat
NetworkRewiring_Test,21,132,23,defect,1.1379310344827587,tit_for_tat
NetworkRewiring_Test,21,132,24,defect,1.0,tit_for_tat
NetworkRewiring_Test,21,132,25,cooperate,0.20689655172413793,tit_for_tat
NetworkRewiring_Test,21,132,26,defect,1.2758620689655173,tit_for_tat
NetworkRewiring_Test,21,132,27,defect,1.1379310344827587,tit_for_tat
NetworkRewiring_Test,21,132,28,defect,1.2758620689655173,tit_for_tat
NetworkRewiring_Test,21,132,29,defect,1.2758620689655173,tit_for_tat
NetworkRewiring_Test,21,133,0,defect,1.2758620689655173,lra_q
NetworkRewiring_Test,21,133,1,cooperate,0.0,lra_q
NetworkRewiring_Test,21,133,2,defect,1.2758620689655173,lra_q
NetworkRewiring_Test,21,133,3,defect,1.2758620689655173,lra_q
NetworkRewiring_Test,21,133,4,defect,1.0,lra_q
NetworkRewiring_Test,21,133,5,defect,1.2758620689655173,lra_q
NetworkRewiring_Test,21,133,6,cooperate,0.10344827586206896,lra_q
NetworkRewiring_Test,21,133,7,defect,1.0,lra_q
NetworkRewiring_Test,21,133,8,defect,1.1379310344827587,lra_q
NetworkRewiring_Test,21,133,9,defect,1.1379310344827587,lra_q
NetworkRewiring_Test,21,133,10,cooperate,0.10344827586206896,lra_q
NetworkRewiring_Test,21,133,11,defect,1.1379310344827587,lra_q
NetworkRewiring_Test,21,133,12,defect,1.1379310344827587,lra_q
NetworkRewiring_Test,21,133,13,cooperate,0.20689655172413793,lra_q
NetworkRewiring_Test,21,133,14,cooperate,0.10344827586206896,lra_q
NetworkRewiring_Test,21,133,15,defect,1.2758620689655173,tit_for_tat
NetworkRewiring_Test,21,133,16,defect,1.1379310344827587,tit_for_tat
NetworkRewiring_Test,21,133,17,defect,1.1379310344827587,tit_for_tat
NetworkRewiring_Test,21,133,18,defect,1.0,tit_for_tat
NetworkRewiring_Test,21,133,19,defect,1.2758620689655173,tit_for_tat
NetworkRewiring_Test,21,133,20,defect,1.1379310344827587,tit_for_tat
NetworkRewiring_Test,21,133,21,defect,1.1379310344827587,tit_for_tat
NetworkRewiring_Test,21,133,22,cooperate,0.10344827586206896,tit_for_tat
NetworkRewiring_Test,21,133,23,defect,1.0,tit_for_tat
NetworkRewiring_Test,21,133,24,defect,1.1379310344827587,tit_for_tat
NetworkRewiring_Test,21,133,25,defect,1.2758620689655173,tit_for_tat
NetworkRewiring_Test,21,133,26,cooperate,0.0,tit_for_tat
NetworkRewiring_Test,21,133,27,cooperate,0.0,tit_for_tat
NetworkRewiring_Test,21,133,28,defect,1.2758620689655173,tit_for_tat
NetworkRewiring_Test,21,133,29,defect,1.1379310344827587,tit_for_tat
NetworkRewiring_Test,21,134,0,defect,1.1379310344827587,lra_q
NetworkRewiring_Test,21,134,1,cooperate,0.0,lra_q
NetworkRewiring_Test,21,134,2,defect,1.2758620689655173,lra_q
NetworkRewiring_Test,21,134,3,defect,1.2758620689655173,lra_q
NetworkRewiring_Test,21,134,4,cooperate,0.0,lra_q
NetworkRewiring_Test,21,134,5,defect,1.5517241379310345,lra_q
NetworkRewiring_Test,21,134,6,cooperate,0.20689655172413793,lra_q
NetworkRewiring_Test,21,134,7,cooperate,0.10344827586206896,lra_q
NetworkRewiring_Test,21,134,8,defect,1.1379310344827587,lra_q
NetworkRewiring_Test,21,134,9,cooperate,0.20689655172413793,lra_q
NetworkRewiring_Test,21,134,10,cooperate,0.10344827586206896,lra_q
NetworkRewiring_Test,21,134,11,defect,1.1379310344827587,lra_q
NetworkRewiring_Test,21,134,12,defect,1.1379310344827587,lra_q
NetworkRewiring_Test,21,134,13,cooperate,0.10344827586206896,lra_q
NetworkRewiring_Test,21,134,14,defect,1.1379310344827587,lra_q
NetworkRewiring_Test,21,134,15,defect,1.1379310344827587,tit_for_tat
NetworkRewiring_Test,21,134,16,cooperate,0.10344827586206896,tit_for_tat
NetworkRewiring_Test,21,134,17,defect,1.1379310344827587,tit_for_tat
NetworkRewiring_Test,21,134,18,defect,1.1379310344827587,tit_for_tat
NetworkRewiring_Test,21,134,19,defect,1.1379310344827587,tit_for_tat
NetworkRewiring_Test,21,134,20,defect,1.0,tit_for_tat
NetworkRewiring_Test,21,134,21,defect,1.0,tit_for_tat
NetworkRewiring_Test,21,134,22,defect,1.1379310344827587,tit_for_tat
NetworkRewiring_Test,21,134,23,defect,1.1379310344827587,tit_for_tat
NetworkRewiring_Test,21,134,24,cooperate,0.0,tit_for_tat
NetworkRewiring_Test,21,134,25,defect,1.2758620689655173,tit_for_tat
NetworkRewiring_Test,21,134,26,defect,1.1379310344827587,tit_for_tat
NetworkRewiring_Test,21,134,27,defect,1.0,tit_for_tat
NetworkRewiring_Test,21,134,28,defect,1.1379310344827587,tit_for_tat
NetworkRewiring_Test,21,134,29,defect,1.0,tit_for_tat
NetworkRewiring_Test,21,135,0,cooperate,0.10344827586206896,lra_q
NetworkRewiring_Test,21,135,1,cooperate,0.10344827586206896,lra_q
NetworkRewiring_Test,21,135,2,defect,1.2758620689655173,lra_q
NetworkRewiring_Test,21,135,3,defect,1.1379310344827587,lra_q
NetworkRewiring_Test,21,135,4,cooperate,0.0,lra_q
NetworkRewiring_Test,21,135,5,defect,1.2758620689655173,lra_q
NetworkRewiring_Test,21,135,6,defect,1.2758620689655173,lra_q
NetworkRewiring_Test,21,135,7,defect,1.0,lra_q
NetworkRewiring_Test,21,135,8,defect,1.2758620689655173,lra_q
NetworkRewiring_Test,21,135,9,defect,1.1379310344827587,lra_q
NetworkRewiring_Test,21,135,10,cooperate,0.0,lra_q
NetworkRewiring_Test,21,135,11,defect,1.0,lra_q
NetworkRewiring_Test,21,135,12,defect,1.1379310344827587,lra_q
NetworkRewiring_Test,21,135,13,cooperate,0.0,lra_q
NetworkRewiring_Test,21,135,14,defect,1.1379310344827587,lra_q
NetworkRewiring_Test,21,135,15,defect,1.0,tit_for_tat
NetworkRewiring_Test,21,135,16,defect,1.0,tit_for_tat
NetworkRewiring_Test,21,135,17,defect,1.1379310344827587,tit_for_tat
NetworkRewiring_Test,21,135,18,defect,1.1379310344827587,tit_for_tat
NetworkRewiring_Test,21,135,19,cooperate,0.0,tit_for_tat
NetworkRewiring_Test,21,135,20,defect,1.1379310344827587,tit_for_tat
NetworkRewiring_Test,21,135,21,defect,1.1379310344827587,tit_for_tat
NetworkRewiring_Test,21,135,22,defect,1.2758620689655173,tit_for_tat
NetworkRewiring_Test,21,135,23,cooperate,0.0,tit_for_tat
NetworkRewiring_Test,21,135,24,defect,1.1379310344827587,tit_for_tat
NetworkRewiring_Test,21,135,25,defect,1.4137931034482758,tit_for_tat
NetworkRewiring_Test,21,135,26,defect,1.1379310344827587,tit_for_tat
NetworkRewiring_Test,21,135,27,defect,1.0,tit_for_tat
NetworkRewiring_Test,21,135,28,defect,1.2758620689655173,tit_for_tat
NetworkRewiring_Test,21,135,29,defect,1.0,tit_for_tat
NetworkRewiring_Test,21,136,0,cooperate,0.3103448275862069,lra_q
NetworkRewiring_Test,21,136,1,cooperate,0.10344827586206896,lra_q
NetworkRewiring_Test,21,136,2,defect,1.1379310344827587,lra_q
NetworkRewiring_Test,21,136,3,defect,1.2758620689655173,lra_q
NetworkRewiring_Test,21,136,4,cooperate,0.10344827586206896,lra_q
NetworkRewiring_Test,21,136,5,defect,1.4137931034482758,lra_q
NetworkRewiring_Test,21,136,6,defect,1.0,lra_q
NetworkRewiring_Test,21,136,7,cooperate,0.10344827586206896,lra_q
NetworkRewiring_Test,21,136,8,cooperate,0.20689655172413793,lra_q
NetworkRewiring_Test,21,136,9,cooperate,0.20689655172413793,lra_q
NetworkRewiring_Test,21,136,10,cooperate,0.3103448275862069,lra_q
NetworkRewiring_Test,21,136,11,defect,1.1379310344827587,lra_q
NetworkRewiring_Test,21,136,12,defect,1.0,lra_q
NetworkRewiring_Test,21,136,13,defect,1.1379310344827587,lra_q
NetworkRewiring_Test,21,136,14,cooperate,0.0,lra_q
NetworkRewiring_Test,21,136,15,defect,1.1379310344827587,tit_for_tat
NetworkRewiring_Test,21,136,16,defect,1.0,tit_for_tat
NetworkRewiring_Test,21,136,17,defect,1.1379310344827587,tit_for_tat
NetworkRewiring_Test,21,136,18,defect,1.0,tit_for_tat
NetworkRewiring_Test,21,136,19,defect,1.0,tit_for_tat
NetworkRewiring_Test,21,136,20,defect,1.0,tit_for_tat
NetworkRewiring_Test,21,136,21,defect,1.0,tit_for_tat
NetworkRewiring_Test,21,136,22,defect,1.2758620689655173,tit_for_tat
NetworkRewiring_Test,21,136,23,defect,1.0,tit_for_tat
NetworkRewiring_Test,21,136,24,defect,1.0,tit_for_tat
NetworkRewiring_Test,21,136,25,cooperate,0.3103448275862069,tit_for_tat
NetworkRewiring_Test,21,136,26,defect,1.0,tit_for_tat
NetworkRewiring_Test,21,136,27,defect,1.1379310344827587,tit_for_tat
NetworkRewiring_Test,21,136,28,defect,1.2758620689655173,tit_for_tat
NetworkRewiring_Test,21,136,29,defect,1.2758620689655173,tit_for_tat
NetworkRewiring_Test,21,137,0,defect,1.2758620689655173,lra_q
NetworkRewiring_Test,21,137,1,cooperate,0.10344827586206896,lra_q
NetworkRewiring_Test,21,137,2,cooperate,0.20689655172413793,lra_q
NetworkRewiring_Test,21,137,3,defect,1.2758620689655173,lra_q
NetworkRewiring_Test,21,137,4,defect,1.0,lra_q
NetworkRewiring_Test,21,137,5,defect,1.2758620689655173,lra_q
NetworkRewiring_Test,21,137,6,cooperate,0.10344827586206896,lra_q
NetworkRewiring_Test,21,137,7,defect,1.0,lra_q
NetworkRewiring_Test,21,137,8,cooperate,0.20689655172413793,lra_q
NetworkRewiring_Test,21,137,9,defect,1.1379310344827587,lra_q
NetworkRewiring_Test,21,137,10,cooperate,0.10344827586206896,lra_q
NetworkRewiring_Test,21,137,11,defect,1.2758620689655173,lra_q
NetworkRewiring_Test,21,137,12,cooperate,0.10344827586206896,lra_q
NetworkRewiring_Test,21,137,13,cooperate,0.3103448275862069,lra_q
NetworkRewiring_Test,21,137,14,cooperate,0.10344827586206896,lra_q
NetworkRewiring_Test,21,137,15,defect,1.2758620689655173,tit_for_tat
NetworkRewiring_Test,21,137,16,defect,1.2758620689655173,tit_for_tat
NetworkRewiring_Test,21,137,17,defect,1.1379310344827587,tit_for_tat
NetworkRewiring_Test,21,137,18,defect,1.0,tit_for_tat
NetworkRewiring_Test,21,137,19,defect,1.1379310344827587,tit_for_tat
NetworkRewiring_Test,21,137,20,defect,1.0,tit_for_tat
NetworkRewiring_Test,21,137,21,defect,1.0,tit_for_tat
NetworkRewiring_Test,21,137,22,defect,1.1379310344827587,tit_for_tat
NetworkRewiring_Test,21,137,23,defect,1.1379310344827587,tit_for_tat
NetworkRewiring_Test,21,137,24,defect,1.0,tit_for_tat
NetworkRewiring_Test,21,137,25,defect,1.2758620689655173,tit_for_tat
NetworkRewiring_Test,21,137,26,defect,1.1379310344827587,tit_for_tat
NetworkRewiring_Test,21,137,27,defect,1.1379310344827587,tit_for_tat
NetworkRewiring_Test,21,137,28,defect,1.2758620689655173,tit_for_tat
NetworkRewiring_Test,21,137,29,cooperate,0.20689655172413793,tit_for_tat
NetworkRewiring_Test,21,138,0,defect,1.2758620689655173,lra_q
NetworkRewiring_Test,21,138,1,cooperate,0.0,lra_q
NetworkRewiring_Test,21,138,2,defect,1.5517241379310345,lra_q
NetworkRewiring_Test,21,138,3,defect,1.2758620689655173,lra_q
NetworkRewiring_Test,21,138,4,cooperate,0.0,lra_q
NetworkRewiring_Test,21,138,5,defect,1.5517241379310345,lra_q
NetworkRewiring_Test,21,138,6,cooperate,0.10344827586206896,lra_q
NetworkRewiring_Test,21,138,7,cooperate,0.10344827586206896,lra_q
NetworkRewiring_Test,21,138,8,cooperate,0.20689655172413793,lra_q
NetworkRewiring_Test,21,138,9,cooperate,0.3103448275862069,lra_q
NetworkRewiring_Test,21,138,10,cooperate,0.20689655172413793,lra_q
NetworkRewiring_Test,21,138,11,cooperate,0.10344827586206896,lra_q
NetworkRewiring_Test,21,138,12,defect,1.1379310344827587,lra_q
NetworkRewiring_Test,21,138,13,defect,1.1379310344827587,lra_q
NetworkRewiring_Test,21,138,14,defect,1.0,lra_q
NetworkRewiring_Test,21,138,15,defect,1.1379310344827587,tit_for_tat
NetworkRewiring_Test,21,138,16,cooperate,0.10344827586206896,tit_for_tat
NetworkRewiring_Test,21,138,17,defect,1.1379310344827587,tit_for_tat
NetworkRewiring_Test,21,138,18,defect,1.1379310344827587,tit_for_tat
NetworkRewiring_Test,21,138,19,defect,1.1379310344827587,tit_for_tat
NetworkRewiring_Test,21,138,20,defect,1.0,tit_for_tat
NetworkRewiring_Test,21,138,21,defect,1.0,tit_for_tat
NetworkRewiring_Test,21,138,22,defect,1.1379310344827587,tit_for_tat
NetworkRewiring_Test,21,138,23,defect,1.0,tit_for_tat
NetworkRewiring_Test,21,138,24,defect,1.0,tit_for_tat
NetworkRewiring_Test,21,138,25,defect,1.4137931034482758,tit_for_tat
NetworkRewiring_Test,21,138,26,defect,1.1379310344827587,tit_for_tat
NetworkRewiring_Test,21,138,27,defect,1.1379310344827587,tit_for_tat
NetworkRewiring_Test,21,138,28,defect,1.2758620689655173,tit_for_tat
NetworkRewiring_Test,21,138,29,cooperate,0.10344827586206896,tit_for_tat
NetworkRewiring_Test,21,139,0,cooperate,0.3103448275862069,lra_q
NetworkRewiring_Test,21,139,1,cooperate,0.10344827586206896,lra_q
NetworkRewiring_Test,21,139,2,defect,1.2758620689655173,lra_q
NetworkRewiring_Test,21,139,3,defect,1.4137931034482758,lra_q
NetworkRewiring_Test,21,139,4,cooperate,0.10344827586206896,lra_q
NetworkRewiring_Test,21,139,5,defect,1.4137931034482758,lra_q
NetworkRewiring_Test,21,139,6,cooperate,0.10344827586206896,lra_q
NetworkRewiring_Test,21,139,7,defect,1.0,lra_q
NetworkRewiring_Test,21,139,8,cooperate,0.20689655172413793,lra_q
NetworkRewiring_Test,21,139,9,defect,1.1379310344827587,lra_q
NetworkRewiring_Test,21,139,10,cooperate,0.20689655172413793,lra_q
NetworkRewiring_Test,21,139,11,defect,1.1379310344827587,lra_q
NetworkRewiring_Test,21,139,12,defect,1.1379310344827587,lra_q
NetworkRewiring_Test,21,139,13,cooperate,0.20689655172413793,lra_q
NetworkRewiring_Test,21,139,14,cooperate,0.20689655172413793,lra_q
NetworkRewiring_Test,21,139,15,defect,1.2758620689655173,tit_for_tat
NetworkRewiring_Test,21,139,16,defect,1.2758620689655173,tit_for_tat
NetworkRewiring_Test,21,139,17,cooperate,0.10344827586206896,tit_for_tat
NetworkRewiring_Test,21,139,18,defect,1.1379310344827587,tit_for_tat
NetworkRewiring_Test,21,139,19,defect,1.4137931034482758,tit_for_tat
NetworkRewiring_Test,21,139,20,defect,1.0,tit_for_tat
NetworkRewiring_Test,21,139,21,defect,1.0,tit_for_tat
NetworkRewiring_Test,21,139,22,defect,1.2758620689655173,tit_for_tat
NetworkRewiring_Test,21,139,23,defect,1.0,tit_for_tat
NetworkRewiring_Test,21,139,24,defect,1.1379310344827587,tit_for_tat
NetworkRewiring_Test,21,139,25,cooperate,0.41379310344827586,tit_for_tat
NetworkRewiring_Test,21,139,26,cooperate,0.0,tit_for_tat
NetworkRewiring_Test,21,139,27,cooperate,0.10344827586206896,tit_for_tat
NetworkRewiring_Test,21,139,28,defect,1.4137931034482758,tit_for_tat
NetworkRewiring_Test,21,139,29,defect,1.4137931034482758,tit_for_tat
NetworkRewiring_Test,21,140,0,defect,1.5517241379310345,lra_q
NetworkRewiring_Test,21,140,1,cooperate,0.0,lra_q
NetworkRewiring_Test,21,140,2,defect,1.4137931034482758,lra_q
NetworkRewiring_Test,21,140,3,defect,1.4137931034482758,lra_q
NetworkRewiring_Test,21,140,4,defect,1.2758620689655173,lra_q
NetworkRewiring_Test,21,140,5,cooperate,0.41379310344827586,lra_q
NetworkRewiring_Test,21,140,6,cooperate,0.20689655172413793,lra_q
NetworkRewiring_Test,21,140,7,cooperate,0.20689655172413793,lra_q
NetworkRewiring_Test,21,140,8,cooperate,0.20689655172413793,lra_q
NetworkRewiring_Test,21,140,9,cooperate,0.3103448275862069,lra_q
NetworkRewiring_Test,21,140,10,cooperate,0.5172413793103449,lra_q
NetworkRewiring_Test,21,140,11,cooperate,0.10344827586206896,lra_q
NetworkRewiring_Test,21,140,12,defect,1.2758620689655173,lra_q
NetworkRewiring_Test,21,140,13,cooperate,0.10344827586206896,lra_q
NetworkRewiring_Test,21,140,14,defect,1.1379310344827587,lra_q
NetworkRewiring_Test,21,140,15,defect,1.0,tit_for_tat
NetworkRewiring_Test,21,140,16,defect,1.2758620689655173,tit_for_tat
NetworkRewiring_Test,21,140,17,defect,1.1379310344827587,tit_for_tat
NetworkRewiring_Test,21,140,18,cooperate,0.0,tit_for_tat
NetworkRewiring_Test,21,140,19,defect,1.2758620689655173,tit_for_tat
NetworkRewiring_Test,21,140,20,defect,1.1379310344827587,tit_for_tat
NetworkRewiring_Test,21,140,21,defect,1.0,tit_for_tat
NetworkRewiring_Test,21,140,22,defect,1.1379310344827587,tit_for_tat
NetworkRewiring_Test,21,140,23,defect,1.0,tit_for_tat
NetworkRewiring_Test,21,140,24,defect,1.0,tit_for_tat
NetworkRewiring_Test,21,140,25,cooperate,0.20689655172413793,tit_for_tat
NetworkRewiring_Test,21,140,26,defect,1.1379310344827587,tit_for_tat
NetworkRewiring_Test,21,140,27,defect,1.4137931034482758,tit_for_tat
NetworkRewiring_Test,21,140,28,cooperate,0.3103448275862069,tit_for_tat
NetworkRewiring_Test,21,140,29,cooperate,0.3103448275862069,tit_for_tat
NetworkRewiring_Test,21,141,0,defect,1.4137931034482758,lra_q
NetworkRewiring_Test,21,141,1,cooperate,0.20689655172413793,lra_q
NetworkRewiring_Test,21,141,2,cooperate,0.3103448275862069,lra_q
NetworkRewiring_Test,21,141,3,cooperate,0.10344827586206896,lra_q
NetworkRewiring_Test,21,141,4,defect,1.0,lra_q
NetworkRewiring_Test,21,141,5,defect,1.2758620689655173,lra_q
NetworkRewiring_Test,21,141,6,defect,1.5517241379310345,lra_q
NetworkRewiring_Test,21,141,7,defect,1.0,lra_q
NetworkRewiring_Test,21,141,8,cooperate,0.20689655172413793,lra_q
NetworkRewiring_Test,21,141,9,defect,1.1379310344827587,lra_q
NetworkRewiring_Test,21,141,10,cooperate,0.20689655172413793,lra_q
NetworkRewiring_Test,21,141,11,defect,1.2758620689655173,lra_q
NetworkRewiring_Test,21,141,12,defect,1.0,lra_q
NetworkRewiring_Test,21,141,13,cooperate,0.0,lra_q
NetworkRewiring_Test,21,141,14,defect,1.1379310344827587,lra_q
NetworkRewiring_Test,21,141,15,defect,1.1379310344827587,tit_for_tat
NetworkRewiring_Test,21,141,16,cooperate,0.10344827586206896,tit_for_tat
NetworkRewiring_Test,21,141,17,defect,1.2758620689655173,tit_for_tat
NetworkRewiring_Test,21,141,18,defect,1.4137931034482758,tit_for_tat
NetworkRewiring_Test,21,141,19,cooperate,0.10344827586206896,tit_for_tat
NetworkRewiring_Test,21,141,20,cooperate,0.10344827586206896,tit_for_tat
NetworkRewiring_Test,21,141,21,defect,1.2758620689655173,tit_for_tat
NetworkRewiring_Test,21,141,22,defect,1.2758620689655173,tit_for_tat
NetworkRewiring_Test,21,141,23,defect,1.1379310344827587,tit_for_tat
NetworkRewiring_Test,21,141,24,defect,1.0,tit_for_tat
NetworkRewiring_Test,21,141,25,defect,1.5517241379310345,tit_for_tat
NetworkRewiring_Test,21,141,26,defect,1.2758620689655173,tit_for_tat
NetworkRewiring_Test,21,141,27,cooperate,0.20689655172413793,tit_for_tat
NetworkRewiring_Test,21,141,28,cooperate,0.3103448275862069,tit_for_tat
NetworkRewiring_Test,21,141,29,cooperate,0.41379310344827586,tit_for_tat
NetworkRewiring_Test,21,142,0,defect,1.5517241379310345,lra_q
NetworkRewiring_Test,21,142,1,defect,1.1379310344827587,lra_q
NetworkRewiring_Test,21,142,2,cooperate,0.10344827586206896,lra_q
NetworkRewiring_Test,21,142,3,defect,1.1379310344827587,lra_q
NetworkRewiring_Test,21,142,4,cooperate,0.10344827586206896,lra_q
NetworkRewiring_Test,21,142,5,defect,1.5517241379310345,lra_q
NetworkRewiring_Test,21,142,6,defect,1.0,lra_q
NetworkRewiring_Test,21,142,7,cooperate,0.10344827586206896,lra_q
NetworkRewiring_Test,21,142,8,cooperate,0.0,lra_q
NetworkRewiring_Test,21,142,9,cooperate,0.10344827586206896,lra_q
NetworkRewiring_Test,21,142,10,defect,1.6896551724137931,lra_q
NetworkRewiring_Test,21,142,11,defect,1.5517241379310345,lra_q
NetworkRewiring_Test,21,142,12,cooperate,0.0,lra_q
NetworkRewiring_Test,21,142,13,defect,1.0,lra_q
NetworkRewiring_Test,21,142,14,defect,1.1379310344827587,lra_q
NetworkRewiring_Test,21,142,15,defect,1.4137931034482758,tit_for_tat
NetworkRewiring_Test,21,142,16,defect,1.4137931034482758,tit_for_tat
NetworkRewiring_Test,21,142,17,cooperate,0.10344827586206896,tit_for_tat
NetworkRewiring_Test,21,142,18,cooperate,0.20689655172413793,tit_for_tat
NetworkRewiring_Test,21,142,19,defect,1.5517241379310345,tit_for_tat
NetworkRewiring_Test,21,142,20,cooperate,0.20689655172413793,tit_for_tat
NetworkRewiring_Test,21,142,21,defect,1.2758620689655173,tit_for_tat
NetworkRewiring_Test,21,142,22,cooperate,0.10344827586206896,tit_for_tat
NetworkRewiring_Test,21,142,23,defect,1.1379310344827587,tit_for_tat
NetworkRewiring_Test,21,142,24,defect,1.1379310344827587,tit_for_tat
NetworkRewiring_Test,21,142,25,cooperate,0.20689655172413793,tit_for_tat
NetworkRewiring_Test,21,142,26,cooperate,0.10344827586206896,tit_for_tat
NetworkRewiring_Test,21,142,27,cooperate,0.20689655172413793,tit_for_tat
NetworkRewiring_Test,21,142,28,cooperate,0.10344827586206896,tit_for_tat
NetworkRewiring_Test,21,142,29,defect,1.6896551724137931,tit_for_tat
NetworkRewiring_Test,21,143,0,defect,1.4137931034482758,lra_q
NetworkRewiring_Test,21,143,1,cooperate,0.10344827586206896,lra_q
NetworkRewiring_Test,21,143,2,cooperate,0.5172413793103449,lra_q
NetworkRewiring_Test,21,143,3,defect,1.2758620689655173,lra_q
NetworkRewiring_Test,21,143,4,defect,1.0,lra_q
NetworkRewiring_Test,21,143,5,defect,1.5517241379310345,lra_q
NetworkRewiring_Test,21,143,6,cooperate,0.10344827586206896,lra_q
NetworkRewiring_Test,21,143,7,defect,1.1379310344827587,lra_q
NetworkRewiring_Test,21,143,8,defect,1.2758620689655173,lra_q
NetworkRewiring_Test,21,143,9,cooperate,0.10344827586206896,lra_q
NetworkRewiring_Test,21,143,10,cooperate,0.3103448275862069,lra_q
NetworkRewiring_Test,21,143,11,defect,1.4137931034482758,lra_q
NetworkRewiring_Test,21,143,12,cooperate,0.10344827586206896,lra_q
NetworkRewiring_Test,21,143,13,defect,1.1379310344827587,lra_q
NetworkRewiring_Test,21,143,14,defect,1.1379310344827587,lra_q
NetworkRewiring_Test,21,143,15,cooperate,0.3103448275862069,tit_for_tat
NetworkRewiring_Test,21,143,16,cooperate,0.41379310344827586,tit_for_tat
NetworkRewiring_Test,21,143,17,defect,1.4137931034482758,tit_for_tat
NetworkRewiring_Test,21,143,18,cooperate,0.10344827586206896,tit_for_tat
NetworkRewiring_Test,21,143,19,defect,1.4137931034482758,tit_for_tat
NetworkRewiring_Test,21,143,20,defect,1.2758620689655173,tit_for_tat
NetworkRewiring_Test,21,143,21,defect,1.1379310344827587,tit_for_tat
NetworkRewiring_Test,21,143,22,cooperate,0.20689655172413793,tit_for_tat
NetworkRewiring_Test,21,143,23,cooperate,0.20689655172413793,tit_for_tat
NetworkRewiring_Test,21,143,24,cooperate,0.20689655172413793,tit_for_tat
NetworkRewiring_Test,21,143,25,defect,1.2758620689655173,tit_for_tat
NetworkRewiring_Test,21,143,26,cooperate,0.20689655172413793,tit_for_tat
NetworkRewiring_Test,21,143,27,defect,1.2758620689655173,tit_for_tat
NetworkRewiring_Test,21,143,28,cooperate,0.20689655172413793,tit_for_tat
NetworkRewiring_Test,21,143,29,cooperate,0.20689655172413793,tit_for_tat
NetworkRewiring_Test,21,144,0,defect,1.2758620689655173,lra_q
NetworkRewiring_Test,21,144,1,cooperate,0.20689655172413793,lra_q
NetworkRewiring_Test,21,144,2,cooperate,0.41379310344827586,lra_q
NetworkRewiring_Test,21,144,3,cooperate,0.20689655172413793,lra_q
NetworkRewiring_Test,21,144,4,cooperate,0.0,lra_q
NetworkRewiring_Test,21,144,5,defect,1.2758620689655173,lra_q
NetworkRewiring_Test,21,144,6,cooperate,0.3103448275862069,lra_q
NetworkRewiring_Test,21,144,7,defect,1.1379310344827587,lra_q
NetworkRewiring_Test,21,144,8,cooperate,0.0,lra_q
NetworkRewiring_Test,21,144,9,cooperate,0.0,lra_q
NetworkRewiring_Test,21,144,10,defect,1.2758620689655173,lra_q
NetworkRewiring_Test,21,144,11,defect,1.2758620689655173,lra_q
NetworkRewiring_Test,21,144,12,defect,1.1379310344827587,lra_q
NetworkRewiring_Test,21,144,13,defect,1.1379310344827587,lra_q
NetworkRewiring_Test,21,144,14,defect,1.2758620689655173,lra_q
NetworkRewiring_Test,21,144,15,cooperate,0.20689655172413793,tit_for_tat
NetworkRewiring_Test,21,144,16,cooperate,0.41379310344827586,tit_for_tat
NetworkRewiring_Test,21,144,17,cooperate,0.3103448275862069,tit_for_tat
NetworkRewiring_Test,21,144,18,defect,1.5517241379310345,tit_for_tat
NetworkRewiring_Test,21,144,19,cooperate,0.41379310344827586,tit_for_tat
NetworkRewiring_Test,21,144,20,cooperate,0.10344827586206896,tit_for_tat
NetworkRewiring_Test,21,144,21,defect,1.2758620689655173,tit_for_tat
NetworkRewiring_Test,21,144,22,defect,1.2758620689655173,tit_for_tat
NetworkRewiring_Test,21,144,23,cooperate,0.20689655172413793,tit_for_tat
NetworkRewiring_Test,21,144,24,cooperate,0.20689655172413793,tit_for_tat
NetworkRewiring_Test,21,144,25,defect,1.2758620689655173,tit_for_tat
NetworkRewiring_Test,21,144,26,cooperate,0.3103448275862069,tit_for_tat
NetworkRewiring_Test,21,144,27,defect,1.0,tit_for_tat
NetworkRewiring_Test,21,144,28,defect,1.0,tit_for_tat
NetworkRewiring_Test,21,144,29,defect,1.2758620689655173,tit_for_tat
NetworkRewiring_Test,21,145,0,defect,1.1379310344827587,lra_q
NetworkRewiring_Test,21,145,1,defect,1.0,lra_q
NetworkRewiring_Test,21,145,2,defect,1.6896551724137931,lra_q
NetworkRewiring_Test,21,145,3,defect,1.1379310344827587,lra_q
NetworkRewiring_Test,21,145,4,cooperate,0.0,lra_q
NetworkRewiring_Test,21,145,5,defect,1.4137931034482758,lra_q
NetworkRewiring_Test,21,145,6,cooperate,0.20689655172413793,lra_q
NetworkRewiring_Test,21,145,7,defect,1.0,lra_q
NetworkRewiring_Test,21,145,8,defect,1.2758620689655173,lra_q
NetworkRewiring_Test,21,145,9,defect,1.2758620689655173,lra_q
NetworkRewiring_Test,21,145,10,cooperate,0.10344827586206896,lra_q
NetworkRewiring_Test,21,145,11,cooperate,0.0,lra_q
NetworkRewiring_Test,21,145,12,defect,1.1379310344827587,lra_q
NetworkRewiring_Test,21,145,13,defect,1.1379310344827587,lra_q
NetworkRewiring_Test,21,145,14,defect,1.0,lra_q
NetworkRewiring_Test,21,145,15,defect,1.2758620689655173,tit_for_tat
NetworkRewiring_Test,21,145,16,cooperate,0.20689655172413793,tit_for_tat
NetworkRewiring_Test,21,145,17,defect,1.4137931034482758,tit_for_tat
NetworkRewiring_Test,21,145,18,cooperate,0.20689655172413793,tit_for_tat
NetworkRewiring_Test,21,145,19,cooperate,0.41379310344827586,tit_for_tat
NetworkRewiring_Test,21,145,20,defect,1.5517241379310345,tit_for_tat
NetworkRewiring_Test,21,145,21,cooperate,0.20689655172413793,tit_for_tat
NetworkRewiring_Test,21,145,22,cooperate,0.20689655172413793,tit_for_tat
NetworkRewiring_Test,21,145,23,cooperate,0.10344827586206896,tit_for_tat
NetworkRewiring_Test,21,145,24,cooperate,0.20689655172413793,tit_for_tat
NetworkRewiring_Test,21,145,25,defect,1.4137931034482758,tit_for_tat
NetworkRewiring_Test,21,145,26,cooperate,0.20689655172413793,tit_for_tat
NetworkRewiring_Test,21,145,27,defect,1.2758620689655173,tit_for_tat
NetworkRewiring_Test,21,145,28,defect,1.2758620689655173,tit_for_tat
NetworkRewiring_Test,21,145,29,cooperate,0.0,tit_for_tat
NetworkRewiring_Test,21,146,0,cooperate,0.3103448275862069,lra_q
NetworkRewiring_Test,21,146,1,cooperate,0.20689655172413793,lra_q
NetworkRewiring_Test,21,146,2,cooperate,0.3103448275862069,lra_q
NetworkRewiring_Test,21,146,3,defect,1.1379310344827587,lra_q
NetworkRewiring_Test,21,146,4,cooperate,0.0,lra_q
NetworkRewiring_Test,21,146,5,defect,1.4137931034482758,lra_q
NetworkRewiring_Test,21,146,6,defect,1.1379310344827587,lra_q
NetworkRewiring_Test,21,146,7,cooperate,0.0,lra_q
NetworkRewiring_Test,21,146,8,cooperate,0.20689655172413793,lra_q
NetworkRewiring_Test,21,146,9,defect,1.2758620689655173,lra_q
NetworkRewiring_Test,21,146,10,cooperate,0.20689655172413793,lra_q
NetworkRewiring_Test,21,146,11,defect,1.2758620689655173,lra_q
NetworkRewiring_Test,21,146,12,defect,1.0,lra_q
NetworkRewiring_Test,21,146,13,defect,1.1379310344827587,lra_q
NetworkRewiring_Test,21,146,14,cooperate,0.10344827586206896,lra_q
NetworkRewiring_Test,21,146,15,defect,1.4137931034482758,tit_for_tat
NetworkRewiring_Test,21,146,16,defect,1.2758620689655173,tit_for_tat
NetworkRewiring_Test,21,146,17,cooperate,0.20689655172413793,tit_for_tat
NetworkRewiring_Test,21,146,18,defect,1.4137931034482758,tit_for_tat
NetworkRewiring_Test,21,146,19,cooperate,0.41379310344827586,tit_for_tat
NetworkRewiring_Test,21,146,20,cooperate,0.3103448275862069,tit_for_tat
NetworkRewiring_Test,21,146,21,cooperate,0.3103448275862069,tit_for_tat
NetworkRewiring_Test,21,146,22,cooperate,0.41379310344827586,tit_for_tat
NetworkRewiring_Test,21,146,23,cooperate,0.20689655172413793,tit_for_tat
NetworkRewiring_Test,21,146,24,cooperate,0.20689655172413793,tit_for_tat
NetworkRewiring_Test,21,146,25,defect,1.5517241379310345,tit_for_tat
NetworkRewiring_Test,21,146,26,cooperate,0.3103448275862069,tit_for_tat
NetworkRewiring_Test,21,146,27,cooperate,0.0,tit_for_tat
NetworkRewiring_Test,21,146,28,defect,1.4137931034482758,tit_for_tat
NetworkRewiring_Test,21,146,29,defect,1.4137931034482758,tit_for_tat
NetworkRewiring_Test,21,147,0,defect,1.1379310344827587,lra_q
NetworkRewiring_Test,21,147,1,defect,1.1379310344827587,lra_q
NetworkRewiring_Test,21,147,2,cooperate,0.41379310344827586,lra_q
NetworkRewiring_Test,21,147,3,defect,1.1379310344827587,lra_q
NetworkRewiring_Test,21,147,4,cooperate,0.0,lra_q
NetworkRewiring_Test,21,147,5,defect,1.6896551724137931,lra_q
NetworkRewiring_Test,21,147,6,cooperate,0.0,lra_q
NetworkRewiring_Test,21,147,7,cooperate,0.0,lra_q
NetworkRewiring_Test,21,147,8,cooperate,0.20689655172413793,lra_q
NetworkRewiring_Test,21,147,9,defect,1.4137931034482758,lra_q
NetworkRewiring_Test,21,147,10,cooperate,0.10344827586206896,lra_q
NetworkRewiring_Test,21,147,11,cooperate,0.20689655172413793,lra_q
NetworkRewiring_Test,21,147,12,cooperate,0.10344827586206896,lra_q
NetworkRewiring_Test,21,147,13,defect,1.1379310344827587,lra_q
NetworkRewiring_Test,21,147,14,defect,1.0,lra_q
NetworkRewiring_Test,21,147,15,defect,1.1379310344827587,tit_for_tat
NetworkRewiring_Test,21,147,16,defect,1.2758620689655173,tit_for_tat
NetworkRewiring_Test,21,147,17,defect,1.0,tit_for_tat
NetworkRewiring_Test,21,147,18,defect,1.1379310344827587,tit_for_tat
NetworkRewiring_Test,21,147,19,defect,1.5517241379310345,tit_for_tat
NetworkRewiring_Test,21,147,20,cooperate,0.10344827586206896,tit_for_tat
NetworkRewiring_Test,21,147,21,cooperate,0.10344827586206896,tit_for_tat
NetworkRewiring_Test,21,147,22,defect,1.4137931034482758,tit_for_tat
NetworkRewiring_Test,21,147,23,cooperate,0.20689655172413793,tit_for_tat
NetworkRewiring_Test,21,147,24,cooperate,0.20689655172413793,tit_for_tat
NetworkRewiring_Test,21,147,25,defect,1.4137931034482758,tit_for_tat
NetworkRewiring_Test,21,147,26,cooperate,0.20689655172413793,tit_for_tat
NetworkRewiring_Test,21,147,27,defect,1.2758620689655173,tit_for_tat
NetworkRewiring_Test,21,147,28,defect,1.2758620689655173,tit_for_tat
NetworkRewiring_Test,21,147,29,cooperate,0.20689655172413793,tit_for_tat
NetworkRewiring_Test,21,148,0,cooperate,0.41379310344827586,lra_q
NetworkRewiring_Test,21,148,1,cooperate,0.10344827586206896,lra_q
NetworkRewiring_Test,21,148,2,defect,1.8275862068965516,lra_q
NetworkRewiring_Test,21,148,3,defect,1.4137931034482758,lra_q
NetworkRewiring_Test,21,148,4,cooperate,0.20689655172413793,lra_q
NetworkRewiring_Test,21,148,5,cooperate,0.41379310344827586,lra_q
NetworkRewiring_Test,21,148,6,cooperate,0.20689655172413793,lra_q
NetworkRewiring_Test,21,148,7,cooperate,0.10344827586206896,lra_q
NetworkRewiring_Test,21,148,8,cooperate,0.3103448275862069,lra_q
NetworkRewiring_Test,21,148,9,defect,1.4137931034482758,lra_q
NetworkRewiring_Test,21,148,10,cooperate,0.41379310344827586,lra_q
NetworkRewiring_Test,21,148,11,cooperate,0.10344827586206896,lra_q
NetworkRewiring_Test,21,148,12,defect,1.2758620689655173,lra_q
NetworkRewiring_Test,21,148,13,defect,1.2758620689655173,lra_q
NetworkRewiring_Test,21,148,14,cooperate,0.0,lra_q
NetworkRewiring_Test,21,148,15,defect,1.4137931034482758,tit_for_tat
NetworkRewiring_Test,21,148,16,cooperate,0.10344827586206896,tit_for_tat
NetworkRewiring_Test,21,148,17,defect,1.2758620689655173,tit_for_tat
NetworkRewiring_Test,21,148,18,defect,1.1379310344827587,tit_for_tat
NetworkRewiring_Test,21,148,19,defect,1.2758620689655173,tit_for_tat
NetworkRewiring_Test,21,148,20,defect,1.1379310344827587,tit_for_tat
NetworkRewiring_Test,21,148,21,defect,1.1379310344827587,tit_for_tat
NetworkRewiring_Test,21,148,22,cooperate,0.20689655172413793,tit_for_tat
NetworkRewiring_Test,21,148,23,cooperate,0.10344827586206896,tit_for_tat
NetworkRewiring_Test,21,148,24,cooperate,0.20689655172413793,tit_for_tat
NetworkRewiring_Test,21,148,25,cooperate,0.5172413793103449,tit_for_tat
NetworkRewiring_Test,21,148,26,cooperate,0.10344827586206896,tit_for_tat
NetworkRewiring_Test,21,148,27,cooperate,0.3103448275862069,tit_for_tat
NetworkRewiring_Test,21,148,28,defect,1.6896551724137931,tit_for_tat
NetworkRewiring_Test,21,148,29,cooperate,0.3103448275862069,tit_for_tat
NetworkRewiring_Test,21,149,0,defect,1.5517241379310345,lra_q
NetworkRewiring_Test,21,149,1,cooperate,0.10344827586206896,lra_q
NetworkRewiring_Test,21,149,2,cooperate,0.41379310344827586,lra_q
NetworkRewiring_Test,21,149,3,defect,1.2758620689655173,lra_q
NetworkRewiring_Test,21,149,4,defect,1.1379310344827587,lra_q
NetworkRewiring_Test,21,149,5,defect,1.1379310344827587,lra_q
NetworkRewiring_Test,21,149,6,defect,1.1379310344827587,lra_q
NetworkRewiring_Test,21,149,7,defect,1.0,lra_q
NetworkRewiring_Test,21,149,8,cooperate,0.10344827586206896,lra_q
NetworkRewiring_Test,21,149,9,defect,1.0,lra_q
NetworkRewiring_Test,21,149,10,defect,1.4137931034482758,lra_q
NetworkRewiring_Test,21,149,11,defect,1.2758620689655173,lra_q
NetworkRewiring_Test,21,149,12,defect,1.1379310344827587,lra_q
NetworkRewiring_Test,21,149,13,defect,1.1379310344827587,lra_q
NetworkRewiring_Test,21,149,14,cooperate,0.20689655172413793,lra_q
NetworkRewiring_Test,21,149,15,cooperate,0.3103448275862069,tit_for_tat
NetworkRewiring_Test,21,149,16,cooperate,0.3103448275862069,tit_for_tat
NetworkRewiring_Test,21,149,17,cooperate,0.3103448275862069,tit_for_tat
NetworkRewiring_Test,21,149,18,defect,1.2758620689655173,tit_for_tat
NetworkRewiring_Test,21,149,19,defect,1.2758620689655173,tit_for_tat
NetworkRewiring_Test,21,149,20,defect,1.1379310344827587,tit_for_tat
NetworkRewiring_Test,21,149,21,cooperate,0.0,tit_for_tat
NetworkRewiring_Test,21,149,22,defect,1.2758620689655173,tit_for_tat
NetworkRewiring_Test,21,149,23,cooperate,0.20689655172413793,tit_for_tat
NetworkRewiring_Test,21,149,24,cooperate,0.10344827586206896,tit_for_tat
NetworkRewiring_Test,21,149,25,cooperate,0.20689655172413793,tit_for_tat
NetworkRewiring_Test,21,149,26,defect,1.2758620689655173,tit_for_tat
NetworkRewiring_Test,21,149,27,cooperate,0.3103448275862069,tit_for_tat
NetworkRewiring_Test,21,149,28,cooperate,0.20689655172413793,tit_for_tat
NetworkRewiring_Test,21,149,29,cooperate,0.5172413793103449,tit_for_tat
NetworkRewiring_Test,21,150,0,defect,1.2758620689655173,lra_q
NetworkRewiring_Test,21,150,1,cooperate,0.0,lra_q
NetworkRewiring_Test,21,150,2,defect,1.6896551724137931,lra_q
NetworkRewiring_Test,21,150,3,defect,1.2758620689655173,lra_q
NetworkRewiring_Test,21,150,4,defect,1.1379310344827587,lra_q
NetworkRewiring_Test,21,150,5,cooperate,0.20689655172413793,lra_q
NetworkRewiring_Test,21,150,6,cooperate,0.20689655172413793,lra_q
NetworkRewiring_Test,21,150,7,cooperate,0.10344827586206896,lra_q
NetworkRewiring_Test,21,150,8,defect,1.1379310344827587,lra_q
NetworkRewiring_Test,21,150,9,defect,1.2758620689655173,lra_q
NetworkRewiring_Test,21,150,10,defect,1.2758620689655173,lra_q
NetworkRewiring_Test,21,150,11,cooperate,0.0,lra_q
NetworkRewiring_Test,21,150,12,defect,1.2758620689655173,lra_q
NetworkRewiring_Test,21,150,13,defect,1.1379310344827587,lra_q
NetworkRewiring_Test,21,150,14,defect,1.1379310344827587,lra_q
NetworkRewiring_Test,21,150,15,defect,1.2758620689655173,tit_for_tat
NetworkRewiring_Test,21,150,16,defect,1.4137931034482758,tit_for_tat
NetworkRewiring_Test,21,150,17,cooperate,0.20689655172413793,tit_for_tat
NetworkRewiring_Test,21,150,18,cooperate,0.20689655172413793,tit_for_tat
NetworkRewiring_Test,21,150,19,cooperate,0.41379310344827586,tit_for_tat
NetworkRewiring_Test,21,150,20,defect,1.4137931034482758,tit_for_tat
NetworkRewiring_Test,21,150,21,defect,1.2758620689655173,tit_for_tat
NetworkRewiring_Test,21,150,22,cooperate,0.0,tit_for_tat
NetworkRewiring_Test,21,150,23,cooperate,0.10344827586206896,tit_for_tat
NetworkRewiring_Test,21,150,24,cooperate,0.20689655172413793,tit_for_tat
NetworkRewiring_Test,21,150,25,defect,1.1379310344827587,tit_for_tat
NetworkRewiring_Test,21,150,26,cooperate,0.20689655172413793,tit_for_tat
NetworkRewiring_Test,21,150,27,defect,1.2758620689655173,tit_for_tat
NetworkRewiring_Test,21,150,28,defect,1.2758620689655173,tit_for_tat
NetworkRewiring_Test,21,150,29,cooperate,0.0,tit_for_tat
NetworkRewiring_Test,21,151,0,defect,1.2758620689655173,lra_q
NetworkRewiring_Test,21,151,1,cooperate,0.0,lra_q
NetworkRewiring_Test,21,151,2,defect,1.5517241379310345,lra_q
NetworkRewiring_Test,21,151,3,defect,1.1379310344827587,lra_q
NetworkRewiring_Test,21,151,4,defect,1.0,lra_q
NetworkRewiring_Test,21,151,5,defect,1.2758620689655173,lra_q
NetworkRewiring_Test,21,151,6,defect,1.2758620689655173,lra_q
NetworkRewiring_Test,21,151,7,defect,1.0,lra_q
NetworkRewiring_Test,21,151,8,defect,1.1379310344827587,lra_q
NetworkRewiring_Test,21,151,9,defect,1.1379310344827587,lra_q
NetworkRewiring_Test,21,151,10,cooperate,0.10344827586206896,lra_q
NetworkRewiring_Test,21,151,11,defect,1.1379310344827587,lra_q
NetworkRewiring_Test,21,151,12,defect,1.0,lra_q
NetworkRewiring_Test,21,151,13,defect,1.0,lra_q
NetworkRewiring_Test,21,151,14,defect,1.1379310344827587,lra_q
NetworkRewiring_Test,21,151,15,defect,1.2758620689655173,tit_for_tat
NetworkRewiring_Test,21,151,16,cooperate,0.20689655172413793,tit_for_tat
NetworkRewiring_Test,21,151,17,cooperate,0.3103448275862069,tit_for_tat
NetworkRewiring_Test,21,151,18,cooperate,0.41379310344827586,tit_for_tat
NetworkRewiring_Test,21,151,19,cooperate,0.5172413793103449,tit_for_tat
NetworkRewiring_Test,21,151,20,cooperate,0.3103448275862069,tit_for_tat
NetworkRewiring_Test,21,151,21,cooperate,0.20689655172413793,tit_for_tat
NetworkRewiring_Test,21,151,22,defect,1.4137931034482758,tit_for_tat
NetworkRewiring_Test,21,151,23,cooperate,0.10344827586206896,tit_for_tat
NetworkRewiring_Test,21,151,24,cooperate,0.20689655172413793,tit_for_tat
NetworkRewiring_Test,21,151,25,defect,1.2758620689655173,tit_for_tat
NetworkRewiring_Test,21,151,26,cooperate,0.20689655172413793,tit_for_tat
NetworkRewiring_Test,21,151,27,cooperate,0.10344827586206896,tit_for_tat
NetworkRewiring_Test,21,151,28,cooperate,0.20689655172413793,tit_for_tat
NetworkRewiring_Test,21,151,29,defect,1.2758620689655173,tit_for_tat
NetworkRewiring_Test,21,152,0,defect,1.2758620689655173,lra_q
NetworkRewiring_Test,21,152,1,cooperate,0.0,lra_q
NetworkRewiring_Test,21,152,2,defect,1.4137931034482758,lra_q
NetworkRewiring_Test,21,152,3,defect,1.1379310344827587,lra_q
NetworkRewiring_Test,21,152,4,cooperate,0.0,lra_q
NetworkRewiring_Test,21,152,5,defect,1.5517241379310345,lra_q
NetworkRewiring_Test,21,152,6,defect,1.2758620689655173,lra_q
NetworkRewiring_Test,21,152,7,cooperate,0.10344827586206896,lra_q
NetworkRewiring_Test,21,152,8,defect,1.1379310344827587,lra_q
NetworkRewiring_Test,21,152,9,cooperate,0.20689655172413793,lra_q
NetworkRewiring_Test,21,152,10,cooperate,0.20689655172413793,lra_q
NetworkRewiring_Test,21,152,11,defect,1.4137931034482758,lra_q
NetworkRewiring_Test,21,152,12,cooperate,0.10344827586206896,lra_q
NetworkRewiring_Test,21,152,13,cooperate,0.0,lra_q
NetworkRewiring_Test,21,152,14,defect,1.2758620689655173,lra_q
NetworkRewiring_Test,21,152,15,cooperate,0.3103448275862069,tit_for_tat
NetworkRewiring_Test,21,152,16,cooperate,0.20689655172413793,tit_for_tat
NetworkRewiring_Test,21,152,17,defect,1.4137931034482758,tit_for_tat
NetworkRewiring_Test,21,152,18,cooperate,0.10344827586206896,tit_for_tat
NetworkRewiring_Test,21,152,19,defect,1.4137931034482758,tit_for_tat
NetworkRewiring_Test,21,152,20,defect,1.4137931034482758,tit_for_tat
NetworkRewiring_Test,21,152,21,cooperate,0.10344827586206896,tit_for_tat
NetworkRewiring_Test,21,152,22,cooperate,0.3103448275862069,tit_for_tat
NetworkRewiring_Test,21,152,23,defect,1.1379310344827587,tit_for_tat
NetworkRewiring_Test,21,152,24,cooperate,0.10344827586206896,tit_for_tat
NetworkRewiring_Test,21,152,25,defect,1.4137931034482758,tit_for_tat
NetworkRewiring_Test,21,152,26,cooperate,0.10344827586206896,tit_for_tat
NetworkRewiring_Test,21,152,27,cooperate,0.0,tit_for_tat
NetworkRewiring_Test,21,152,28,defect,1.2758620689655173,tit_for_tat
NetworkRewiring_Test,21,152,29,defect,1.1379310344827587,tit_for_tat
NetworkRewiring_Test,21,153,0,defect,1.5517241379310345,lra_q
NetworkRewiring_Test,21,153,1,cooperate,0.10344827586206896,lra_q
NetworkRewiring_Test,21,153,2,cooperate,0.3103448275862069,lra_q
NetworkRewiring_Test,21,153,3,defect,1.2758620689655173,lra_q
NetworkRewiring_Test,21,153,4,cooperate,0.10344827586206896,lra_q
NetworkRewiring_Test,21,153,5,defect,1.4137931034482758,lra_q
NetworkRewiring_Test,21,153,6,defect,1.1379310344827587,lra_q
NetworkRewiring_Test,21,153,7,defect,1.0,lra_q
NetworkRewiring_Test,21,153,8,defect,1.1379310344827587,lra_q
NetworkRewiring_Test,21,153,9,defect,1.1379310344827587,lra_q
NetworkRewiring_Test,21,153,10,cooperate,0.3103448275862069,lra_q
NetworkRewiring_Test,21,153,11,defect,1.1379310344827587,lra_q
NetworkRewiring_Test,21,153,12,defect,1.1379310344827587,lra_q
NetworkRewiring_Test,21,153,13,defect,1.0,lra_q
NetworkRewiring_Test,21,153,14,defect,1.1379310344827587,lra_q
NetworkRewiring_Test,21,153,15,cooperate,0.20689655172413793,tit_for_tat
NetworkRewiring_Test,21,153,16,cooperate,0.20689655172413793,tit_for_tat
NetworkRewiring_Test,21,153,17,defect,1.2758620689655173,tit_for_tat
NetworkRewiring_Test,21,153,18,defect,1.2758620689655173,tit_for_tat
NetworkRewiring_Test,21,153,19,defect,1.1379310344827587,tit_for_tat
NetworkRewiring_Test,21,153,20,cooperate,0.10344827586206896,tit_for_tat
NetworkRewiring_Test,21,153,21,defect,1.2758620689655173,tit_for_tat
NetworkRewiring_Test,21,153,22,cooperate,0.3103448275862069,tit_for_tat
NetworkRewiring_Test,21,153,23,cooperate,0.10344827586206896,tit_for_tat
NetworkRewiring_Test,21,153,24,defect,1.1379310344827587,tit_for_tat
NetworkRewiring_Test,21,153,25,cooperate,0.20689655172413793,tit_for_tat
NetworkRewiring_Test,21,153,26,defect,1.1379310344827587,tit_for_tat
NetworkRewiring_Test,21,153,27,defect,1.2758620689655173,tit_for_tat
NetworkRewiring_Test,21,153,28,cooperate,0.10344827586206896,tit_for_tat
NetworkRewiring_Test,21,153,29,defect,1.4137931034482758,tit_for_tat
NetworkRewiring_Test,21,154,0,defect,1.4137931034482758,lra_q
NetworkRewiring_Test,21,154,1,cooperate,0.10344827586206896,lra_q
NetworkRewiring_Test,21,154,2,cooperate,0.41379310344827586,lra_q
NetworkRewiring_Test,21,154,3,defect,1.2758620689655173,lra_q
NetworkRewiring_Test,21,154,4,cooperate,0.0,lra_q
NetworkRewiring_Test,21,154,5,defect,1.5517241379310345,lra_q
NetworkRewiring_Test,21,154,6,cooperate,0.20689655172413793,lra_q
NetworkRewiring_Test,21,154,7,cooperate,0.10344827586206896,lra_q
NetworkRewiring_Test,21,154,8,defect,1.1379310344827587,lra_q
NetworkRewiring_Test,21,154,9,cooperate,0.10344827586206896,lra_q
NetworkRewiring_Test,21,154,10,defect,1.4137931034482758,lra_q
NetworkRewiring_Test,21,154,11,defect,1.2758620689655173,lra_q
NetworkRewiring_Test,21,154,12,defect,1.0,lra_q
NetworkRewiring_Test,21,154,13,defect,1.1379310344827587,lra_q
NetworkRewiring_Test,21,154,14,defect,1.1379310344827587,lra_q
NetworkRewiring_Test,21,154,15,defect,1.4137931034482758,tit_for_tat
NetworkRewiring_Test,21,154,16,cooperate,0.3103448275862069,tit_for_tat
NetworkRewiring_Test,21,154,17,cooperate,0.20689655172413793,tit_for_tat
NetworkRewiring_Test,21,154,18,defect,1.4137931034482758,tit_for_tat
NetworkRewiring_Test,21,154,19,cooperate,0.3103448275862069,tit_for_tat
NetworkRewiring_Test,21,154,20,defect,1.4137931034482758,tit_for_tat
NetworkRewiring_Test,21,154,21,cooperate,0.20689655172413793,tit_for_tat
NetworkRewiring_Test,21,154,22,cooperate,0.10344827586206896,tit_for_tat
NetworkRewiring_Test,21,154,23,cooperate,0.20689655172413793,tit_for_tat
NetworkRewiring_Test,21,154,24,cooperate,0.10344827586206896,tit_for_tat
NetworkRewiring_Test,21,154,25,defect,1.2758620689655173,tit_for_tat
NetworkRewiring_Test,21,154,26,defect,1.4137931034482758,tit_for_tat
NetworkRewiring_Test,21,154,27,defect,1.2758620689655173,tit_for_tat
NetworkRewiring_Test,21,154,28,cooperate,0.10344827586206896,tit_for_tat
NetworkRewiring_Test,21,154,29,cooperate,0.20689655172413793,tit_for_tat
NetworkRewiring_Test,21,155,0,defect,1.4137931034482758,lra_q
NetworkRewiring_Test,21,155,1,cooperate,0.0,lra_q
NetworkRewiring_Test,21,155,2,defect,1.6896551724137931,lra_q
NetworkRewiring_Test,21,155,3,defect,1.1379310344827587,lra_q
NetworkRewiring_Test,21,155,4,cooperate,0.0,lra_q
NetworkRewiring_Test,21,155,5,defect,1.4137931034482758,lra_q
NetworkRewiring_Test,21,155,6,defect,1.2758620689655173,lra_q
NetworkRewiring_Test,21,155,7,defect,1.1379310344827587,lra_q
NetworkRewiring_Test,21,155,8,cooperate,0.0,lra_q
NetworkRewiring_Test,21,155,9,cooperate,0.10344827586206896,lra_q
NetworkRewiring_Test,21,155,10,defect,1.4137931034482758,lra_q
NetworkRewiring_Test,21,155,11,cooperate,0.3103448275862069,lra_q
NetworkRewiring_Test,21,155,12,cooperate,0.10344827586206896,lra_q
NetworkRewiring_Test,21,155,13,defect,1.0,lra_q
NetworkRewiring_Test,21,155,14,defect,1.1379310344827587,lra_q
NetworkRewiring_Test,21,155,15,defect,1.4137931034482758,tit_for_tat
NetworkRewiring_Test,21,155,16,cooperate,0.20689655172413793,tit_for_tat
NetworkRewiring_Test,21,155,17,cooperate,0.3103448275862069,tit_for_tat
NetworkRewiring_Test,21,155,18,cooperate,0.3103448275862069,tit_for_tat
NetworkRewiring_Test,21,155,19,cooperate,0.3103448275862069,tit_for_tat
NetworkRewiring_Test,21,155,20,defect,1.2758620689655173,tit_for_tat
NetworkRewiring_Test,21,155,21,defect,1.1379310344827587,tit_for_tat
NetworkRewiring_Test,21,155,22,defect,1.0,tit_for_tat
NetworkRewiring_Test,21,155,23,cooperate,0.10344827586206896,tit_for_tat
NetworkRewiring_Test,21,155,24,cooperate,0.20689655172413793,tit_for_tat
NetworkRewiring_Test,21,155,25,defect,1.2758620689655173,tit_for_tat
NetworkRewiring_Test,21,155,26,cooperate,0.20689655172413793,tit_for_tat
NetworkRewiring_Test,21,155,27,cooperate,0.20689655172413793,tit_for_tat
NetworkRewiring_Test,21,155,28,cooperate,0.10344827586206896,tit_for_tat
NetworkRewiring_Test,21,155,29,defect,1.4137931034482758,tit_for_tat
NetworkRewiring_Test,21,156,0,defect,1.4137931034482758,lra_q
NetworkRewiring_Test,21,156,1,cooperate,0.0,lra_q
NetworkRewiring_Test,21,156,2,defect,1.4137931034482758,lra_q
NetworkRewiring_Test,21,156,3,defect,1.2758620689655173,lra_q
NetworkRewiring_Test,21,156,4,cooperate,0.10344827586206896,lra_q
NetworkRewiring_Test,21,156,5,defect,1.2758620689655173,lra_q
NetworkRewiring_Test,21,156,6,defect,1.0,lra_q
NetworkRewiring_Test,21,156,7,defect,1.1379310344827587,lra_q
NetworkRewiring_Test,21,156,8,defect,1.1379310344827587,lra_q
NetworkRewiring_Test,21,156,9,cooperate,0.0,lra_q
NetworkRewiring_Test,21,156,10,defect,1.4137931034482758,lra_q
NetworkRewiring_Test,21,156,11,defect,1.1379310344827587,lra_q
NetworkRewiring_Test,21,156,12,defect,1.1379310344827587,lra_q
NetworkRewiring_Test,21,156,13,defect,1.1379310344827587,lra_q
NetworkRewiring_Test,21,156,14,cooperate,0.10344827586206896,lra_q
NetworkRewiring_Test,21,156,15,cooperate,0.10344827586206896,tit_for_tat
NetworkRewiring_Test,21,156,16,defect,1.2758620689655173,tit_for_tat
NetworkRewiring_Test,21,156,17,defect,1.4137931034482758,tit_for_tat
NetworkRewiring_Test,21,156,18,cooperate,0.0,tit_for_tat
NetworkRewiring_Test,21,156,19,defect,1.2758620689655173,tit_for_tat
NetworkRewiring_Test,21,156,20,defect,1.1379310344827587,tit_for_tat
NetworkRewiring_Test,21,156,21,defect,1.0,tit_for_tat
NetworkRewiring_Test,21,156,22,defect,1.1379310344827587,tit_for_tat
NetworkRewiring_Test,21,156,23,defect,1.1379310344827587,tit_for_tat
NetworkRewiring_Test,21,156,24,cooperate,0.10344827586206896,tit_for_tat
NetworkRewiring_Test,21,156,25,cooperate,0.20689655172413793,tit_for_tat
NetworkRewiring_Test,21,156,26,cooperate,0.10344827586206896,tit_for_tat
NetworkRewiring_Test,21,156,27,defect,1.4137931034482758,tit_for_tat
NetworkRewiring_Test,21,156,28,cooperate,0.10344827586206896,tit_for_tat
NetworkRewiring_Test,21,156,29,cooperate,0.20689655172413793,tit_for_tat
NetworkRewiring_Test,21,157,0,defect,1.4137931034482758,lra_q
NetworkRewiring_Test,21,157,1,cooperate,0.10344827586206896,lra_q
NetworkRewiring_Test,21,157,2,cooperate,0.20689655172413793,lra_q
NetworkRewiring_Test,21,157,3,defect,1.2758620689655173,lra_q
NetworkRewiring_Test,21,157,4,defect,1.1379310344827587,lra_q
NetworkRewiring_Test,21,157,5,defect,1.0,lra_q
NetworkRewiring_Test,21,157,6,defect,1.1379310344827587,lra_q
NetworkRewiring_Test,21,157,7,defect,1.0,lra_q
NetworkRewiring_Test,21,157,8,defect,1.1379310344827587,lra_q
NetworkRewiring_Test,21,157,9,defect,1.0,lra_q
NetworkRewiring_Test,21,157,10,defect,1.2758620689655173,lra_q
NetworkRewiring_Test,21,157,11,defect,1.1379310344827587,lra_q
NetworkRewiring_Test,21,157,12,defect,1.0,lra_q
NetworkRewiring_Test,21,157,13,defect,1.0,lra_q
NetworkRewiring_Test,21,157,14,defect,1.0,lra_q
NetworkRewiring_Test,21,157,15,defect,1.1379310344827587,tit_for_tat
NetworkRewiring_Test,21,157,16,defect,1.1379310344827587,tit_for_tat
NetworkRewiring_Test,21,157,17,defect,1.1379310344827587,tit_for_tat
NetworkRewiring_Test,21,157,18,defect,1.1379310344827587,tit_for_tat
NetworkRewiring_Test,21,157,19,cooperate,0.0,tit_for_tat
NetworkRewiring_Test,21,157,20,defect,1.2758620689655173,tit_for_tat
NetworkRewiring_Test,21,157,21,defect,1.2758620689655173,tit_for_tat
NetworkRewiring_Test,21,157,22,cooperate,0.0,tit_for_tat
NetworkRewiring_Test,21,157,23,defect,1.1379310344827587,tit_for_tat
NetworkRewiring_Test,21,157,24,defect,1.0,tit_for_tat
NetworkRewiring_Test,21,157,25,cooperate,0.10344827586206896,tit_for_tat
NetworkRewiring_Test,21,157,26,defect,1.2758620689655173,tit_for_tat
NetworkRewiring_Test,21,157,27,defect,1.2758620689655173,tit_for_tat
NetworkRewiring_Test,21,157,28,defect,1.1379310344827587,tit_for_tat
NetworkRewiring_Test,21,157,29,cooperate,0.20689655172413793,tit_for_tat
NetworkRewiring_Test,21,158,0,cooperate,0.10344827586206896,lra_q
NetworkRewiring_Test,21,158,1,cooperate,0.10344827586206896,lra_q
NetworkRewiring_Test,21,158,2,defect,1.2758620689655173,lra_q
NetworkRewiring_Test,21,158,3,defect,1.2758620689655173,lra_q
NetworkRewiring_Test,21,158,4,defect,1.1379310344827587,lra_q
NetworkRewiring_Test,21,158,5,cooperate,0.41379310344827586,lra_q
NetworkRewiring_Test,21,158,6,cooperate,0.10344827586206896,lra_q
NetworkRewiring_Test,21,158,7,cooperate,0.10344827586206896,lra_q
NetworkRewiring_Test,21,158,8,defect,1.2758620689655173,lra_q
NetworkRewiring_Test,21,158,9,defect,1.2758620689655173,lra_q
NetworkRewiring_Test,21,158,10,cooperate,0.10344827586206896,lra_q
NetworkRewiring_Test,21,158,11,defect,1.2758620689655173,lra_q
NetworkRewiring_Test,21,158,12,cooperate,0.10344827586206896,lra_q
NetworkRewiring_Test,21,158,13,defect,1.2758620689655173,lra_q
NetworkRewiring_Test,21,158,14,cooperate,0.0,lra_q
NetworkRewiring_Test,21,158,15,defect,1.2758620689655173,tit_for_tat
NetworkRewiring_Test,21,158,16,defect,1.2758620689655173,tit_for_tat
NetworkRewiring_Test,21,158,17,defect,1.2758620689655173,tit_for_tat
NetworkRewiring_Test,21,158,18,cooperate,0.10344827586206896,tit_for_tat
NetworkRewiring_Test,21,158,19,defect,1.5517241379310345,tit_for_tat
NetworkRewiring_Test,21,158,20,cooperate,0.20689655172413793,tit_for_tat
NetworkRewiring_Test,21,158,21,cooperate,0.10344827586206896,tit_for_tat
NetworkRewiring_Test,21,158,22,defect,1.5517241379310345,tit_for_tat
NetworkRewiring_Test,21,158,23,cooperate,0.0,tit_for_tat
NetworkRewiring_Test,21,158,24,defect,1.1379310344827587,tit_for_tat
NetworkRewiring_Test,21,158,25,defect,1.4137931034482758,tit_for_tat
NetworkRewiring_Test,21,158,26,defect,1.0,tit_for_tat
NetworkRewiring_Test,21,158,27,cooperate,0.0,tit_for_tat
NetworkRewiring_Test,21,158,28,defect,1.5517241379310345,tit_for_tat
NetworkRewiring_Test,21,158,29,defect,1.1379310344827587,tit_for_tat
NetworkRewiring_Test,21,159,0,cooperate,0.3103448275862069,lra_q
NetworkRewiring_Test,21,159,1,defect,1.2758620689655173,lra_q
NetworkRewiring_Test,21,159,2,defect,1.0,lra_q
NetworkRewiring_Test,21,159,3,cooperate,0.10344827586206896,lra_q
NetworkRewiring_Test,21,159,4,defect,1.0,lra_q
NetworkRewiring_Test,21,159,5,defect,1.2758620689655173,lra_q
NetworkRewiring_Test,21,159,6,cooperate,0.20689655172413793,lra_q
NetworkRewiring_Test,21,159,7,defect,1.0,lra_q
NetworkRewiring_Test,21,159,8,cooperate,0.10344827586206896,lra_q
NetworkRewiring_Test,21,159,9,defect,1.0,lra_q
NetworkRewiring_Test,21,159,10,defect,1.4137931034482758,lra_q
NetworkRewiring_Test,21,159,11,defect,1.0,lra_q
NetworkRewiring_Test,21,159,12,defect,1.0,lra_q
NetworkRewiring_Test,21,159,13,defect,1.2758620689655173,lra_q
NetworkRewiring_Test,21,159,14,cooperate,0.10344827586206896,lra_q
NetworkRewiring_Test,21,159,15,defect,1.4137931034482758,tit_for_tat
NetworkRewiring_Test,21,159,16,defect,1.2758620689655173,tit_for_tat
NetworkRewiring_Test,21,159,17,cooperate,0.20689655172413793,tit_for_tat
NetworkRewiring_Test,21,159,18,defect,1.4137931034482758,tit_for_tat
NetworkRewiring_Test,21,159,19,cooperate,0.3103448275862069,tit_for_tat
NetworkRewiring_Test,21,159,20,cooperate,0.20689655172413793,tit_for_tat
NetworkRewiring_Test,21,159,21,defect,1.4137931034482758,tit_for_tat
NetworkRewiring_Test,21,159,22,cooperate,0.20689655172413793,tit_for_tat
NetworkRewiring_Test,21,159,23,defect,1.0,tit_for_tat
NetworkRewiring_Test,21,159,24,defect,1.0,tit_for_tat
NetworkRewiring_Test,21,159,25,defect,1.2758620689655173,tit_for_tat
NetworkRewiring_Test,21,159,26,defect,1.1379310344827587,tit_for_tat
NetworkRewiring_Test,21,159,27,defect,1.1379310344827587,tit_for_tat
NetworkRewiring_Test,21,159,28,cooperate,0.10344827586206896,tit_for_tat
NetworkRewiring_Test,21,159,29,defect,1.2758620689655173,tit_for_tat
NetworkRewiring_Test,21,160,0,defect,1.2758620689655173,lra_q
NetworkRewiring_Test,21,160,1,defect,1.1379310344827587,lra_q
NetworkRewiring_Test,21,160,2,cooperate,0.20689655172413793,lra_q
NetworkRewiring_Test,21,160,3,defect,1.0,lra_q
NetworkRewiring_Test,21,160,4,cooperate,0.0,lra_q
NetworkRewiring_Test,21,160,5,defect,1.5517241379310345,lra_q
NetworkRewiring_Test,21,160,6,defect,1.0,lra_q
NetworkRewiring_Test,21,160,7,cooperate,0.0,lra_q
NetworkRewiring_Test,21,160,8,defect,1.1379310344827587,lra_q
NetworkRewiring_Test,21,160,9,defect,1.1379310344827587,lra_q
NetworkRewiring_Test,21,160,10,defect,1.2758620689655173,lra_q
NetworkRewiring_Test,21,160,11,defect,1.2758620689655173,lra_q
NetworkRewiring_Test,21,160,12,cooperate,0.10344827586206896,lra_q
NetworkRewiring_Test,21,160,13,defect,1.0,lra_q
NetworkRewiring_Test,21,160,14,defect,1.1379310344827587,lra_q
NetworkRewiring_Test,21,160,15,cooperate,0.20689655172413793,tit_for_tat
NetworkRewiring_Test,21,160,16,defect,1.2758620689655173,tit_for_tat
NetworkRewiring_Test,21,160,17,defect,1.1379310344827587,tit_for_tat
NetworkRewiring_Test,21,160,18,defect,1.1379310344827587,tit_for_tat
NetworkRewiring_Test,21,160,19,defect,1.4137931034482758,tit_for_tat
NetworkRewiring_Test,21,160,20,cooperate,0.20689655172413793,tit_for_tat
NetworkRewiring_Test,21,160,21,cooperate,0.20689655172413793,tit_for_tat
NetworkRewiring_Test,21,160,22,cooperate,0.3103448275862069,tit_for_tat
NetworkRewiring_Test,21,160,23,defect,1.1379310344827587,tit_for_tat
NetworkRewiring_Test,21,160,24,defect,1.1379310344827587,tit_for_tat
NetworkRewiring_Test,21,160,25,defect,1.2758620689655173,tit_for_tat
NetworkRewiring_Test,21,160,26,cooperate,0.10344827586206896,tit_for_tat
NetworkRewiring_Test,21,160,27,defect,1.2758620689655173,tit_for_tat
NetworkRewiring_Test,21,160,28,cooperate,0.10344827586206896,tit_for_tat
NetworkRewiring_Test,21,160,29,cooperate,0.20689655172413793,tit_for_tat
NetworkRewiring_Test,21,161,0,defect,1.4137931034482758,lra_q
NetworkRewiring_Test,21,161,1,cooperate,0.10344827586206896,lra_q
NetworkRewiring_Test,21,161,2,defect,1.6896551724137931,lra_q
NetworkRewiring_Test,21,161,3,cooperate,0.20689655172413793,lra_q
NetworkRewiring_Test,21,161,4,cooperate,0.0,lra_q
NetworkRewiring_Test,21,161,5,defect,1.6896551724137931,lra_q
NetworkRewiring_Test,21,161,6,cooperate,0.3103448275862069,lra_q
NetworkRewiring_Test,21,161,7,cooperate,0.10344827586206896,lra_q
NetworkRewiring_Test,21,161,8,defect,1.2758620689655173,lra_q
NetworkRewiring_Test,21,161,9,cooperate,0.3103448275862069,lra_q
NetworkRewiring_Test,21,161,10,cooperate,0.3103448275862069,lra_q
NetworkRewiring_Test,21,161,11,cooperate,0.20689655172413793,lra_q
NetworkRewiring_Test,21,161,12,defect,1.1379310344827587,lra_q
NetworkRewiring_Test,21,161,13,defect,1.1379310344827587,lra_q
NetworkRewiring_Test,21,161,14,defect,1.0,lra_q
NetworkRewiring_Test,21,161,15,defect,1.2758620689655173,tit_for_tat
NetworkRewiring_Test,21,161,16,cooperate,0.10344827586206896,tit_for_tat
NetworkRewiring_Test,21,161,17,defect,1.2758620689655173,tit_for_tat
NetworkRewiring_Test,21,161,18,defect,1.2758620689655173,tit_for_tat
NetworkRewiring_Test,21,161,19,cooperate,0.20689655172413793,tit_for_tat
NetworkRewiring_Test,21,161,20,defect,1.4137931034482758,tit_for_tat
NetworkRewiring_Test,21,161,21,cooperate,0.20689655172413793,tit_for_tat
NetworkRewiring_Test,21,161,22,cooperate,0.20689655172413793,tit_for_tat
NetworkRewiring_Test,21,161,23,cooperate,0.10344827586206896,tit_for_tat
NetworkRewiring_Test,21,161,24,cooperate,0.10344827586206896,tit_for_tat
NetworkRewiring_Test,21,161,25,defect,1.6896551724137931,tit_for_tat
NetworkRewiring_Test,21,161,26,defect,1.2758620689655173,tit_for_tat
NetworkRewiring_Test,21,161,27,cooperate,0.3103448275862069,tit_for_tat
NetworkRewiring_Test,21,161,28,cooperate,0.3103448275862069,tit_for_tat
NetworkRewiring_Test,21,161,29,cooperate,0.20689655172413793,tit_for_tat
NetworkRewiring_Test,21,162,0,defect,1.6896551724137931,lra_q
NetworkRewiring_Test,21,162,1,cooperate,0.0,lra_q
NetworkRewiring_Test,21,162,2,defect,1.4137931034482758,lra_q
NetworkRewiring_Test,21,162,3,defect,1.4137931034482758,lra_q
NetworkRewiring_Test,21,162,4,cooperate,0.10344827586206896,lra_q
NetworkRewiring_Test,21,162,5,defect,1.4137931034482758,lra_q
NetworkRewiring_Test,21,162,6,cooperate,0.0,lra_q
NetworkRewiring_Test,21,162,7,defect,1.0,lra_q
NetworkRewiring_Test,21,162,8,cooperate,0.10344827586206896,lra_q
NetworkRewiring_Test,21,162,9,defect,1.1379310344827587,lra_q
NetworkRewiring_Test,21,162,10,defect,1.5517241379310345,lra_q
NetworkRewiring_Test,21,162,11,cooperate,0.10344827586206896,lra_q
NetworkRewiring_Test,21,162,12,defect,1.1379310344827587,lra_q
NetworkRewiring_Test,21,162,13,defect,1.2758620689655173,lra_q
NetworkRewiring_Test,21,162,14,cooperate,0.0,lra_q
NetworkRewiring_Test,21,162,15,defect,1.2758620689655173,tit_for_tat
NetworkRewiring_Test,21,162,16,defect,1.1379310344827587,tit_for_tat
NetworkRewiring_Test,21,162,17,defect,1.1379310344827587,tit_for_tat
NetworkRewiring_Test,21,162,18,defect,1.1379310344827587,tit_for_tat
NetworkRewiring_Test,21,162,19,defect,1.4137931034482758,tit_for_tat
NetworkRewiring_Test,21,162,20,cooperate,0.20689655172413793,tit_for_tat
NetworkRewiring_Test,21,162,21,cooperate,0.20689655172413793,tit_for_tat
NetworkRewiring_Test,21,162,22,cooperate,0.20689655172413793,tit_for_tat
NetworkRewiring_Test,21,162,23,defect,1.1379310344827587,tit_for_tat
NetworkRewiring_Test,21,162,24,cooperate,0.0,tit_for_tat
NetworkRewiring_Test,21,162,25,cooperate,0.3103448275862069,tit_for_tat
NetworkRewiring_Test,21,162,26,defect,1.1379310344827587,tit_for_tat
NetworkRewiring_Test,21,162,27,cooperate,0.41379310344827586,tit_for_tat
NetworkRewiring_Test,21,162,28,cooperate,0.20689655172413793,tit_for_tat
NetworkRewiring_Test,21,162,29,cooperate,0.41379310344827586,tit_for_tat
NetworkRewiring_Test,21,163,0,cooperate,0.10344827586206896,lra_q
NetworkRewiring_Test,21,163,1,cooperate,0.10344827586206896,lra_q
NetworkRewiring_Test,21,163,2,cooperate,0.3103448275862069,lra_q
NetworkRewiring_Test,21,163,3,defect,1.1379310344827587,lra_q
NetworkRewiring_Test,21,163,4,defect,1.0,lra_q
NetworkRewiring_Test,21,163,5,defect,1.1379310344827587,lra_q
NetworkRewiring_Test,21,163,6,defect,1.0,lra_q
NetworkRewiring_Test,21,163,7,cooperate,0.10344827586206896,lra_q
NetworkRewiring_Test,21,163,8,defect,1.2758620689655173,lra_q
NetworkRewiring_Test,21,163,9,cooperate,0.10344827586206896,lra_q
NetworkRewiring_Test,21,163,10,defect,1.1379310344827587,lra_q
NetworkRewiring_Test,21,163,11,defect,1.4137931034482758,lra_q
NetworkRewiring_Test,21,163,12,defect,1.1379310344827587,lra_q
NetworkRewiring_Test,21,163,13,defect,1.1379310344827587,lra_q
NetworkRewiring_Test,21,163,14,cooperate,0.10344827586206896,lra_q
NetworkRewiring_Test,21,163,15,cooperate,0.10344827586206896,tit_for_tat
NetworkRewiring_Test,21,163,16,defect,1.4137931034482758,tit_for_tat
NetworkRewiring_Test,21,163,17,defect,1.4137931034482758,tit_for_tat
NetworkRewiring_Test,21,163,18,cooperate,0.0,tit_for_tat
NetworkRewiring_Test,21,163,19,defect,1.2758620689655173,tit_for_tat
NetworkRewiring_Test,21,163,20,defect,1.2758620689655173,tit_for_tat
NetworkRewiring_Test,21,163,21,cooperate,0.0,tit_for_tat
NetworkRewiring_Test,21,163,22,defect,1.4137931034482758,tit_for_tat
NetworkRewiring_Test,21,163,23,cooperate,0.10344827586206896,tit_for_tat
NetworkRewiring_Test,21,163,24,defect,1.1379310344827587,tit_for_tat
NetworkRewiring_Test,21,163,25,defect,1.4137931034482758,tit_for_tat
NetworkRewiring_Test,21,163,26,defect,1.1379310344827587,tit_for_tat
NetworkRewiring_Test,21,163,27,cooperate,0.20689655172413793,tit_for_tat
NetworkRewiring_Test,21,163,28,defect,1.4137931034482758,tit_for_tat
NetworkRewiring_Test,21,163,29,cooperate,0.20689655172413793,tit_for_tat
NetworkRewiring_Test,21,164,0,cooperate,0.3103448275862069,lra_q
NetworkRewiring_Test,21,164,1,cooperate,0.10344827586206896,lra_q
NetworkRewiring_Test,21,164,2,cooperate,0.20689655172413793,lra_q
NetworkRewiring_Test,21,164,3,defect,1.2758620689655173,lra_q
NetworkRewiring_Test,21,164,4,cooperate,0.10344827586206896,lra_q
NetworkRewiring_Test,21,164,5,cooperate,0.41379310344827586,lra_q
NetworkRewiring_Test,21,164,6,cooperate,0.10344827586206896,lra_q
NetworkRewiring_Test,21,164,7,defect,1.2758620689655173,lra_q
NetworkRewiring_Test,21,164,8,cooperate,0.3103448275862069,lra_q
NetworkRewiring_Test,21,164,9,cooperate,0.10344827586206896,lra_q
NetworkRewiring_Test,21,164,10,cooperate,0.5172413793103449,lra_q
NetworkRewiring_Test,21,164,11,defect,1.2758620689655173,lra_q
NetworkRewiring_Test,21,164,12,defect,1.1379310344827587,lra_q
NetworkRewiring_Test,21,164,13,defect,1.1379310344827587,lra_q
NetworkRewiring_Test,21,164,14,defect,1.1379310344827587,lra_q
NetworkRewiring_Test,21,164,15,defect,1.2758620689655173,tit_for_tat
NetworkRewiring_Test,21,164,16,defect,1.4137931034482758,tit_for_tat
NetworkRewiring_Test,21,164,17,cooperate,0.0,tit_for_tat
NetworkRewiring_Test,21,164,18,defect,1.2758620689655173,tit_for_tat
NetworkRewiring_Test,21,164,19,defect,1.4137931034482758,tit_for_tat
NetworkRewiring_Test,21,164,20,cooperate,0.10344827586206896,tit_for_tat
NetworkRewiring_Test,21,164,21,defect,1.2758620689655173,tit_for_tat
NetworkRewiring_Test,21,164,22,cooperate,0.3103448275862069,tit_for_tat
NetworkRewiring_Test,21,164,23,defect,1.1379310344827587,tit_for_tat
NetworkRewiring_Test,21,164,24,defect,1.0,tit_for_tat
NetworkRewiring_Test,21,164,25,defect,1.5517241379310345,tit_for_tat
NetworkRewiring_Test,21,164,26,defect,1.1379310344827587,tit_for_tat
NetworkRewiring_Test,21,164,27,defect,1.4137931034482758,tit_for_tat
NetworkRewiring_Test,21,164,28,cooperate,0.41379310344827586,tit_for_tat
NetworkRewiring_Test,21,164,29,cooperate,0.3103448275862069,tit_for_tat
NetworkRewiring_Test,21,165,0,defect,1.5517241379310345,lra_q
NetworkRewiring_Test,21,165,1,cooperate,0.0,lra_q
NetworkRewiring_Test,21,165,2,defect,1.6896551724137931,lra_q
NetworkRewiring_Test,21,165,3,defect,1.4137931034482758,lra_q
NetworkRewiring_Test,21,165,4,defect,1.1379310344827587,lra_q
NetworkRewiring_Test,21,165,5,defect,1.4137931034482758,lra_q
NetworkRewiring_Test,21,165,6,cooperate,0.10344827586206896,lra_q
NetworkRewiring_Test,21,165,7,defect,1.1379310344827587,lra_q
NetworkRewiring_Test,21,165,8,cooperate,0.20689655172413793,lra_q
NetworkRewiring_Test,21,165,9,cooperate,0.20689655172413793,lra_q
NetworkRewiring_Test,21,165,10,cooperate,0.5172413793103449,lra_q
NetworkRewiring_Test,21,165,11,cooperate,0.10344827586206896,lra_q
NetworkRewiring_Test,21,165,12,defect,1.1379310344827587,lra_q
NetworkRewiring_Test,21,165,13,defect,1.1379310344827587,lra_q
NetworkRewiring_Test,21,165,14,defect,1.0,lra_q
NetworkRewiring_Test,21,165,15,defect,1.1379310344827587,tit_for_tat
NetworkRewiring_Test,21,165,16,defect,1.2758620689655173,tit_for_tat
NetworkRewiring_Test,21,165,17,defect,1.2758620689655173,tit_for_tat
NetworkRewiring_Test,21,165,18,cooperate,0.20689655172413793,tit_for_tat
NetworkRewiring_Test,21,165,19,cooperate,0.5172413793103449,tit_for_tat
NetworkRewiring_Test,21,165,20,cooperate,0.41379310344827586,tit_for_tat
NetworkRewiring_Test,21,165,21,cooperate,0.3103448275862069,tit_for_tat
NetworkRewiring_Test,21,165,22,cooperate,0.3103448275862069,tit_for_tat
NetworkRewiring_Test,21,165,23,cooperate,0.0,tit_for_tat
NetworkRewiring_Test,21,165,24,defect,1.2758620689655173,tit_for_tat
NetworkRewiring_Test,21,165,25,cooperate,0.20689655172413793,tit_for_tat
NetworkRewiring_Test,21,165,26,cooperate,0.10344827586206896,tit_for_tat
NetworkRewiring_Test,21,165,27,defect,1.5517241379310345,tit_for_tat
NetworkRewiring_Test,21,165,28,cooperate,0.20689655172413793,tit_for_tat
NetworkRewiring_Test,21,165,29,cooperate,0.3103448275862069,tit_for_tat
NetworkRewiring_Test,21,166,0,defect,1.4137931034482758,lra_q
NetworkRewiring_Test,21,166,1,cooperate,0.0,lra_q
NetworkRewiring_Test,21,166,2,defect,1.5517241379310345,lra_q
NetworkRewiring_Test,21,166,3,defect,1.2758620689655173,lra_q
NetworkRewiring_Test,21,166,4,defect,1.0,lra_q
NetworkRewiring_Test,21,166,5,defect,1.2758620689655173,lra_q
NetworkRewiring_Test,21,166,6,cooperate,0.20689655172413793,lra_q
NetworkRewiring_Test,21,166,7,defect,1.0,lra_q
NetworkRewiring_Test,21,166,8,cooperate,0.20689655172413793,lra_q
NetworkRewiring_Test,21,166,9,defect,1.1379310344827587,lra_q
NetworkRewiring_Test,21,166,10,cooperate,0.20689655172413793,lra_q
NetworkRewiring_Test,21,166,11,defect,1.1379310344827587,lra_q
NetworkRewiring_Test,21,166,12,defect,1.0,lra_q
NetworkRewiring_Test,21,166,13,defect,1.2758620689655173,lra_q
NetworkRewiring_Test,21,166,14,cooperate,0.0,lra_q
NetworkRewiring_Test,21,166,15,defect,1.4137931034482758,tit_for_tat
NetworkRewiring_Test,21,166,16,cooperate,0.10344827586206896,tit_for_tat
NetworkRewiring_Test,21,166,17,defect,1.4137931034482758,tit_for_tat
NetworkRewiring_Test,21,166,18,defect,1.4137931034482758,tit_for_tat
NetworkRewiring_Test,21,166,19,cooperate,0.41379310344827586,tit_for_tat
NetworkRewiring_Test,21,166,20,cooperate,0.3103448275862069,tit_for_tat
NetworkRewiring_Test,21,166,21,cooperate,0.3103448275862069,tit_for_tat
NetworkRewiring_Test,21,166,22,cooperate,0.3103448275862069,tit_for_tat
NetworkRewiring_Test,21,166,23,defect,1.1379310344827587,tit_for_tat
NetworkRewiring_Test,21,166,24,cooperate,0.10344827586206896,tit_for_tat
NetworkRewiring_Test,21,166,25,defect,1.4137931034482758,tit_for_tat
NetworkRewiring_Test,21,166,26,cooperate,0.20689655172413793,tit_for_tat
NetworkRewiring_Test,21,166,27,cooperate,0.10344827586206896,tit_for_tat
NetworkRewiring_Test,21,166,28,defect,1.4137931034482758,tit_for_tat
NetworkRewiring_Test,21,166,29,cooperate,0.20689655172413793,tit_for_tat
NetworkRewiring_Test,21,167,0,defect,1.4137931034482758,lra_q
NetworkRewiring_Test,21,167,1,cooperate,0.10344827586206896,lra_q
NetworkRewiring_Test,21,167,2,defect,1.4137931034482758,lra_q
NetworkRewiring_Test,21,167,3,cooperate,0.20689655172413793,lra_q
NetworkRewiring_Test,21,167,4,cooperate,0.10344827586206896,lra_q
NetworkRewiring_Test,21,167,5,defect,1.6896551724137931,lra_q
NetworkRewiring_Test,21,167,6,defect,1.2758620689655173,lra_q
NetworkRewiring_Test,21,167,7,cooperate,0.10344827586206896,lra_q
NetworkRewiring_Test,21,167,8,cooperate,0.20689655172413793,lra_q
NetworkRewiring_Test,21,167,9,cooperate,0.20689655172413793,lra_q
NetworkRewiring_Test,21,167,10,cooperate,0.41379310344827586,lra_q
NetworkRewiring_Test,21,167,11,defect,1.2758620689655173,lra_q
NetworkRewiring_Test,21,167,12,cooperate,0.10344827586206896,lra_q
NetworkRewiring_Test,21,167,13,defect,1.1379310344827587,lra_q
NetworkRewiring_Test,21,167,14,cooperate,0.10344827586206896,lra_q
NetworkRewiring_Test,21,167,15,cooperate,0.20689655172413793,tit_for_tat
NetworkRewiring_Test,21,167,16,defect,1.2758620689655173,tit_for_tat
NetworkRewiring_Test,21,167,17,defect,1.5517241379310345,tit_for_tat
NetworkRewiring_Test,21,167,18,cooperate,0.20689655172413793,tit_for_tat
NetworkRewiring_Test,21,167,19,cooperate,0.41379310344827586,tit_for_tat
NetworkRewiring_Test,21,167,20,cooperate,0.3103448275862069,tit_for_tat
NetworkRewiring_Test,21,167,21,cooperate,0.20689655172413793,tit_for_tat
NetworkRewiring_Test,21,167,22,defect,1.5517241379310345,tit_for_tat
NetworkRewiring_Test,21,167,23,defect,1.0,tit_for_tat
NetworkRewiring_Test,21,167,24,defect,1.1379310344827587,tit_for_tat
NetworkRewiring_Test,21,167,25,cooperate,0.41379310344827586,tit_for_tat
NetworkRewiring_Test,21,167,26,cooperate,0.10344827586206896,tit_for_tat
NetworkRewiring_Test,21,167,27,defect,1.4137931034482758,tit_for_tat
NetworkRewiring_Test,21,167,28,cooperate,0.20689655172413793,tit_for_tat
NetworkRewiring_Test,21,167,29,cooperate,0.3103448275862069,tit_for_tat
NetworkRewiring_Test,21,168,0,defect,1.5517241379310345,lra_q
NetworkRewiring_Test,21,168,1,cooperate,0.10344827586206896,lra_q
NetworkRewiring_Test,21,168,2,cooperate,0.41379310344827586,lra_q
NetworkRewiring_Test,21,168,3,defect,1.2758620689655173,lra_q
NetworkRewiring_Test,21,168,4,defect,1.2758620689655173,lra_q
NetworkRewiring_Test,21,168,5,cooperate,0.10344827586206896,lra_q
NetworkRewiring_Test,21,168,6,defect,1.4137931034482758,lra_q
NetworkRewiring_Test,21,168,7,defect,1.1379310344827587,lra_q
NetworkRewiring_Test,21,168,8,cooperate,0.10344827586206896,lra_q
NetworkRewiring_Test,21,168,9,defect,1.2758620689655173,lra_q
NetworkRewiring_Test,21,168,10,cooperate,0.41379310344827586,lra_q
NetworkRewiring_Test,21,168,11,cooperate,0.20689655172413793,lra_q
NetworkRewiring_Test,21,168,12,defect,1.2758620689655173,lra_q
NetworkRewiring_Test,21,168,13,defect,1.0,lra_q
NetworkRewiring_Test,21,168,14,defect,1.1379310344827587,lra_q
NetworkRewiring_Test,21,168,15,defect,1.4137931034482758,tit_for_tat
NetworkRewiring_Test,21,168,16,cooperate,0.20689655172413793,tit_for_tat
NetworkRewiring_Test,21,168,17,cooperate,0.20689655172413793,tit_for_tat
NetworkRewiring_Test,21,168,18,defect,1.5517241379310345,tit_for_tat
NetworkRewiring_Test,21,168,19,cooperate,0.41379310344827586,tit_for_tat
NetworkRewiring_Test,21,168,20,cooperate,0.3103448275862069,tit_for_tat
NetworkRewiring_Test,21,168,21,cooperate,0.3103448275862069,tit_for_tat
NetworkRewiring_Test,21,168,22,cooperate,0.3103448275862069,tit_for_tat
NetworkRewiring_Test,21,168,23,defect,1.2758620689655173,tit_for_tat
NetworkRewiring_Test,21,168,24,cooperate,0.10344827586206896,tit_for_tat
NetworkRewiring_Test,21,168,25,cooperate,0.20689655172413793,tit_for_tat
NetworkRewiring_Test,21,168,26,cooperate,0.3103448275862069,tit_for_tat
NetworkRewiring_Test,21,168,27,cooperate,0.20689655172413793,tit_for_tat
NetworkRewiring_Test,21,168,28,defect,1.4137931034482758,tit_for_tat
NetworkRewiring_Test,21,168,29,defect,1.5517241379310345,tit_for_tat
NetworkRewiring_Test,21,169,0,defect,1.4137931034482758,lra_q
NetworkRewiring_Test,21,169,1,cooperate,0.10344827586206896,lra_q
NetworkRewiring_Test,21,169,2,defect,1.5517241379310345,lra_q
NetworkRewiring_Test,21,169,3,cooperate,0.3103448275862069,lra_q
NetworkRewiring_Test,21,169,4,defect,1.2758620689655173,lra_q
NetworkRewiring_Test,21,169,5,cooperate,0.3103448275862069,lra_q
NetworkRewiring_Test,21,169,6,cooperate,0.3103448275862069,lra_q
NetworkRewiring_Test,21,169,7,defect,1.1379310344827587,lra_q
NetworkRewiring_Test,21,169,8,defect,1.0,lra_q
NetworkRewiring_Test,21,169,9,defect,1.1379310344827587,lra_q
NetworkRewiring_Test,21,169,10,defect,1.5517241379310345,lra_q
NetworkRewiring_Test,21,169,11,cooperate,0.10344827586206896,lra_q
NetworkRewiring_Test,21,169,12,cooperate,0.3103448275862069,lra_q
NetworkRewiring_Test,21,169,13,defect,1.1379310344827587,lra_q
NetworkRewiring_Test,21,169,14,defect,1.1379310344827587,lra_q
NetworkRewiring_Test,21,169,15,cooperate,0.20689655172413793,tit_for_tat
NetworkRewiring_Test,21,169,16,defect,1.4137931034482758,tit_for_tat
NetworkRewiring_Test,21,169,17,defect,1.4137931034482758,tit_for_tat
NetworkRewiring_Test,21,169,18,cooperate,0.10344827586206896,tit_for_tat
NetworkRewiring_Test,21,169,19,cooperate,0.41379310344827586,tit_for_tat
NetworkRewiring_Test,21,169,20,defect,1.5517241379310345,tit_for_tat
NetworkRewiring_Test,21,169,21,cooperate,0.20689655172413793,tit_for_tat
NetworkRewiring_Test,21,169,22,cooperate,0.20689655172413793,tit_for_tat
NetworkRewiring_Test,21,169,23,cooperate,0.10344827586206896,tit_for_tat
NetworkRewiring_Test,21,169,24,cooperate,0.20689655172413793,tit_for_tat
NetworkRewiring_Test,21,169,25,cooperate,0.10344827586206896,tit_for_tat
NetworkRewiring_Test,21,169,26,cooperate,0.20689655172413793,tit_for_tat
NetworkRewiring_Test,21,169,27,defect,1.4137931034482758,tit_for_tat
NetworkRewiring_Test,21,169,28,cooperate,0.10344827586206896,tit_for_tat
NetworkRewiring_Test,21,169,29,defect,1.2758620689655173,tit_for_tat
NetworkRewiring_Test,21,170,0,defect,1.0,lra_q
NetworkRewiring_Test,21,170,1,cooperate,0.0,lra_q
NetworkRewiring_Test,21,170,2,defect,1.5517241379310345,lra_q
NetworkRewiring_Test,21,170,3,defect,1.2758620689655173,lra_q
NetworkRewiring_Test,21,170,4,defect,1.0,lra_q
NetworkRewiring_Test,21,170,5,defect,1.2758620689655173,lra_q
NetworkRewiring_Test,21,170,6,cooperate,0.20689655172413793,lra_q
NetworkRewiring_Test,21,170,7,defect,1.1379310344827587,lra_q
NetworkRewiring_Test,21,170,8,defect,1.0,lra_q
NetworkRewiring_Test,21,170,9,cooperate,0.0,lra_q
NetworkRewiring_Test,21,170,10,defect,1.1379310344827587,lra_q
NetworkRewiring_Test,21,170,11,defect,1.2758620689655173,lra_q
NetworkRewiring_Test,21,170,12,cooperate,0.0,lra_q
NetworkRewiring_Test,21,170,13,defect,1.1379310344827587,lra_q
NetworkRewiring_Test,21,170,14,defect,1.1379310344827587,lra_q
NetworkRewiring_Test,21,170,15,defect,1.4137931034482758,tit_for_tat
NetworkRewiring_Test,21,170,16,cooperate,0.20689655172413793,tit_for_tat
NetworkRewiring_Test,21,170,17,cooperate,0.20689655172413793,tit_for_tat
NetworkRewiring_Test,21,170,18,defect,1.5517241379310345,tit_for_tat
NetworkRewiring_Test,21,170,19,cooperate,0.5172413793103449,tit_for_tat
NetworkRewiring_Test,21,170,20,cooperate,0.20689655172413793,tit_for_tat
NetworkRewiring_Test,21,170,21,cooperate,0.20689655172413793,tit_for_tat
NetworkRewiring_Test,21,170,22,defect,1.2758620689655173,tit_for_tat
NetworkRewiring_Test,21,170,23,cooperate,0.10344827586206896,tit_for_tat
NetworkRewiring_Test,21,170,24,cooperate,0.20689655172413793,tit_for_tat
NetworkRewiring_Test,21,170,25,defect,1.0,tit_for_tat
NetworkRewiring_Test,21,170,26,cooperate,0.20689655172413793,tit_for_tat
NetworkRewiring_Test,21,170,27,defect,1.0,tit_for_tat
NetworkRewiring_Test,21,170,28,defect,1.0,tit_for_tat
NetworkRewiring_Test,21,170,29,defect,1.0,tit_for_tat
NetworkRewiring_Test,21,171,0,cooperate,0.0,lra_q
NetworkRewiring_Test,21,171,1,cooperate,0.0,lra_q
NetworkRewiring_Test,21,171,2,defect,1.2758620689655173,lra_q
NetworkRewiring_Test,21,171,3,defect,1.1379310344827587,lra_q
NetworkRewiring_Test,21,171,4,cooperate,0.0,lra_q
NetworkRewiring_Test,21,171,5,defect,1.4137931034482758,lra_q
NetworkRewiring_Test,21,171,6,defect,1.1379310344827587,lra_q
NetworkRewiring_Test,21,171,7,defect,1.0,lra_q
NetworkRewiring_Test,21,171,8,defect,1.2758620689655173,lra_q
NetworkRewiring_Test,21,171,9,defect,1.2758620689655173,lra_q
NetworkRewiring_Test,21,171,10,cooperate,0.0,lra_q
NetworkRewiring_Test,21,171,11,cooperate,0.10344827586206896,lra_q
NetworkRewiring_Test,21,171,12,cooperate,0.10344827586206896,lra_q
NetworkRewiring_Test,21,171,13,defect,1.0,lra_q
NetworkRewiring_Test,21,171,14,defect,1.0,lra_q
NetworkRewiring_Test,21,171,15,defect,1.1379310344827587,tit_for_tat
NetworkRewiring_Test,21,171,16,defect,1.1379310344827587,tit_for_tat
NetworkRewiring_Test,21,171,17,defect,1.2758620689655173,tit_for_tat
NetworkRewiring_Test,21,171,18,cooperate,0.20689655172413793,tit_for_tat
NetworkRewiring_Test,21,171,19,cooperate,0.20689655172413793,tit_for_tat
NetworkRewiring_Test,21,171,20,cooperate,0.20689655172413793,tit_for_tat
NetworkRewiring_Test,21,171,21,defect,1.2758620689655173,tit_for_tat
NetworkRewiring_Test,21,171,22,defect,1.4137931034482758,tit_for_tat
NetworkRewiring_Test,21,171,23,defect,1.1379310344827587,tit_for_tat
NetworkRewiring_Test,21,171,24,cooperate,0.0,tit_for_tat
NetworkRewiring_Test,21,171,25,defect,1.4137931034482758,tit_for_tat
NetworkRewiring_Test,21,171,26,defect,1.2758620689655173,tit_for_tat
NetworkRewiring_Test,21,171,27,defect,1.2758620689655173,tit_for_tat
NetworkRewiring_Test,21,171,28,defect,1.2758620689655173,tit_for_tat
NetworkRewiring_Test,21,171,29,defect,1.0,tit_for_tat
NetworkRewiring_Test,21,172,0,cooperate,0.41379310344827586,lra_q
NetworkRewiring_Test,21,172,1,cooperate,0.0,lra_q
NetworkRewiring_Test,21,172,2,defect,1.4137931034482758,lra_q
NetworkRewiring_Test,21,172,3,defect,1.4137931034482758,lra_q
NetworkRewiring_Test,21,172,4,cooperate,0.10344827586206896,lra_q
NetworkRewiring_Test,21,172,5,defect,1.6896551724137931,lra_q
NetworkRewiring_Test,21,172,6,cooperate,0.10344827586206896,lra_q
NetworkRewiring_Test,21,172,7,cooperate,0.0,lra_q
NetworkRewiring_Test,21,172,8,cooperate,0.20689655172413793,lra_q
NetworkRewiring_Test,21,172,9,defect,1.2758620689655173,lra_q
NetworkRewiring_Test,21,172,10,cooperate,0.3103448275862069,lra_q
NetworkRewiring_Test,21,172,11,defect,1.1379310344827587,lra_q
NetworkRewiring_Test,21,172,12,defect,1.1379310344827587,lra_q
NetworkRewiring_Test,21,172,13,defect,1.2758620689655173,lra_q
NetworkRewiring_Test,21,172,14,cooperate,0.10344827586206896,lra_q
NetworkRewiring_Test,21,172,15,cooperate,0.20689655172413793,tit_for_tat
NetworkRewiring_Test,21,172,16,cooperate,0.20689655172413793,tit_for_tat
NetworkRewiring_Test,21,172,17,defect,1.4137931034482758,tit_for_tat
NetworkRewiring_Test,21,172,18,defect,1.2758620689655173,tit_for_tat
NetworkRewiring_Test,21,172,19,defect,1.4137931034482758,tit_for_tat
NetworkRewiring_Test,21,172,20,cooperate,0.10344827586206896,tit_for_tat
NetworkRewiring_Test,21,172,21,cooperate,0.10344827586206896,tit_for_tat
NetworkRewiring_Test,21,172,22,defect,1.6896551724137931,tit_for_tat
NetworkRewiring_Test,21,172,23,cooperate,0.0,tit_for_tat
NetworkRewiring_Test,21,172,24,defect,1.1379310344827587,tit_for_tat
NetworkRewiring_Test,21,172,25,cooperate,0.41379310344827586,tit_for_tat
NetworkRewiring_Test,21,172,26,defect,1.0,tit_for_tat
NetworkRewiring_Test,21,172,27,cooperate,0.3103448275862069,tit_for_tat
NetworkRewiring_Test,21,172,28,cooperate,0.3103448275862069,tit_for_tat
NetworkRewiring_Test,21,172,29,defect,1.5517241379310345,tit_for_tat
NetworkRewiring_Test,21,173,0,defect,1.4137931034482758,lra_q
NetworkRewiring_Test,21,173,1,cooperate,0.10344827586206896,lra_q
NetworkRewiring_Test,21,173,2,cooperate,0.20689655172413793,lra_q
NetworkRewiring_Test,21,173,3,defect,1.2758620689655173,lra_q
NetworkRewiring_Test,21,173,4,defect,1.0,lra_q
NetworkRewiring_Test,21,173,5,defect,1.4137931034482758,lra_q
NetworkRewiring_Test,21,173,6,cooperate,0.10344827586206896,lra_q
NetworkRewiring_Test,21,173,7,cooperate,0.0,lra_q
NetworkRewiring_Test,21,173,8,cooperate,0.10344827586206896,lra_q
NetworkRewiring_Test,21,173,9,defect,1.1379310344827587,lra_q
NetworkRewiring_Test,21,173,10,defect,1.2758620689655173,lra_q
NetworkRewiring_Test,21,173,11,defect,1.4137931034482758,lra_q
NetworkRewiring_Test,21,173,12,cooperate,0.0,lra_q
NetworkRewiring_Test,21,173,13,defect,1.1379310344827587,lra_q
NetworkRewiring_Test,21,173,14,defect,1.1379310344827587,lra_q
NetworkRewiring_Test,21,173,15,defect,1.4137931034482758,tit_for_tat
NetworkRewiring_Test,21,173,16,defect,1.5517241379310345,tit_for_tat
NetworkRewiring_Test,21,173,17,cooperate,0.20689655172413793,tit_for_tat
NetworkRewiring_Test,21,173,18,cooperate,0.20689655172413793,tit_for_tat
NetworkRewiring_Test,21,173,19,cooperate,0.3103448275862069,tit_for_tat
NetworkRewiring_Test,21,173,20,defect,1.4137931034482758,tit_for_tat
NetworkRewiring_Test,21,173,21,defect,1.2758620689655173,tit_for_tat
NetworkRewiring_Test,21,173,22,cooperate,0.0,tit_for_tat
NetworkRewiring_Test,21,173,23,defect,1.2758620689655173,tit_for_tat
NetworkRewiring_Test,21,173,24,cooperate,0.0,tit_for_tat
NetworkRewiring_Test,21,173,25,defect,1.2758620689655173,tit_for_tat
NetworkRewiring_Test,21,173,26,defect,1.4137931034482758,tit_for_tat
NetworkRewiring_Test,21,173,27,cooperate,0.10344827586206896,tit_for_tat
NetworkRewiring_Test,21,173,28,defect,1.2758620689655173,tit_for_tat
NetworkRewiring_Test,21,173,29,cooperate,0.3103448275862069,tit_for_tat
NetworkRewiring_Test,21,174,0,defect,1.1379310344827587,lra_q
NetworkRewiring_Test,21,174,1,cooperate,0.0,lra_q
NetworkRewiring_Test,21,174,2,defect,1.5517241379310345,lra_q
NetworkRewiring_Test,21,174,3,defect,1.2758620689655173,lra_q
NetworkRewiring_Test,21,174,4,cooperate,0.10344827586206896,lra_q
NetworkRewiring_Test,21,174,5,defect,1.4137931034482758,lra_q
NetworkRewiring_Test,21,174,6,defect,1.1379310344827587,lra_q
NetworkRewiring_Test,21,174,7,cooperate,0.10344827586206896,lra_q
NetworkRewiring_Test,21,174,8,defect,1.1379310344827587,lra_q
NetworkRewiring_Test,21,174,9,cooperate,0.20689655172413793,lra_q
NetworkRewiring_Test,21,174,10,cooperate,0.20689655172413793,lra_q
NetworkRewiring_Test,21,174,11,defect,1.1379310344827587,lra_q
NetworkRewiring_Test,21,174,12,defect,1.0,lra_q
NetworkRewiring_Test,21,174,13,defect,1.0,lra_q
NetworkRewiring_Test,21,174,14,defect,1.1379310344827587,lra_q
NetworkRewiring_Test,21,174,15,defect,1.2758620689655173,tit_for_tat
NetworkRewiring_Test,21,174,16,cooperate,0.10344827586206896,tit_for_tat
NetworkRewiring_Test,21,174,17,cooperate,0.10344827586206896,tit_for_tat
NetworkRewiring_Test,21,174,18,defect,1.4137931034482758,tit_for_tat
NetworkRewiring_Test,21,174,19,defect,1.5517241379310345,tit_for_tat
NetworkRewiring_Test,21,174,20,cooperate,0.10344827586206896,tit_for_tat
NetworkRewiring_Test,21,174,21,cooperate,0.10344827586206896,tit_for_tat
NetworkRewiring_Test,21,174,22,defect,1.4137931034482758,tit_for_tat
NetworkRewiring_Test,21,174,23,cooperate,0.0,tit_for_tat
NetworkRewiring_Test,21,174,24,defect,1.2758620689655173,tit_for_tat
NetworkRewiring_Test,21,174,25,cooperate,0.20689655172413793,tit_for_tat
NetworkRewiring_Test,21,174,26,cooperate,0.0,tit_for_tat
NetworkRewiring_Test,21,174,27,defect,1.1379310344827587,tit_for_tat
NetworkRewiring_Test,21,174,28,defect,1.1379310344827587,tit_for_tat
NetworkRewiring_Test,21,174,29,defect,1.1379310344827587,tit_for_tat
NetworkRewiring_Test,21,175,0,cooperate,0.0,lra_q
NetworkRewiring_Test,21,175,1,cooperate,0.10344827586206896,lra_q
NetworkRewiring_Test,21,175,2,defect,1.1379310344827587,lra_q
NetworkRewiring_Test,21,175,3,cooperate,0.10344827586206896,lra_q
NetworkRewiring_Test,21,175,4,defect,1.0,lra_q
NetworkRewiring_Test,21,175,5,defect,1.2758620689655173,lra_q
NetworkRewiring_Test,21,175,6,defect,1.2758620689655173,lra_q
NetworkRewiring_Test,21,175,7,defect,1.0,lra_q
NetworkRewiring_Test,21,175,8,defect,1.2758620689655173,lra_q
NetworkRewiring_Test,21,175,9,defect,1.1379310344827587,lra_q
NetworkRewiring_Test,21,175,10,cooperate,0.0,lra_q
NetworkRewiring_Test,21,175,11,defect,1.1379310344827587,lra_q
NetworkRewiring_Test,21,175,12,cooperate,0.0,lra_q
NetworkRewiring_Test,21,175,13,defect,1.0,lra_q
NetworkRewiring_Test,21,175,14,defect,1.0,lra_q
NetworkRewiring_Test,21,175,15,defect,1.1379310344827587,tit_for_tat
NetworkRewiring_Test,21,175,16,defect,1.1379310344827587,tit_for_tat
NetworkRewiring_Test,21,175,17,defect,1.2758620689655173,tit_for_tat
NetworkRewiring_Test,21,175,18,cooperate,0.20689655172413793,tit_for_tat
NetworkRewiring_Test,21,175,19,cooperate,0.20689655172413793,tit_for_tat
NetworkRewiring_Test,21,175,20,cooperate,0.20689655172413793,tit_for_tat
NetworkRewiring_Test,21,175,21,defect,1.2758620689655173,tit_for_tat
NetworkRewiring_Test,21,175,22,defect,1.4137931034482758,tit_for_tat
NetworkRewiring_Test,21,175,23,defect,1.1379310344827587,tit_for_tat
NetworkRewiring_Test,21,175,24,cooperate,0.0,tit_for_tat
NetworkRewiring_Test,21,175,25,defect,1.4137931034482758,tit_for_tat
NetworkRewiring_Test,21,175,26,defect,1.2758620689655173,tit_for_tat
NetworkRewiring_Test,21,175,27,defect,1.1379310344827587,tit_for_tat
NetworkRewiring_Test,21,175,28,defect,1.2758620689655173,tit_for_tat
NetworkRewiring_Test,21,175,29,defect,1.0,tit_for_tat
NetworkRewiring_Test,21,176,0,cooperate,0.3103448275862069,lra_q
NetworkRewiring_Test,21,176,1,cooperate,0.10344827586206896,lra_q
NetworkRewiring_Test,21,176,2,cooperate,0.3103448275862069,lra_q
NetworkRewiring_Test,21,176,3,defect,1.2758620689655173,lra_q
NetworkRewiring_Test,21,176,4,cooperate,0.10344827586206896,lra_q
NetworkRewiring_Test,21,176,5,defect,1.5517241379310345,lra_q
NetworkRewiring_Test,21,176,6,defect,1.0,lra_q
NetworkRewiring_Test,21,176,7,cooperate,0.10344827586206896,lra_q
NetworkRewiring_Test,21,176,8,defect,1.2758620689655173,lra_q
NetworkRewiring_Test,21,176,9,cooperate,0.20689655172413793,lra_q
NetworkRewiring_Test,21,176,10,cooperate,0.3103448275862069,lra_q
NetworkRewiring_Test,21,176,11,defect,1.5517241379310345,lra_q
NetworkRewiring_Test,21,176,12,cooperate,0.0,lra_q
NetworkRewiring_Test,21,176,13,defect,1.1379310344827587,lra_q
NetworkRewiring_Test,21,176,14,cooperate,0.10344827586206896,lra_q
NetworkRewiring_Test,21,176,15,defect,1.5517241379310345,tit_for_tat
NetworkRewiring_Test,21,176,16,defect,1.2758620689655173,tit_for_tat
NetworkRewiring_Test,21,176,17,cooperate,0.10344827586206896,tit_for_tat
NetworkRewiring_Test,21,176,18,defect,1.2758620689655173,tit_for_tat
NetworkRewiring_Test,21,176,19,defect,1.5517241379310345,tit_for_tat
NetworkRewiring_Test,21,176,20,cooperate,0.20689655172413793,tit_for_tat
NetworkRewiring_Test,21,176,21,cooperate,0.20689655172413793,tit_for_tat
NetworkRewiring_Test,21,176,22,cooperate,0.41379310344827586,tit_for_tat
NetworkRewiring_Test,21,176,23,cooperate,0.10344827586206896,tit_for_tat
NetworkRewiring_Test,21,176,24,defect,1.2758620689655173,tit_for_tat
NetworkRewiring_Test,21,176,25,cooperate,0.41379310344827586,tit_for_tat
NetworkRewiring_Test,21,176,26,cooperate,0.10344827586206896,tit_for_tat
NetworkRewiring_Test,21,176,27,cooperate,0.20689655172413793,tit_for_tat
NetworkRewiring_Test,21,176,28,defect,1.4137931034482758,tit_for_tat
NetworkRewiring_Test,21,176,29,defect,1.4137931034482758,tit_for_tat
NetworkRewiring_Test,21,177,0,defect,1.5517241379310345,lra_q
NetworkRewiring_Test,21,177,1,cooperate,0.0,lra_q
NetworkRewiring_Test,21,177,2,defect,1.5517241379310345,lra_q
NetworkRewiring_Test,21,177,3,defect,1.2758620689655173,lra_q
NetworkRewiring_Test,21,177,4,defect,1.1379310344827587,lra_q
NetworkRewiring_Test,21,177,5,defect,1.2758620689655173,lra_q
NetworkRewiring_Test,21,177,6,defect,1.2758620689655173,lra_q
NetworkRewiring_Test,21,177,7,defect,1.0,lra_q
NetworkRewiring_Test,21,177,8,defect,1.1379310344827587,lra_q
NetworkRewiring_Test,21,177,9,defect,1.0,lra_q
NetworkRewiring_Test,21,177,10,defect,1.4137931034482758,lra_q
NetworkRewiring_Test,21,177,11,defect,1.2758620689655173,lra_q
NetworkRewiring_Test,21,177,12,cooperate,0.10344827586206896,lra_q
NetworkRewiring_Test,21,177,13,defect,1.0,lra_q
NetworkRewiring_Test,21,177,14,defect,1.1379310344827587,lra_q
NetworkRewiring_Test,21,177,15,cooperate,0.3103448275862069,tit_for_tat
NetworkRewiring_Test,21,177,16,cooperate,0.20689655172413793,tit_for_tat
NetworkRewiring_Test,21,177,17,defect,1.5517241379310345,tit_for_tat
NetworkRewiring_Test,21,177,18,cooperate,0.20689655172413793,tit_for_tat
NetworkRewiring_Test,21,177,19,cooperate,0.10344827586206896,tit_for_tat
NetworkRewiring_Test,21,177,20,defect,1.4137931034482758,tit_for_tat
NetworkRewiring_Test,21,177,21,defect,1.2758620689655173,tit_for_tat
NetworkRewiring_Test,21,177,22,cooperate,0.10344827586206896,tit_for_tat
NetworkRewiring_Test,21,177,23,cooperate,0.10344827586206896,tit_for_tat
NetworkRewiring_Test,21,177,24,cooperate,0.10344827586206896,tit_for_tat
NetworkRewiring_Test,21,177,25,cooperate,0.20689655172413793,tit_for_tat
NetworkRewiring_Test,21,177,26,defect,1.2758620689655173,tit_for_tat
NetworkRewiring_Test,21,177,27,cooperate,0.3103448275862069,tit_for_tat
NetworkRewiring_Test,21,177,28,cooperate,0.20689655172413793,tit_for_tat
NetworkRewiring_Test,21,177,29,cooperate,0.3103448275862069,tit_for_tat
NetworkRewiring_Test,21,178,0,defect,1.2758620689655173,lra_q
NetworkRewiring_Test,21,178,1,cooperate,0.0,lra_q
NetworkRewiring_Test,21,178,2,defect,1.4137931034482758,lra_q
NetworkRewiring_Test,21,178,3,defect,1.1379310344827587,lra_q
NetworkRewiring_Test,21,178,4,defect,1.0,lra_q
NetworkRewiring_Test,21,178,5,defect,1.2758620689655173,lra_q
NetworkRewiring_Test,21,178,6,defect,1.1379310344827587,lra_q
NetworkRewiring_Test,21,178,7,cooperate,0.0,lra_q
NetworkRewiring_Test,21,178,8,defect,1.0,lra_q
NetworkRewiring_Test,21,178,9,defect,1.2758620689655173,lra_q
NetworkRewiring_Test,21,178,10,defect,1.1379310344827587,lra_q
NetworkRewiring_Test,21,178,11,cooperate,0.10344827586206896,lra_q
NetworkRewiring_Test,21,178,12,defect,1.1379310344827587,lra_q
NetworkRewiring_Test,21,178,13,defect,1.0,lra_q
NetworkRewiring_Test,21,178,14,defect,1.1379310344827587,lra_q
NetworkRewiring_Test,21,178,15,defect,1.1379310344827587,tit_for_tat
NetworkRewiring_Test,21,178,16,defect,1.2758620689655173,tit_for_tat
NetworkRewiring_Test,21,178,17,cooperate,0.20689655172413793,tit_for_tat
NetworkRewiring_Test,21,178,18,cooperate,0.20689655172413793,tit_for_tat
NetworkRewiring_Test,21,178,19,cooperate,0.3103448275862069,tit_for_tat
NetworkRewiring_Test,21,178,20,defect,1.4137931034482758,tit_for_tat
NetworkRewiring_Test,21,178,21,cooperate,0.10344827586206896,tit_for_tat
NetworkRewiring_Test,21,178,22,defect,1.1379310344827587,tit_for_tat
NetworkRewiring_Test,21,178,23,cooperate,0.0,tit_for_tat
NetworkRewiring_Test,21,178,24,defect,1.1379310344827587,tit_for_tat
NetworkRewiring_Test,21,178,25,defect,1.1379310344827587,tit_for_tat
NetworkRewiring_Test,21,178,26,defect,1.1379310344827587,tit_for_tat
NetworkRewiring_Test,21,178,27,cooperate,0.20689655172413793,tit_for_tat
NetworkRewiring_Test,21,178,28,cooperate,0.10344827586206896,tit_for_tat
NetworkRewiring_Test,21,178,29,defect,1.2758620689655173,tit_for_tat
NetworkRewiring_Test,21,179,0,defect,1.5517241379310345,lra_q
NetworkRewiring_Test,21,179,1,cooperate,0.0,lra_q
NetworkRewiring_Test,21,179,2,defect,1.5517241379310345,lra_q
NetworkRewiring_Test,21,179,3,defect,1.1379310344827587,lra_q
NetworkRewiring_Test,21,179,4,cooperate,0.0,lra_q
NetworkRewiring_Test,21,179,5,defect,1.5517241379310345,lra_q
NetworkRewiring_Test,21,179,6,defect,1.2758620689655173,lra_q
NetworkRewiring_Test,21,179,7,cooperate,0.0,lra_q
NetworkRewiring_Test,21,179,8,cooperate,0.20689655172413793,lra_q
NetworkRewiring_Test,21,179,9,defect,1.4137931034482758,lra_q
NetworkRewiring_Test,21,179,10,cooperate,0.3103448275862069,lra_q
NetworkRewiring_Test,21,179,11,cooperate,0.10344827586206896,lra_q
NetworkRewiring_Test,21,179,12,defect,1.1379310344827587,lra_q
NetworkRewiring_Test,21,179,13,defect,1.0,lra_q
NetworkRewiring_Test,21,179,14,defect,1.0,lra_q
NetworkRewiring_Test,21,179,15,defect,1.2758620689655173,tit_for_tat
NetworkRewiring_Test,21,179,16,cooperate,0.0,tit_for_tat
NetworkRewiring_Test,21,179,17,defect,1.2758620689655173,tit_for_tat
NetworkRewiring_Test,21,179,18,defect,1.2758620689655173,tit_for_tat
NetworkRewiring_Test,21,179,19,cooperate,0.10344827586206896,tit_for_tat
NetworkRewiring_Test,21,179,20,defect,1.4137931034482758,tit_for_tat
NetworkRewiring_Test,21,179,21,cooperate,0.20689655172413793,tit_for_tat
NetworkRewiring_Test,21,179,22,cooperate,0.20689655172413793,tit_for_tat
NetworkRewiring_Test,21,179,23,defect,1.1379310344827587,tit_for_tat
NetworkRewiring_Test,21,179,24,cooperate,0.0,tit_for_tat
NetworkRewiring_Test,21,179,25,defect,1.5517241379310345,tit_for_tat
NetworkRewiring_Test,21,179,26,defect,1.2758620689655173,tit_for_tat
NetworkRewiring_Test,21,179,27,cooperate,0.3103448275862069,tit_for_tat
NetworkRewiring_Test,21,179,28,cooperate,0.3103448275862069,tit_for_tat
NetworkRewiring_Test,21,179,29,cooperate,0.3103448275862069,tit_for_tat
NetworkRewiring_Test,21,180,0,defect,1.4137931034482758,lra_q
NetworkRewiring_Test,21,180,1,cooperate,0.0,lra_q
NetworkRewiring_Test,21,180,2,defect,1.4137931034482758,lra_q
NetworkRewiring_Test,21,180,3,defect,1.2758620689655173,lra_q
NetworkRewiring_Test,21,180,4,cooperate,0.10344827586206896,lra_q
NetworkRewiring_Test,21,180,5,defect,1.4137931034482758,lra_q
NetworkRewiring_Test,21,180,6,defect,1.0,lra_q
NetworkRewiring_Test,21,180,7,cooperate,0.0,lra_q
NetworkRewiring_Test,21,180,8,defect,1.1379310344827587,lra_q
NetworkRewiring_Test,21,180,9,defect,1.1379310344827587,lra_q
NetworkRewiring_Test,21,180,10,defect,1.2758620689655173,lra_q
NetworkRewiring_Test,21,180,11,defect,1.1379310344827587,lra_q
NetworkRewiring_Test,21,180,12,defect,1.0,lra_q
NetworkRewiring_Test,21,180,13,defect,1.1379310344827587,lra_q
NetworkRewiring_Test,21,180,14,cooperate,0.0,lra_q
NetworkRewiring_Test,21,180,15,defect,1.1379310344827587,tit_for_tat
NetworkRewiring_Test,21,180,16,defect,1.0,tit_for_tat
NetworkRewiring_Test,21,180,17,defect,1.1379310344827587,tit_for_tat
NetworkRewiring_Test,21,180,18,defect,1.1379310344827587,tit_for_tat
NetworkRewiring_Test,21,180,19,defect,1.4137931034482758,tit_for_tat
NetworkRewiring_Test,21,180,20,cooperate,0.10344827586206896,tit_for_tat
NetworkRewiring_Test,21,180,21,cooperate,0.10344827586206896,tit_for_tat
NetworkRewiring_Test,21,180,22,defect,1.2758620689655173,tit_for_tat
NetworkRewiring_Test,21,180,23,defect,1.0,tit_for_tat
NetworkRewiring_Test,21,180,24,defect,1.1379310344827587,tit_for_tat
NetworkRewiring_Test,21,180,25,cooperate,0.3103448275862069,tit_for_tat
NetworkRewiring_Test,21,180,26,cooperate,0.0,tit_for_tat
NetworkRewiring_Test,21,180,27,cooperate,0.3103448275862069,tit_for_tat
NetworkRewiring_Test,21,180,28,cooperate,0.20689655172413793,tit_for_tat
NetworkRewiring_Test,21,180,29,cooperate,0.3103448275862069,tit_for_tat
NetworkRewiring_Test,21,181,0,defect,1.0,lra_q
NetworkRewiring_Test,21,181,1,cooperate,0.10344827586206896,lra_q
NetworkRewiring_Test,21,181,2,cooperate,0.20689655172413793,lra_q
NetworkRewiring_Test,21,181,3,defect,1.1379310344827587,lra_q
NetworkRewiring_Test,21,181,4,defect,1.0,lra_q
NetworkRewiring_Test,21,181,5,defect,1.4137931034482758,lra_q
NetworkRewiring_Test,21,181,6,defect,1.0,lra_q
NetworkRewiring_Test,21,181,7,cooperate,0.0,lra_q
NetworkRewiring_Test,21,181,8,defect,1.2758620689655173,lra_q
NetworkRewiring_Test,21,181,9,defect,1.2758620689655173,lra_q
NetworkRewiring_Test,21,181,10,cooperate,0.0,lra_q
NetworkRewiring_Test,21,181,11,defect,1.4137931034482758,lra_q
NetworkRewiring_Test,21,181,12,cooperate,0.0,lra_q
NetworkRewiring_Test,21,181,13,defect,1.1379310344827587,lra_q
NetworkRewiring_Test,21,181,14,cooperate,0.0,lra_q
NetworkRewiring_Test,21,181,15,defect,1.2758620689655173,tit_for_tat
NetworkRewiring_Test,21,181,16,defect,1.1379310344827587,tit_for_tat
NetworkRewiring_Test,21,181,17,defect,1.1379310344827587,tit_for_tat
NetworkRewiring_Test,21,181,18,defect,1.0,tit_for_tat
NetworkRewiring_Test,21,181,19,defect,1.0,tit_for_tat
NetworkRewiring_Test,21,181,20,defect,1.0,tit_for_tat
NetworkRewiring_Test,21,181,21,defect,1.0,tit_for_tat
NetworkRewiring_Test,21,181,22,defect,1.1379310344827587,tit_for_tat
NetworkRewiring_Test,21,181,23,defect,1.1379310344827587,tit_for_tat
NetworkRewiring_Test,21,181,24,defect,1.0,tit_for_tat
NetworkRewiring_Test,21,181,25,defect,1.4137931034482758,tit_for_tat
NetworkRewiring_Test,21,181,26,defect,1.1379310344827587,tit_for_tat
NetworkRewiring_Test,21,181,27,cooperate,0.10344827586206896,tit_for_tat
NetworkRewiring_Test,21,181,28,defect,1.4137931034482758,tit_for_tat
NetworkRewiring_Test,21,181,29,cooperate,0.20689655172413793,tit_for_tat
NetworkRewiring_Test,21,182,0,cooperate,0.3103448275862069,lra_q
NetworkRewiring_Test,21,182,1,cooperate,0.0,lra_q
NetworkRewiring_Test,21,182,2,defect,1.1379310344827587,lra_q
NetworkRewiring_Test,21,182,3,defect,1.1379310344827587,lra_q
NetworkRewiring_Test,21,182,4,cooperate,0.0,lra_q
NetworkRewiring_Test,21,182,5,defect,1.6896551724137931,lra_q
NetworkRewiring_Test,21,182,6,defect,1.0,lra_q
NetworkRewiring_Test,21,182,7,cooperate,0.0,lra_q
NetworkRewiring_Test,21,182,8,defect,1.2758620689655173,lra_q
NetworkRewiring_Test,21,182,9,defect,1.2758620689655173,lra_q
NetworkRewiring_Test,21,182,10,cooperate,0.20689655172413793,lra_q
NetworkRewiring_Test,21,182,11,defect,1.2758620689655173,lra_q
NetworkRewiring_Test,21,182,12,cooperate,0.10344827586206896,lra_q
NetworkRewiring_Test,21,182,13,defect,1.1379310344827587,lra_q
NetworkRewiring_Test,21,182,14,cooperate,0.10344827586206896,lra_q
NetworkRewiring_Test,21,182,15,cooperate,0.41379310344827586,tit_for_tat
NetworkRewiring_Test,21,182,16,defect,1.1379310344827587,tit_for_tat
NetworkRewiring_Test,21,182,17,defect,1.2758620689655173,tit_for_tat
NetworkRewiring_Test,21,182,18,defect,1.0,tit_for_tat
NetworkRewiring_Test,21,182,19,defect,1.0,tit_for_tat
NetworkRewiring_Test,21,182,20,defect,1.1379310344827587,tit_for_tat
NetworkRewiring_Test,21,182,21,defect,1.1379310344827587,tit_for_tat
NetworkRewiring_Test,21,182,22,cooperate,0.3103448275862069,tit_for_tat
NetworkRewiring_Test,21,182,23,defect,1.0,tit_for_tat
NetworkRewiring_Test,21,182,24,defect,1.0,tit_for_tat
NetworkRewiring_Test,21,182,25,defect,1.5517241379310345,tit_for_tat
NetworkRewiring_Test,21,182,26,defect,1.0,tit_for_tat
NetworkRewiring_Test,21,182,27,cooperate,0.10344827586206896,tit_for_tat
NetworkRewiring_Test,21,182,28,cooperate,0.3103448275862069,tit_for_tat
NetworkRewiring_Test,21,182,29,defect,1.2758620689655173,tit_for_tat
NetworkRewiring_Test,21,183,0,defect,1.1379310344827587,lra_q
NetworkRewiring_Test,21,183,1,cooperate,0.10344827586206896,lra_q
NetworkRewiring_Test,21,183,2,cooperate,0.20689655172413793,lra_q
NetworkRewiring_Test,21,183,3,defect,1.1379310344827587,lra_q
NetworkRewiring_Test,21,183,4,cooperate,0.10344827586206896,lra_q
NetworkRewiring_Test,21,183,5,cooperate,0.3103448275862069,lra_q
NetworkRewiring_Test,21,183,6,defect,1.1379310344827587,lra_q
NetworkRewiring_Test,21,183,7,cooperate,0.10344827586206896,lra_q
NetworkRewiring_Test,21,183,8,defect,1.1379310344827587,lra_q
NetworkRewiring_Test,21,183,9,defect,1.4137931034482758,lra_q
NetworkRewiring_Test,21,183,10,cooperate,0.20689655172413793,lra_q
NetworkRewiring_Test,21,183,11,cooperate,0.10344827586206896,lra_q
NetworkRewiring_Test,21,183,12,defect,1.2758620689655173,lra_q
NetworkRewiring_Test,21,183,13,defect,1.0,lra_q
NetworkRewiring_Test,21,183,14,defect,1.1379310344827587,lra_q
NetworkRewiring_Test,21,183,15,defect,1.2758620689655173,tit_for_tat
NetworkRewiring_Test,21,183,16,defect,1.2758620689655173,tit_for_tat
NetworkRewiring_Test,21,183,17,cooperate,0.0,tit_for_tat
NetworkRewiring_Test,21,183,18,defect,1.1379310344827587,tit_for_tat
NetworkRewiring_Test,21,183,19,defect,1.2758620689655173,tit_for_tat
NetworkRewiring_Test,21,183,20,defect,1.2758620689655173,tit_for_tat
NetworkRewiring_Test,21,183,21,cooperate,0.10344827586206896,tit_for_tat
NetworkRewiring_Test,21,183,22,cooperate,0.20689655172413793,tit_for_tat
NetworkRewiring_Test,21,183,23,defect,1.1379310344827587,tit_for_tat
NetworkRewiring_Test,21,183,24,defect,1.0,tit_for_tat
NetworkRewiring_Test,21,183,25,defect,1.2758620689655173,tit_for_tat
NetworkRewiring_Test,21,183,26,defect,1.1379310344827587,tit_for_tat
NetworkRewiring_Test,21,183,27,defect,1.1379310344827587,tit_for_tat
NetworkRewiring_Test,21,183,28,defect,1.2758620689655173,tit_for_tat
NetworkRewiring_Test,21,183,29,defect,1.1379310344827587,tit_for_tat
NetworkRewiring_Test,21,184,0,cooperate,0.10344827586206896,lra_q
NetworkRewiring_Test,21,184,1,cooperate,0.0,lra_q
NetworkRewiring_Test,21,184,2,defect,1.1379310344827587,lra_q
NetworkRewiring_Test,21,184,3,defect,1.1379310344827587,lra_q
NetworkRewiring_Test,21,184,4,defect,1.0,lra_q
NetworkRewiring_Test,21,184,5,defect,1.2758620689655173,lra_q
NetworkRewiring_Test,21,184,6,defect,1.0,lra_q
NetworkRewiring_Test,21,184,7,defect,1.0,lra_q
NetworkRewiring_Test,21,184,8,defect,1.2758620689655173,lra_q
NetworkRewiring_Test,21,184,9,defect,1.1379310344827587,lra_q
NetworkRewiring_Test,21,184,10,cooperate,0.10344827586206896,lra_q
NetworkRewiring_Test,21,184,11,defect,1.0,lra_q
NetworkRewiring_Test,21,184,12,defect,1.0,lra_q
NetworkRewiring_Test,21,184,13,defect,1.0,lra_q
NetworkRewiring_Test,21,184,14,defect,1.0,lra_q
NetworkRewiring_Test,21,184,15,defect,1.1379310344827587,tit_for_tat
NetworkRewiring_Test,21,184,16,defect,1.1379310344827587,tit_for_tat
NetworkRewiring_Test,21,184,17,defect,1.2758620689655173,tit_for_tat
NetworkRewiring_Test,21,184,18,cooperate,0.10344827586206896,tit_for_tat
NetworkRewiring_Test,21,184,19,defect,1.4137931034482758,tit_for_tat
NetworkRewiring_Test,21,184,20,cooperate,0.10344827586206896,tit_for_tat
NetworkRewiring_Test,21,184,21,cooperate,0.0,tit_for_tat
NetworkRewiring_Test,21,184,22,defect,1.5517241379310345,tit_for_tat
NetworkRewiring_Test,21,184,23,defect,1.0,tit_for_tat
NetworkRewiring_Test,21,184,24,defect,1.0,tit_for_tat
NetworkRewiring_Test,21,184,25,defect,1.2758620689655173,tit_for_tat
NetworkRewiring_Test,21,184,26,defect,1.0,tit_for_tat
NetworkRewiring_Test,21,184,27,defect,1.1379310344827587,tit_for_tat
NetworkRewiring_Test,21,184,28,cooperate,0.20689655172413793,tit_for_tat
NetworkRewiring_Test,21,184,29,defect,1.1379310344827587,tit_for_tat
NetworkRewiring_Test,21,185,0,cooperate,0.10344827586206896,lra_q
NetworkRewiring_Test,21,185,1,cooperate,0.10344827586206896,lra_q
NetworkRewiring_Test,21,185,2,cooperate,0.20689655172413793,lra_q
NetworkRewiring_Test,21,185,3,defect,1.1379310344827587,lra_q
NetworkRewiring_Test,21,185,4,cooperate,0.0,lra_q
NetworkRewiring_Test,21,185,5,defect,1.5517241379310345,lra_q
NetworkRewiring_Test,21,185,6,defect,1.1379310344827587,lra_q
NetworkRewiring_Test,21,185,7,cooperate,0.10344827586206896,lra_q
NetworkRewiring_Test,21,185,8,defect,1.4137931034482758,lra_q
NetworkRewiring_Test,21,185,9,cooperate,0.20689655172413793,lra_q
NetworkRewiring_Test,21,185,10,cooperate,0.20689655172413793,lra_q
NetworkRewiring_Test,21,185,11,defect,1.4137931034482758,lra_q
NetworkRewiring_Test,21,185,12,cooperate,0.0,lra_q
NetworkRewiring_Test,21,185,13,defect,1.1379310344827587,lra_q
NetworkRewiring_Test,21,185,14,cooperate,0.10344827586206896,lra_q
NetworkRewiring_Test,21,185,15,defect,1.6896551724137931,tit_for_tat
NetworkRewiring_Test,21,185,16,defect,1.4137931034482758,tit_for_tat
NetworkRewiring_Test,21,185,17,cooperate,0.41379310344827586,tit_for_tat
NetworkRewiring_Test,21,185,18,cooperate,0.3103448275862069,tit_for_tat
NetworkRewiring_Test,21,185,19,cooperate,0.3103448275862069,tit_for_tat
NetworkRewiring_Test,21,185,20,cooperate,0.41379310344827586,tit_for_tat
NetworkRewiring_Test,21,185,21,defect,1.2758620689655173,tit_for_tat
NetworkRewiring_Test,21,185,22,cooperate,0.3103448275862069,tit_for_tat
NetworkRewiring_Test,21,185,23,defect,1.1379310344827587,tit_for_tat
NetworkRewiring_Test,21,185,24,defect,1.0,tit_for_tat
NetworkRewiring_Test,21,185,25,defect,1.5517241379310345,tit_for_tat
NetworkRewiring_Test,21,185,26,defect,1.2758620689655173,tit_for_tat
NetworkRewiring_Test,21,185,27,defect,1.1379310344827587,tit_for_tat
NetworkRewiring_Test,21,185,28,defect,1.4137931034482758,tit_for_tat
NetworkRewiring_Test,21,185,29,cooperate,0.10344827586206896,tit_for_tat
NetworkRewiring_Test,21,186,0,cooperate,0.41379310344827586,lra_q
NetworkRewiring_Test,21,186,1,cooperate,0.0,lra_q
NetworkRewiring_Test,21,186,2,defect,1.5517241379310345,lra_q
NetworkRewiring_Test,21,186,3,defect,1.2758620689655173,lra_q
NetworkRewiring_Test,21,186,4,cooperate,0.10344827586206896,lra_q
NetworkRewiring_Test,21,186,5,defect,1.5517241379310345,lra_q
NetworkRewiring_Test,21,186,6,defect,1.2758620689655173,lra_q
NetworkRewiring_Test,21,186,7,defect,1.0,lra_q
NetworkRewiring_Test,21,186,8,cooperate,0.3103448275862069,lra_q
NetworkRewiring_Test,21,186,9,defect,1.1379310344827587,lra_q
NetworkRewiring_Test,21,186,10,cooperate,0.3103448275862069,lra_q
NetworkRewiring_Test,21,186,11,defect,1.1379310344827587,lra_q
NetworkRewiring_Test,21,186,12,cooperate,0.10344827586206896,lra_q
NetworkRewiring_Test,21,186,13,defect,1.0,lra_q
NetworkRewiring_Test,21,186,14,defect,1.2758620689655173,lra_q
NetworkRewiring_Test,21,186,15,cooperate,0.41379310344827586,tit_for_tat
NetworkRewiring_Test,21,186,16,cooperate,0.3103448275862069,tit_for_tat
NetworkRewiring_Test,21,186,17,cooperate,0.5172413793103449,tit_for_tat
NetworkRewiring_Test,21,186,18,cooperate,0.41379310344827586,tit_for_tat
NetworkRewiring_Test,21,186,19,cooperate,0.5172413793103449,tit_for_tat
NetworkRewiring_Test,21,186,20,cooperate,0.3103448275862069,tit_for_tat
NetworkRewiring_Test,21,186,21,cooperate,0.10344827586206896,tit_for_tat
NetworkRewiring_Test,21,186,22,defect,1.6896551724137931,tit_for_tat
NetworkRewiring_Test,21,186,23,defect,1.0,tit_for_tat
NetworkRewiring_Test,21,186,24,defect,1.1379310344827587,tit_for_tat
NetworkRewiring_Test,21,186,25,cooperate,0.41379310344827586,tit_for_tat
NetworkRewiring_Test,21,186,26,cooperate,0.10344827586206896,tit_for_tat
NetworkRewiring_Test,21,186,27,defect,1.4137931034482758,tit_for_tat
NetworkRewiring_Test,21,186,28,cooperate,0.3103448275862069,tit_for_tat
NetworkRewiring_Test,21,186,29,cooperate,0.3103448275862069,tit_for_tat
NetworkRewiring_Test,21,187,0,defect,1.6896551724137931,lra_q
NetworkRewiring_Test,21,187,1,defect,1.0,lra_q
NetworkRewiring_Test,21,187,2,defect,1.0,lra_q
NetworkRewiring_Test,21,187,3,defect,1.1379310344827587,lra_q
NetworkRewiring_Test,21,187,4,defect,1.1379310344827587,lra_q
NetworkRewiring_Test,21,187,5,defect,1.2758620689655173,lra_q
NetworkRewiring_Test,21,187,6,defect,1.1379310344827587,lra_q
NetworkRewiring_Test,21,187,7,cooperate,0.10344827586206896,lra_q
NetworkRewiring_Test,21,187,8,cooperate,0.0,lra_q
NetworkRewiring_Test,21,187,9,cooperate,0.10344827586206896,lra_q
NetworkRewiring_Test,21,187,10,defect,1.6896551724137931,lra_q
NetworkRewiring_Test,21,187,11,defect,1.2758620689655173,lra_q
NetworkRewiring_Test,21,187,12,defect,1.1379310344827587,lra_q
NetworkRewiring_Test,21,187,13,defect,1.0,lra_q
NetworkRewiring_Test,21,187,14,defect,1.2758620689655173,lra_q
NetworkRewiring_Test,21,187,15,cooperate,0.20689655172413793,tit_for_tat
NetworkRewiring_Test,21,187,16,defect,1.4137931034482758,tit_for_tat
NetworkRewiring_Test,21,187,17,cooperate,0.41379310344827586,tit_for_tat
NetworkRewiring_Test,21,187,18,cooperate,0.3103448275862069,tit_for_tat
NetworkRewiring_Test,21,187,19,cooperate,0.3103448275862069,tit_for_tat
NetworkRewiring_Test,21,187,20,cooperate,0.41379310344827586,tit_for_tat
NetworkRewiring_Test,21,187,21,defect,1.2758620689655173,tit_for_tat
NetworkRewiring_Test,21,187,22,cooperate,0.20689655172413793,tit_for_tat
NetworkRewiring_Test,21,187,23,defect,1.0,tit_for_tat
NetworkRewiring_Test,21,187,24,defect,1.0,tit_for_tat
NetworkRewiring_Test,21,187,25,cooperate,0.10344827586206896,tit_for_tat
NetworkRewiring_Test,21,187,26,defect,1.1379310344827587,tit_for_tat
NetworkRewiring_Test,21,187,27,cooperate,0.20689655172413793,tit_for_tat
NetworkRewiring_Test,21,187,28,cooperate,0.10344827586206896,tit_for_tat
NetworkRewiring_Test,21,187,29,defect,1.5517241379310345,tit_for_tat
NetworkRewiring_Test,21,188,0,cooperate,0.20689655172413793,lra_q
NetworkRewiring_Test,21,188,1,cooperate,0.10344827586206896,lra_q
NetworkRewiring_Test,21,188,2,cooperate,0.41379310344827586,lra_q
NetworkRewiring_Test,21,188,3,defect,1.1379310344827587,lra_q
NetworkRewiring_Test,21,188,4,defect,1.0,lra_q
NetworkRewiring_Test,21,188,5,defect,1.1379310344827587,lra_q
NetworkRewiring_Test,21,188,6,defect,1.1379310344827587,lra_q
NetworkRewiring_Test,21,188,7,defect,1.1379310344827587,lra_q
NetworkRewiring_Test,21,188,8,defect,1.4137931034482758,lra_q
NetworkRewiring_Test,21,188,9,cooperate,0.20689655172413793,lra_q
NetworkRewiring_Test,21,188,10,cooperate,0.20689655172413793,lra_q
NetworkRewiring_Test,21,188,11,cooperate,0.3103448275862069,lra_q
NetworkRewiring_Test,21,188,12,defect,1.2758620689655173,lra_q
NetworkRewiring_Test,21,188,13,defect,1.0,lra_q
NetworkRewiring_Test,21,188,14,defect,1.2758620689655173,lra_q
NetworkRewiring_Test,21,188,15,cooperate,0.41379310344827586,tit_for_tat
NetworkRewiring_Test,21,188,16,cooperate,0.41379310344827586,tit_for_tat
NetworkRewiring_Test,21,188,17,cooperate,0.41379310344827586,tit_for_tat
NetworkRewiring_Test,21,188,18,cooperate,0.3103448275862069,tit_for_tat
NetworkRewiring_Test,21,188,19,defect,1.5517241379310345,tit_for_tat
NetworkRewiring_Test,21,188,20,cooperate,0.3103448275862069,tit_for_tat
NetworkRewiring_Test,21,188,21,cooperate,0.10344827586206896,tit_for_tat
NetworkRewiring_Test,21,188,22,cooperate,0.5172413793103449,tit_for_tat
NetworkRewiring_Test,21,188,23,defect,1.1379310344827587,tit_for_tat
NetworkRewiring_Test,21,188,24,defect,1.0,tit_for_tat
NetworkRewiring_Test,21,188,25,defect,1.5517241379310345,tit_for_tat
NetworkRewiring_Test,21,188,26,defect,1.1379310344827587,tit_for_tat
NetworkRewiring_Test,21,188,27,cooperate,0.20689655172413793,tit_for_tat
NetworkRewiring_Test,21,188,28,defect,1.5517241379310345,tit_for_tat
NetworkRewiring_Test,21,188,29,cooperate,0.20689655172413793,tit_for_tat
NetworkRewiring_Test,21,189,0,defect,1.5517241379310345,lra_q
NetworkRewiring_Test,21,189,1,cooperate,0.0,lra_q
NetworkRewiring_Test,21,189,2,defect,1.4137931034482758,lra_q
NetworkRewiring_Test,21,189,3,defect,1.1379310344827587,lra_q
NetworkRewiring_Test,21,189,4,cooperate,0.10344827586206896,lra_q
NetworkRewiring_Test,21,189,5,cooperate,0.3103448275862069,lra_q
NetworkRewiring_Test,21,189,6,defect,1.4137931034482758,lra_q
NetworkRewiring_Test,21,189,7,cooperate,0.10344827586206896,lra_q
NetworkRewiring_Test,21,189,8,cooperate,0.0,lra_q
NetworkRewiring_Test,21,189,9,defect,1.1379310344827587,lra_q
NetworkRewiring_Test,21,189,10,defect,1.5517241379310345,lra_q
NetworkRewiring_Test,21,189,11,defect,1.0,lra_q
NetworkRewiring_Test,21,189,12,defect,1.2758620689655173,lra_q
NetworkRewiring_Test,21,189,13,defect,1.0,lra_q
NetworkRewiring_Test,21,189,14,defect,1.2758620689655173,lra_q
NetworkRewiring_Test,21,189,15,cooperate,0.3103448275862069,tit_for_tat
NetworkRewiring_Test,21,189,16,cooperate,0.3103448275862069,tit_for_tat
NetworkRewiring_Test,21,189,17,cooperate,0.5172413793103449,tit_for_tat
NetworkRewiring_Test,21,189,18,cooperate,0.41379310344827586,tit_for_tat
NetworkRewiring_Test,21,189,19,cooperate,0.5172413793103449,tit_for_tat
NetworkRewiring_Test,21,189,20,cooperate,0.41379310344827586,tit_for_tat
NetworkRewiring_Test,21,189,21,cooperate,0.20689655172413793,tit_for_tat
NetworkRewiring_Test,21,189,22,cooperate,0.3103448275862069,tit_for_tat
NetworkRewiring_Test,21,189,23,defect,1.0,tit_for_tat
NetworkRewiring_Test,21,189,24,defect,1.1379310344827587,tit_for_tat
NetworkRewiring_Test,21,189,25,defect,1.1379310344827587,tit_for_tat
NetworkRewiring_Test,21,189,26,cooperate,0.10344827586206896,tit_for_tat
NetworkRewiring_Test,21,189,27,defect,1.1379310344827587,tit_for_tat
NetworkRewiring_Test,21,189,28,cooperate,0.10344827586206896,tit_for_tat
NetworkRewiring_Test,21,189,29,defect,1.2758620689655173,tit_for_tat
NetworkRewiring_Test,21,190,0,defect,1.4137931034482758,lra_q
NetworkRewiring_Test,21,190,1,cooperate,0.10344827586206896,lra_q
NetworkRewiring_Test,21,190,2,cooperate,0.10344827586206896,lra_q
NetworkRewiring_Test,21,190,3,defect,1.2758620689655173,lra_q
NetworkRewiring_Test,21,190,4,defect,1.0,lra_q
NetworkRewiring_Test,21,190,5,defect,1.2758620689655173,lra_q
NetworkRewiring_Test,21,190,6,cooperate,0.10344827586206896,lra_q
NetworkRewiring_Test,21,190,7,defect,1.1379310344827587,lra_q
NetworkRewiring_Test,21,190,8,defect,1.0,lra_q
NetworkRewiring_Test,21,190,9,cooperate,0.0,lra_q
NetworkRewiring_Test,21,190,10,defect,1.4137931034482758,lra_q
NetworkRewiring_Test,21,190,11,defect,1.2758620689655173,lra_q
NetworkRewiring_Test,21,190,12,defect,1.1379310344827587,lra_q
NetworkRewiring_Test,21,190,13,defect,1.1379310344827587,lra_q
NetworkRewiring_Test,21,190,14,defect,1.2758620689655173,lra_q
NetworkRewiring_Test,21,190,15,cooperate,0.20689655172413793,tit_for_tat
NetworkRewiring_Test,21,190,16,defect,1.6896551724137931,tit_for_tat
NetworkRewiring_Test,21,190,17,cooperate,0.41379310344827586,tit_for_tat
NetworkRewiring_Test,21,190,18,cooperate,0.3103448275862069,tit_for_tat
NetworkRewiring_Test,21,190,19,cooperate,0.5172413793103449,tit_for_tat
NetworkRewiring_Test,21,190,20,cooperate,0.41379310344827586,tit_for_tat
NetworkRewiring_Test,21,190,21,cooperate,0.20689655172413793,tit_for_tat
NetworkRewiring_Test,21,190,22,cooperate,0.3103448275862069,tit_for_tat
NetworkRewiring_Test,21,190,23,defect,1.1379310344827587,tit_for_tat
NetworkRewiring_Test,21,190,24,defect,1.0,tit_for_tat
NetworkRewiring_Test,21,190,25,defect,1.0,tit_for_tat
NetworkRewiring_Test,21,190,26,defect,1.2758620689655173,tit_for_tat
NetworkRewiring_Test,21,190,27,defect,1.1379310344827587,tit_for_tat
NetworkRewiring_Test,21,190,28,cooperate,0.0,tit_for_tat
NetworkRewiring_Test,21,190,29,defect,1.2758620689655173,tit_for_tat
NetworkRewiring_Test,21,191,0,defect,1.0,lra_q
NetworkRewiring_Test,21,191,1,cooperate,0.10344827586206896,lra_q
NetworkRewiring_Test,21,191,2,cooperate,0.5172413793103449,lra_q
NetworkRewiring_Test,21,191,3,defect,1.1379310344827587,lra_q
NetworkRewiring_Test,21,191,4,cooperate,0.10344827586206896,lra_q
NetworkRewiring_Test,21,191,5,cooperate,0.10344827586206896,lra_q
NetworkRewiring_Test,21,191,6,defect,1.4137931034482758,lra_q
NetworkRewiring_Test,21,191,7,defect,1.1379310344827587,lra_q
NetworkRewiring_Test,21,191,8,defect,1.0,lra_q
NetworkRewiring_Test,21,191,9,defect,1.1379310344827587,lra_q
NetworkRewiring_Test,21,191,10,defect,1.1379310344827587,lra_q
NetworkRewiring_Test,21,191,11,cooperate,0.10344827586206896,lra_q
NetworkRewiring_Test,21,191,12,defect,1.2758620689655173,lra_q
NetworkRewiring_Test,21,191,13,defect,1.0,lra_q
NetworkRewiring_Test,21,191,14,defect,1.1379310344827587,lra_q
NetworkRewiring_Test,21,191,15,defect,1.2758620689655173,tit_for_tat
NetworkRewiring_Test,21,191,16,cooperate,0.3103448275862069,tit_for_tat
NetworkRewiring_Test,21,191,17,cooperate,0.41379310344827586,tit_for_tat
NetworkRewiring_Test,21,191,18,cooperate,0.41379310344827586,tit_for_tat
NetworkRewiring_Test,21,191,19,cooperate,0.5172413793103449,tit_for_tat
NetworkRewiring_Test,21,191,20,cooperate,0.3103448275862069,tit_for_tat
NetworkRewiring_Test,21,191,21,cooperate,0.10344827586206896,tit_for_tat
NetworkRewiring_Test,21,191,22,defect,1.2758620689655173,tit_for_tat
NetworkRewiring_Test,21,191,23,cooperate,0.10344827586206896,tit_for_tat
NetworkRewiring_Test,21,191,24,defect,1.2758620689655173,tit_for_tat
NetworkRewiring_Test,21,191,25,defect,1.1379310344827587,tit_for_tat
NetworkRewiring_Test,21,191,26,cooperate,0.20689655172413793,tit_for_tat
NetworkRewiring_Test,21,191,27,defect,1.1379310344827587,tit_for_tat
NetworkRewiring_Test,21,191,28,defect,1.1379310344827587,tit_for_tat
NetworkRewiring_Test,21,191,29,defect,1.1379310344827587,tit_for_tat
NetworkRewiring_Test,21,192,0,cooperate,0.41379310344827586,lra_q
NetworkRewiring_Test,21,192,1,cooperate,0.0,lra_q
NetworkRewiring_Test,21,192,2,defect,1.4137931034482758,lra_q
NetworkRewiring_Test,21,192,3,defect,1.4137931034482758,lra_q
NetworkRewiring_Test,21,192,4,defect,1.2758620689655173,lra_q
NetworkRewiring_Test,21,192,5,cooperate,0.41379310344827586,lra_q
NetworkRewiring_Test,21,192,6,cooperate,0.3103448275862069,lra_q
NetworkRewiring_Test,21,192,7,defect,1.2758620689655173,lra_q
NetworkRewiring_Test,21,192,8,defect,1.2758620689655173,lra_q
NetworkRewiring_Test,21,192,9,cooperate,0.10344827586206896,lra_q
NetworkRewiring_Test,21,192,10,cooperate,0.5172413793103449,lra_q
NetworkRewiring_Test,21,192,11,defect,1.2758620689655173,lra_q
NetworkRewiring_Test,21,192,12,cooperate,0.20689655172413793,lra_q
NetworkRewiring_Test,21,192,13,defect,1.1379310344827587,lra_q
NetworkRewiring_Test,21,192,14,defect,1.2758620689655173,lra_q
NetworkRewiring_Test,21,192,15,cooperate,0.5172413793103449,tit_for_tat
NetworkRewiring_Test,21,192,16,cooperate,0.41379310344827586,tit_for_tat
NetworkRewiring_Test,21,192,17,cooperate,0.5172413793103449,tit_for_tat
NetworkRewiring_Test,21,192,18,cooperate,0.41379310344827586,tit_for_tat
NetworkRewiring_Test,21,192,19,cooperate,0.5172413793103449,tit_for_tat
NetworkRewiring_Test,21,192,20,cooperate,0.41379310344827586,tit_for_tat
NetworkRewiring_Test,21,192,21,defect,1.2758620689655173,tit_for_tat
NetworkRewiring_Test,21,192,22,cooperate,0.41379310344827586,tit_for_tat
NetworkRewiring_Test,21,192,23,defect,1.1379310344827587,tit_for_tat
NetworkRewiring_Test,21,192,24,cooperate,0.10344827586206896,tit_for_tat
NetworkRewiring_Test,21,192,25,cooperate,0.20689655172413793,tit_for_tat
NetworkRewiring_Test,21,192,26,cooperate,0.20689655172413793,tit_for_tat
NetworkRewiring_Test,21,192,27,defect,1.2758620689655173,tit_for_tat
NetworkRewiring_Test,21,192,28,cooperate,0.3103448275862069,tit_for_tat
NetworkRewiring_Test,21,192,29,defect,1.2758620689655173,tit_for_tat
NetworkRewiring_Test,21,193,0,defect,1.4137931034482758,lra_q
NetworkRewiring_Test,21,193,1,cooperate,0.10344827586206896,lra_q
NetworkRewiring_Test,21,193,2,cooperate,0.41379310344827586,lra_q
NetworkRewiring_Test,21,193,3,defect,1.2758620689655173,lra_q
NetworkRewiring_Test,21,193,4,defect,1.0,lra_q
NetworkRewiring_Test,21,193,5,defect,1.4137931034482758,lra_q
NetworkRewiring_Test,21,193,6,cooperate,0.20689655172413793,lra_q
NetworkRewiring_Test,21,193,7,defect,1.1379310344827587,lra_q
NetworkRewiring_Test,21,193,8,defect,1.2758620689655173,lra_q
NetworkRewiring_Test,21,193,9,cooperate,0.20689655172413793,lra_q
NetworkRewiring_Test,21,193,10,cooperate,0.3103448275862069,lra_q
NetworkRewiring_Test,21,193,11,cooperate,0.3103448275862069,lra_q
NetworkRewiring_Test,21,193,12,defect,1.2758620689655173,lra_q
NetworkRewiring_Test,21,193,13,defect,1.2758620689655173,lra_q
NetworkRewiring_Test,21,193,14,cooperate,0.20689655172413793,lra_q
NetworkRewiring_Test,21,193,15,cooperate,0.41379310344827586,tit_for_tat
NetworkRewiring_Test,21,193,16,cooperate,0.5172413793103449,tit_for_tat
NetworkRewiring_Test,21,193,17,cooperate,0.6206896551724138,tit_for_tat
NetworkRewiring_Test,21,193,18,cooperate,0.41379310344827586,tit_for_tat
NetworkRewiring_Test,21,193,19,cooperate,0.5172413793103449,tit_for_tat
NetworkRewiring_Test,21,193,20,cooperate,0.41379310344827586,tit_for_tat
NetworkRewiring_Test,21,193,21,cooperate,0.20689655172413793,tit_for_tat
NetworkRewiring_Test,21,193,22,cooperate,0.41379310344827586,tit_for_tat
NetworkRewiring_Test,21,193,23,defect,1.1379310344827587,tit_for_tat
NetworkRewiring_Test,21,193,24,defect,1.0,tit_for_tat
NetworkRewiring_Test,21,193,25,defect,1.4137931034482758,tit_for_tat
NetworkRewiring_Test,21,193,26,defect,1.2758620689655173,tit_for_tat
NetworkRewiring_Test,21,193,27,cooperate,0.3103448275862069,tit_for_tat
NetworkRewiring_Test,21,193,28,cooperate,0.3103448275862069,tit_for_tat
NetworkRewiring_Test,21,193,29,cooperate,0.3103448275862069,tit_for_tat
NetworkRewiring_Test,21,194,0,defect,1.2758620689655173,lra_q
NetworkRewiring_Test,21,194,1,cooperate,0.0,lra_q
NetworkRewiring_Test,21,194,2,defect,1.5517241379310345,lra_q
NetworkRewiring_Test,21,194,3,defect,1.1379310344827587,lra_q
NetworkRewiring_Test,21,194,4,cooperate,0.10344827586206896,lra_q
NetworkRewiring_Test,21,194,5,cooperate,0.10344827586206896,lra_q
NetworkRewiring_Test,21,194,6,defect,1.4137931034482758,lra_q
NetworkRewiring_Test,21,194,7,defect,1.2758620689655173,lra_q
NetworkRewiring_Test,21,194,8,defect,1.0,lra_q
NetworkRewiring_Test,21,194,9,cooperate,0.0,lra_q
NetworkRewiring_Test,21,194,10,defect,1.4137931034482758,lra_q
NetworkRewiring_Test,21,194,11,defect,1.2758620689655173,lra_q
NetworkRewiring_Test,21,194,12,defect,1.2758620689655173,lra_q
NetworkRewiring_Test,21,194,13,defect,1.0,lra_q
NetworkRewiring_Test,21,194,14,defect,1.2758620689655173,lra_q
NetworkRewiring_Test,21,194,15,cooperate,0.3103448275862069,tit_for_tat
NetworkRewiring_Test,21,194,16,cooperate,0.3103448275862069,tit_for_tat
NetworkRewiring_Test,21,194,17,cooperate,0.5172413793103449,tit_for_tat
NetworkRewiring_Test,21,194,18,cooperate,0.41379310344827586,tit_for_tat
NetworkRewiring_Test,21,194,19,cooperate,0.5172413793103449,tit_for_tat
NetworkRewiring_Test,21,194,20,cooperate,0.41379310344827586,tit_for_tat
NetworkRewiring_Test,21,194,21,cooperate,0.20689655172413793,tit_for_tat
NetworkRewiring_Test,21,194,22,cooperate,0.3103448275862069,tit_for_tat
NetworkRewiring_Test,21,194,23,cooperate,0.0,tit_for_tat
NetworkRewiring_Test,21,194,24,defect,1.2758620689655173,tit_for_tat
NetworkRewiring_Test,21,194,25,defect,1.2758620689655173,tit_for_tat
NetworkRewiring_Test,21,194,26,cooperate,0.10344827586206896,tit_for_tat
NetworkRewiring_Test,21,194,27,cooperate,0.0,tit_for_tat
NetworkRewiring_Test,21,194,28,defect,1.2758620689655173,tit_for_tat
NetworkRewiring_Test,21,194,29,defect,1.1379310344827587,tit_for_tat
NetworkRewiring_Test,21,195,0,defect,1.4137931034482758,lra_q
NetworkRewiring_Test,21,195,1,cooperate,0.10344827586206896,lra_q
NetworkRewiring_Test,21,195,2,defect,1.4137931034482758,lra_q
NetworkRewiring_Test,21,195,3,cooperate,0.3103448275862069,lra_q
NetworkRewiring_Test,21,195,4,defect,1.2758620689655173,lra_q
NetworkRewiring_Test,21,195,5,cooperate,0.10344827586206896,lra_q
NetworkRewiring_Test,21,195,6,cooperate,0.41379310344827586,lra_q
NetworkRewiring_Test,21,195,7,defect,1.1379310344827587,lra_q
NetworkRewiring_Test,21,195,8,defect,1.0,lra_q
NetworkRewiring_Test,21,195,9,defect,1.1379310344827587,lra_q
NetworkRewiring_Test,21,195,10,defect,1.4137931034482758,lra_q
NetworkRewiring_Test,21,195,11,cooperate,0.0,lra_q
NetworkRewiring_Test,21,195,12,defect,1.4137931034482758,lra_q
NetworkRewiring_Test,21,195,13,defect,1.1379310344827587,lra_q
NetworkRewiring_Test,21,195,14,defect,1.2758620689655173,lra_q
NetworkRewiring_Test,21,195,15,cooperate,0.3103448275862069,tit_for_tat
NetworkRewiring_Test,21,195,16,cooperate,0.41379310344827586,tit_for_tat
NetworkRewiring_Test,21,195,17,cooperate,0.5172413793103449,tit_for_tat
NetworkRewiring_Test,21,195,18,cooperate,0.41379310344827586,tit_for_tat
NetworkRewiring_Test,21,195,19,cooperate,0.5172413793103449,tit_for_tat
NetworkRewiring_Test,21,195,20,cooperate,0.41379310344827586,tit_for_tat
NetworkRewiring_Test,21,195,21,cooperate,0.20689655172413793,tit_for_tat
NetworkRewiring_Test,21,195,22,cooperate,0.3103448275862069,tit_for_tat
NetworkRewiring_Test,21,195,23,defect,1.1379310344827587,tit_for_tat
NetworkRewiring_Test,21,195,24,cooperate,0.0,tit_for_tat
NetworkRewiring_Test,21,195,25,cooperate,0.10344827586206896,tit_for_tat
NetworkRewiring_Test,21,195,26,defect,1.2758620689655173,tit_for_tat
NetworkRewiring_Test,21,195,27,defect,1.2758620689655173,tit_for_tat
NetworkRewiring_Test,21,195,28,defect,1.1379310344827587,tit_for_tat
NetworkRewiring_Test,21,195,29,defect,1.1379310344827587,tit_for_tat
NetworkRewiring_Test,21,196,0,defect,1.4137931034482758,lra_q
NetworkRewiring_Test,21,196,1,cooperate,0.10344827586206896,lra_q
NetworkRewiring_Test,21,196,2,cooperate,0.3103448275862069,lra_q
NetworkRewiring_Test,21,196,3,defect,1.2758620689655173,lra_q
NetworkRewiring_Test,21,196,4,defect,1.2758620689655173,lra_q
NetworkRewiring_Test,21,196,5,cooperate,0.20689655172413793,lra_q
NetworkRewiring_Test,21,196,6,defect,1.2758620689655173,lra_q
NetworkRewiring_Test,21,196,7,defect,1.2758620689655173,lra_q
NetworkRewiring_Test,21,196,8,defect,1.0,lra_q
NetworkRewiring_Test,21,196,9,cooperate,0.0,lra_q
NetworkRewiring_Test,21,196,10,defect,1.6896551724137931,lra_q
NetworkRewiring_Test,21,196,11,defect,1.4137931034482758,lra_q
NetworkRewiring_Test,21,196,12,cooperate,0.10344827586206896,lra_q
NetworkRewiring_Test,21,196,13,defect,1.0,lra_q
NetworkRewiring_Test,21,196,14,defect,1.1379310344827587,lra_q
NetworkRewiring_Test,21,196,15,defect,1.4137931034482758,tit_for_tat
NetworkRewiring_Test,21,196,16,defect,1.4137931034482758,tit_for_tat
NetworkRewiring_Test,21,196,17,cooperate,0.3103448275862069,tit_for_tat
NetworkRewiring_Test,21,196,18,cooperate,0.3103448275862069,tit_for_tat
NetworkRewiring_Test,21,196,19,cooperate,0.5172413793103449,tit_for_tat
NetworkRewiring_Test,21,196,20,cooperate,0.41379310344827586,tit_for_tat
NetworkRewiring_Test,21,196,21,cooperate,0.20689655172413793,tit_for_tat
NetworkRewiring_Test,21,196,22,cooperate,0.20689655172413793,tit_for_tat
NetworkRewiring_Test,21,196,23,cooperate,0.10344827586206896,tit_for_tat
NetworkRewiring_Test,21,196,24,defect,1.2758620689655173,tit_for_tat
NetworkRewiring_Test,21,196,25,cooperate,0.0,tit_for_tat
NetworkRewiring_Test,21,196,26,cooperate,0.20689655172413793,tit_for_tat
NetworkRewiring_Test,21,196,27,defect,1.2758620689655173,tit_for_tat
NetworkRewiring_Test,21,196,28,cooperate,0.10344827586206896,tit_for_tat
NetworkRewiring_Test,21,196,29,defect,1.4137931034482758,tit_for_tat
NetworkRewiring_Test,21,197,0,defect,1.2758620689655173,lra_q
NetworkRewiring_Test,21,197,1,cooperate,0.10344827586206896,lra_q
NetworkRewiring_Test,21,197,2,cooperate,0.3103448275862069,lra_q
NetworkRewiring_Test,21,197,3,defect,1.1379310344827587,lra_q
NetworkRewiring_Test,21,197,4,defect,1.0,lra_q
NetworkRewiring_Test,21,197,5,defect,1.1379310344827587,lra_q
NetworkRewiring_Test,21,197,6,defect,1.2758620689655173,lra_q
NetworkRewiring_Test,21,197,7,defect,1.0,lra_q
NetworkRewiring_Test,21,197,8,defect,1.1379310344827587,lra_q
NetworkRewiring_Test,21,197,9,defect,1.1379310344827587,lra_q
NetworkRewiring_Test,21,197,10,cooperate,0.10344827586206896,lra_q
NetworkRewiring_Test,21,197,11,defect,1.2758620689655173,lra_q
NetworkRewiring_Test,21,197,12,defect,1.1379310344827587,lra_q
NetworkRewiring_Test,21,197,13,defect,1.0,lra_q
NetworkRewiring_Test,21,197,14,defect,1.1379310344827587,lra_q
NetworkRewiring_Test,21,197,15,cooperate,0.20689655172413793,tit_for_tat
NetworkRewiring_Test,21,197,16,cooperate,0.3103448275862069,tit_for_tat
NetworkRewiring_Test,21,197,17,defect,1.6896551724137931,tit_for_tat
NetworkRewiring_Test,21,197,18,cooperate,0.3103448275862069,tit_for_tat
NetworkRewiring_Test,21,197,19,cooperate,0.41379310344827586,tit_for_tat
NetworkRewiring_Test,21,197,20,cooperate,0.3103448275862069,tit_for_tat
NetworkRewiring_Test,21,197,21,cooperate,0.20689655172413793,tit_for_tat
NetworkRewiring_Test,21,197,22,cooperate,0.41379310344827586,tit_for_tat
NetworkRewiring_Test,21,197,23,defect,1.2758620689655173,tit_for_tat
NetworkRewiring_Test,21,197,24,cooperate,0.10344827586206896,tit_for_tat
NetworkRewiring_Test,21,197,25,defect,1.2758620689655173,tit_for_tat
NetworkRewiring_Test,21,197,26,cooperate,0.3103448275862069,tit_for_tat
NetworkRewiring_Test,21,197,27,cooperate,0.0,tit_for_tat
NetworkRewiring_Test,21,197,28,defect,1.2758620689655173,tit_for_tat
NetworkRewiring_Test,21,197,29,defect,1.2758620689655173,tit_for_tat
NetworkRewiring_Test,21,198,0,defect,1.1379310344827587,lra_q
NetworkRewiring_Test,21,198,1,cooperate,0.10344827586206896,lra_q
NetworkRewiring_Test,21,198,2,cooperate,0.41379310344827586,lra_q
NetworkRewiring_Test,21,198,3,defect,1.1379310344827587,lra_q
NetworkRewiring_Test,21,198,4,cooperate,0.10344827586206896,lra_q
NetworkRewiring_Test,21,198,5,cooperate,0.3103448275862069,lra_q
NetworkRewiring_Test,21,198,6,defect,1.1379310344827587,lra_q
NetworkRewiring_Test,21,198,7,cooperate,0.20689655172413793,lra_q
NetworkRewiring_Test,21,198,8,defect,1.1379310344827587,lra_q
NetworkRewiring_Test,21,198,9,cooperate,0.3103448275862069,lra_q
NetworkRewiring_Test,21,198,10,cooperate,0.3103448275862069,lra_q
NetworkRewiring_Test,21,198,11,cooperate,0.20689655172413793,lra_q
NetworkRewiring_Test,21,198,12,defect,1.2758620689655173,lra_q
NetworkRewiring_Test,21,198,13,defect,1.0,lra_q
NetworkRewiring_Test,21,198,14,defect,1.1379310344827587,lra_q
NetworkRewiring_Test,21,198,15,defect,1.2758620689655173,tit_for_tat
NetworkRewiring_Test,21,198,16,defect,1.4137931034482758,tit_for_tat
NetworkRewiring_Test,21,198,17,cooperate,0.10344827586206896,tit_for_tat
NetworkRewiring_Test,21,198,18,cooperate,0.10344827586206896,tit_for_tat
NetworkRewiring_Test,21,198,19,defect,1.5517241379310345,tit_for_tat
NetworkRewiring_Test,21,198,20,defect,1.4137931034482758,tit_for_tat
NetworkRewiring_Test,21,198,21,cooperate,0.10344827586206896,tit_for_tat
NetworkRewiring_Test,21,198,22,cooperate,0.20689655172413793,tit_for_tat
NetworkRewiring_Test,21,198,23,cooperate,0.20689655172413793,tit_for_tat
NetworkRewiring_Test,21,198,24,cooperate,0.20689655172413793,tit_for_tat
NetworkRewiring_Test,21,198,25,defect,1.2758620689655173,tit_for_tat
NetworkRewiring_Test,21,198,26,cooperate,0.20689655172413793,tit_for_tat
NetworkRewiring_Test,21,198,27,defect,1.1379310344827587,tit_for_tat
NetworkRewiring_Test,21,198,28,defect,1.2758620689655173,tit_for_tat
NetworkRewiring_Test,21,198,29,defect,1.1379310344827587,tit_for_tat
NetworkRewiring_Test,21,199,0,cooperate,0.10344827586206896,lra_q
NetworkRewiring_Test,21,199,1,cooperate,0.10344827586206896,lra_q
NetworkRewiring_Test,21,199,2,defect,1.4137931034482758,lra_q
NetworkRewiring_Test,21,199,3,cooperate,0.20689655172413793,lra_q
NetworkRewiring_Test,21,199,4,defect,1.1379310344827587,lra_q
NetworkRewiring_Test,21,199,5,defect,1.0,lra_q
NetworkRewiring_Test,21,199,6,defect,1.1379310344827587,lra_q
NetworkRewiring_Test,21,199,7,defect,1.0,lra_q
NetworkRewiring_Test,21,199,8,defect,1.1379310344827587,lra_q
NetworkRewiring_Test,21,199,9,defect,1.1379310344827587,lra_q
NetworkRewiring_Test,21,199,10,defect,1.1379310344827587,lra_q
NetworkRewiring_Test,21,199,11,cooperate,0.0,lra_q
NetworkRewiring_Test,21,199,12,defect,1.1379310344827587,lra_q
NetworkRewiring_Test,21,199,13,defect,1.0,lra_q
NetworkRewiring_Test,21,199,14,defect,1.0,lra_q
NetworkRewiring_Test,21,199,15,defect,1.1379310344827587,tit_for_tat
NetworkRewiring_Test,21,199,16,defect,1.0,tit_for_tat
NetworkRewiring_Test,21,199,17,defect,1.1379310344827587,tit_for_tat
NetworkRewiring_Test,21,199,18,defect,1.1379310344827587,tit_for_tat
NetworkRewiring_Test,21,199,19,defect,1.2758620689655173,tit_for_tat
NetworkRewiring_Test,21,199,20,cooperate,0.0,tit_for_tat
NetworkRewiring_Test,21,199,21,cooperate,0.0,tit_for_tat
NetworkRewiring_Test,21,199,22,defect,1.4137931034482758,tit_for_tat
NetworkRewiring_Test,21,199,23,cooperate,0.10344827586206896,tit_for_tat
NetworkRewiring_Test,21,199,24,cooperate,0.10344827586206896,tit_for_tat
NetworkRewiring_Test,21,199,25,cooperate,0.20689655172413793,tit_for_tat
NetworkRewiring_Test,21,199,26,defect,1.1379310344827587,tit_for_tat
NetworkRewiring_Test,21,199,27,defect,1.2758620689655173,tit_for_tat
NetworkRewiring_Test,21,199,28,defect,1.1379310344827587,tit_for_tat
NetworkRewiring_Test,21,199,29,defect,1.1379310344827587,tit_for_tat
NetworkRewiring_Test,21,200,0,cooperate,0.20689655172413793,lra_q
NetworkRewiring_Test,21,200,1,cooperate,0.10344827586206896,lra_q
NetworkRewiring_Test,21,200,2,cooperate,0.20689655172413793,lra_q
NetworkRewiring_Test,21,200,3,defect,1.2758620689655173,lra_q
NetworkRewiring_Test,21,200,4,defect,1.2758620689655173,lra_q
NetworkRewiring_Test,21,200,5,cooperate,0.20689655172413793,lra_q
NetworkRewiring_Test,21,200,6,defect,1.1379310344827587,lra_q
NetworkRewiring_Test,21,200,7,cooperate,0.20689655172413793,lra_q
NetworkRewiring_Test,21,200,8,defect,1.2758620689655173,lra_q
NetworkRewiring_Test,21,200,9,cooperate,0.20689655172413793,lra_q
NetworkRewiring_Test,21,200,10,cooperate,0.41379310344827586,lra_q
NetworkRewiring_Test,21,200,11,defect,1.4137931034482758,lra_q
NetworkRewiring_Test,21,200,12,defect,1.1379310344827587,lra_q
NetworkRewiring_Test,21,200,13,defect,1.1379310344827587,lra_q
NetworkRewiring_Test,21,200,14,cooperate,0.0,lra_q
NetworkRewiring_Test,21,200,15,defect,1.4137931034482758,tit_for_tat
NetworkRewiring_Test,21,200,16,defect,1.2758620689655173,tit_for_tat
NetworkRewiring_Test,21,200,17,defect,1.2758620689655173,tit_for_tat
NetworkRewiring_Test,21,200,18,cooperate,0.0,tit_for_tat
NetworkRewiring_Test,21,200,19,defect,1.1379310344827587,tit_for_tat
NetworkRewiring_Test,21,200,20,defect,1.2758620689655173,tit_for_tat
NetworkRewiring_Test,21,200,21,defect,1.1379310344827587,tit_for_tat
NetworkRewiring_Test,21,200,22,cooperate,0.20689655172413793,tit_for_tat
NetworkRewiring_Test,21,200,23,cooperate,0.20689655172413793,tit_for_tat
NetworkRewiring_Test,21,200,24,cooperate,0.10344827586206896,tit_for_tat
NetworkRewiring_Test,21,200,25,cooperate,0.3103448275862069,tit_for_tat
NetworkRewiring_Test,21,200,26,defect,1.2758620689655173,tit_for_tat
NetworkRewiring_Test,21,200,27,cooperate,0.10344827586206896,tit_for_tat
NetworkRewiring_Test,21,200,28,defect,1.5517241379310345,tit_for_tat
NetworkRewiring_Test,21,200,29,defect,1.4137931034482758,tit_for_tat
NetworkRewiring_Test,21,201,0,defect,1.1379310344827587,lra_q
NetworkRewiring_Test,21,201,1,cooperate,0.0,lra_q
NetworkRewiring_Test,21,201,2,defect,1.5517241379310345,lra_q
NetworkRewiring_Test,21,201,3,defect,1.1379310344827587,lra_q
NetworkRewiring_Test,21,201,4,defect,1.0,lra_q
NetworkRewiring_Test,21,201,5,defect,1.1379310344827587,lra_q
NetworkRewiring_Test,21,201,6,defect,1.1379310344827587,lra_q
NetworkRewiring_Test,21,201,7,defect,1.0,lra_q
NetworkRewiring_Test,21,201,8,defect,1.0,lra_q
NetworkRewiring_Test,21,201,9,defect,1.0,lra_q
NetworkRewiring_Test,21,201,10,defect,1.1379310344827587,lra_q
NetworkRewiring_Test,21,201,11,defect,1.0,lra_q
NetworkRewiring_Test,21,201,12,defect,1.0,lra_q
NetworkRewiring_Test,21,201,13,defect,1.1379310344827587,lra_q
NetworkRewiring_Test,21,201,14,cooperate,0.0,lra_q
NetworkRewiring_Test,21,201,15,defect,1.2758620689655173,tit_for_tat
NetworkRewiring_Test,21,201,16,cooperate,0.0,tit_for_tat
NetworkRewiring_Test,21,201,17,defect,1.2758620689655173,tit_for_tat
NetworkRewiring_Test,21,201,18,defect,1.1379310344827587,tit_for_tat
NetworkRewiring_Test,21,201,19,defect,1.2758620689655173,tit_for_tat
NetworkRewiring_Test,21,201,20,defect,1.0,tit_for_tat
NetworkRewiring_Test,21,201,21,cooperate,0.0,tit_for_tat
NetworkRewiring_Test,21,201,22,defect,1.1379310344827587,tit_for_tat
NetworkRewiring_Test,21,201,23,cooperate,0.10344827586206896,tit_for_tat
NetworkRewiring_Test,21,201,24,cooperate,0.20689655172413793,tit_for_tat
NetworkRewiring_Test,21,201,25,defect,1.0,tit_for_tat
NetworkRewiring_Test,21,201,26,cooperate,0.10344827586206896,tit_for_tat
NetworkRewiring_Test,21,201,27,defect,1.1379310344827587,tit_for_tat
NetworkRewiring_Test,21,201,28,cooperate,0.0,tit_for_tat
NetworkRewiring_Test,21,201,29,defect,1.1379310344827587,tit_for_tat
NetworkRewiring_Test,21,202,0,cooperate,0.10344827586206896,lra_q
NetworkRewiring_Test,21,202,1,cooperate,0.0,lra_q
NetworkRewiring_Test,21,202,2,defect,1.2758620689655173,lra_q
NetworkRewiring_Test,21,202,3,defect,1.1379310344827587,lra_q
NetworkRewiring_Test,21,202,4,cooperate,0.0,lra_q
NetworkRewiring_Test,21,202,5,defect,1.5517241379310345,lra_q
NetworkRewiring_Test,21,202,6,defect,1.1379310344827587,lra_q
NetworkRewiring_Test,21,202,7,cooperate,0.0,lra_q
NetworkRewiring_Test,21,202,8,defect,1.2758620689655173,lra_q
NetworkRewiring_Test,21,202,9,defect,1.2758620689655173,lra_q
NetworkRewiring_Test,21,202,10,cooperate,0.0,lra_q
NetworkRewiring_Test,21,202,11,defect,1.1379310344827587,lra_q
NetworkRewiring_Test,21,202,12,cooperate,0.10344827586206896,lra_q
NetworkRewiring_Test,21,202,13,defect,1.1379310344827587,lra_q
NetworkRewiring_Test,21,202,14,cooperate,0.20689655172413793,lra_q
NetworkRewiring_Test,21,202,15,cooperate,0.41379310344827586,tit_for_tat
NetworkRewiring_Test,21,202,16,defect,1.2758620689655173,tit_for_tat
NetworkRewiring_Test,21,202,17,cooperate,0.3103448275862069,tit_for_tat
NetworkRewiring_Test,21,202,18,defect,1.2758620689655173,tit_for_tat
NetworkRewiring_Test,21,202,19,cooperate,0.10344827586206896,tit_for_tat
NetworkRewiring_Test,21,202,20,defect,1.2758620689655173,tit_for_tat
NetworkRewiring_Test,21,202,21,defect,1.1379310344827587,tit_for_tat
NetworkRewiring_Test,21,202,22,defect,1.4137931034482758,tit_for_tat
NetworkRewiring_Test,21,202,23,cooperate,0.10344827586206896,tit_for_tat
NetworkRewiring_Test,21,202,24,cooperate,0.10344827586206896,tit_for_tat
NetworkRewiring_Test,21,202,25,defect,1.4137931034482758,tit_for_tat
NetworkRewiring_Test,21,202,26,defect,1.2758620689655173,tit_for_tat
NetworkRewiring_Test,21,202,27,defect,1.0,tit_for_tat
NetworkRewiring_Test,21,202,28,defect,1.2758620689655173,tit_for_tat
NetworkRewiring_Test,21,202,29,defect,1.0,tit_for_tat
NetworkRewiring_Test,21,203,0,cooperate,0.3103448275862069,lra_q
NetworkRewiring_Test,21,203,1,cooperate,0.10344827586206896,lra_q
NetworkRewiring_Test,21,203,2,defect,1.2758620689655173,lra_q
NetworkRewiring_Test,21,203,3,cooperate,0.10344827586206896,lra_q
NetworkRewiring_Test,21,203,4,cooperate,0.0,lra_q
NetworkRewiring_Test,21,203,5,defect,1.5517241379310345,lra_q
NetworkRewiring_Test,21,203,6,defect,1.2758620689655173,lra_q
NetworkRewiring_Test,21,203,7,cooperate,0.0,lra_q
NetworkRewiring_Test,21,203,8,defect,1.2758620689655173,lra_q
NetworkRewiring_Test,21,203,9,defect,1.2758620689655173,lra_q
NetworkRewiring_Test,21,203,10,cooperate,0.20689655172413793,lra_q
NetworkRewiring_Test,21,203,11,defect,1.0,lra_q
NetworkRewiring_Test,21,203,12,defect,1.1379310344827587,lra_q
NetworkRewiring_Test,21,203,13,defect,1.0,lra_q
NetworkRewiring_Test,21,203,14,defect,1.1379310344827587,lra_q
NetworkRewiring_Test,21,203,15,cooperate,0.20689655172413793,tit_for_tat
NetworkRewiring_Test,21,203,16,defect,1.2758620689655173,tit_for_tat
NetworkRewiring_Test,21,203,17,defect,1.4137931034482758,tit_for_tat
NetworkRewiring_Test,21,203,18,cooperate,0.10344827586206896,tit_for_tat
NetworkRewiring_Test,21,203,19,cooperate,0.20689655172413793,tit_for_tat
NetworkRewiring_Test,21,203,20,defect,1.4137931034482758,tit_for_tat
NetworkRewiring_Test,21,203,21,defect,1.2758620689655173,tit_for_tat
NetworkRewiring_Test,21,203,22,cooperate,0.3103448275862069,tit_for_tat
NetworkRewiring_Test,21,203,23,defect,1.0,tit_for_tat
NetworkRewiring_Test,21,203,24,defect,1.1379310344827587,tit_for_tat
NetworkRewiring_Test,21,203,25,defect,1.5517241379310345,tit_for_tat
NetworkRewiring_Test,21,203,26,cooperate,0.10344827586206896,tit_for_tat
NetworkRewiring_Test,21,203,27,defect,1.1379310344827587,tit_for_tat
NetworkRewiring_Test,21,203,28,cooperate,0.20689655172413793,tit_for_tat
NetworkRewiring_Test,21,203,29,defect,1.1379310344827587,tit_for_tat
NetworkRewiring_Test,21,204,0,defect,1.2758620689655173,lra_q
NetworkRewiring_Test,21,204,1,cooperate,0.0,lra_q
NetworkRewiring_Test,21,204,2,defect,1.2758620689655173,lra_q
NetworkRewiring_Test,21,204,3,defect,1.2758620689655173,lra_q
NetworkRewiring_Test,21,204,4,cooperate,0.10344827586206896,lra_q
NetworkRewiring_Test,21,204,5,defect,1.4137931034482758,lra_q
NetworkRewiring_Test,21,204,6,defect,1.1379310344827587,lra_q
NetworkRewiring_Test,21,204,7,cooperate,0.0,lra_q
NetworkRewiring_Test,21,204,8,defect,1.1379310344827587,lra_q
NetworkRewiring_Test,21,204,9,defect,1.2758620689655173,lra_q
NetworkRewiring_Test,21,204,10,cooperate,0.20689655172413793,lra_q
NetworkRewiring_Test,21,204,11,defect,1.0,lra_q
NetworkRewiring_Test,21,204,12,defect,1.0,lra_q
NetworkRewiring_Test,21,204,13,defect,1.0,lra_q
NetworkRewiring_Test,21,204,14,defect,1.0,lra_q
NetworkRewiring_Test,21,204,15,defect,1.2758620689655173,tit_for_tat
NetworkRewiring_Test,21,204,16,cooperate,0.0,tit_for_tat
NetworkRewiring_Test,21,204,17,defect,1.2758620689655173,tit_for_tat
NetworkRewiring_Test,21,204,18,defect,1.2758620689655173,tit_for_tat
NetworkRewiring_Test,21,204,19,defect,1.2758620689655173,tit_for_tat
NetworkRewiring_Test,21,204,20,cooperate,0.10344827586206896,tit_for_tat
NetworkRewiring_Test,21,204,21,cooperate,0.10344827586206896,tit_for_tat
NetworkRewiring_Test,21,204,22,cooperate,0.3103448275862069,tit_for_tat
NetworkRewiring_Test,21,204,23,defect,1.1379310344827587,tit_for_tat
NetworkRewiring_Test,21,204,24,cooperate,0.0,tit_for_tat
NetworkRewiring_Test,21,204,25,cooperate,0.20689655172413793,tit_for_tat
NetworkRewiring_Test,21,204,26,defect,1.1379310344827587,tit_for_tat
NetworkRewiring_Test,21,204,27,defect,1.1379310344827587,tit_for_tat
NetworkRewiring_Test,21,204,28,defect,1.1379310344827587,tit_for_tat
NetworkRewiring_Test,21,204,29,defect,1.1379310344827587,tit_for_tat
NetworkRewiring_Test,21,205,0,defect,1.2758620689655173,lra_q
NetworkRewiring_Test,21,205,1,cooperate,0.0,lra_q
NetworkRewiring_Test,21,205,2,defect,1.4137931034482758,lra_q
NetworkRewiring_Test,21,205,3,defect,1.1379310344827587,lra_q
NetworkRewiring_Test,21,205,4,defect,1.0,lra_q
NetworkRewiring_Test,21,205,5,defect,1.5517241379310345,lra_q
NetworkRewiring_Test,21,205,6,defect,1.1379310344827587,lra_q
NetworkRewiring_Test,21,205,7,cooperate,0.0,lra_q
NetworkRewiring_Test,21,205,8,defect,1.1379310344827587,lra_q
NetworkRewiring_Test,21,205,9,defect,1.2758620689655173,lra_q
NetworkRewiring_Test,21,205,10,cooperate,0.20689655172413793,lra_q
NetworkRewiring_Test,21,205,11,defect,1.1379310344827587,lra_q
NetworkRewiring_Test,21,205,12,cooperate,0.0,lra_q
NetworkRewiring_Test,21,205,13,defect,1.1379310344827587,lra_q
NetworkRewiring_Test,21,205,14,cooperate,0.10344827586206896,lra_q
NetworkRewiring_Test,21,205,15,defect,1.5517241379310345,tit_for_tat
NetworkRewiring_Test,21,205,16,defect,1.1379310344827587,tit_for_tat
NetworkRewiring_Test,21,205,17,cooperate,0.3103448275862069,tit_for_tat
NetworkRewiring_Test,21,205,18,defect,1.4137931034482758,tit_for_tat
NetworkRewiring_Test,21,205,19,cooperate,0.3103448275862069,tit_for_tat
NetworkRewiring_Test,21,205,20,cooperate,0.3103448275862069,tit_for_tat
NetworkRewiring_Test,21,205,21,defect,1.2758620689655173,tit_for_tat
NetworkRewiring_Test,21,205,22,cooperate,0.20689655172413793,tit_for_tat
NetworkRewiring_Test,21,205,23,cooperate,0.0,tit_for_tat
NetworkRewiring_Test,21,205,24,defect,1.2758620689655173,tit_for_tat
NetworkRewiring_Test,21,205,25,defect,1.1379310344827587,tit_for_tat
NetworkRewiring_Test,21,205,26,cooperate,0.10344827586206896,tit_for_tat
NetworkRewiring_Test,21,205,27,defect,1.1379310344827587,tit_for_tat
NetworkRewiring_Test,21,205,28,cooperate,0.10344827586206896,tit_for_tat
NetworkRewiring_Test,21,205,29,defect,1.1379310344827587,tit_for_tat
NetworkRewiring_Test,21,206,0,defect,1.4137931034482758,lra_q
NetworkRewiring_Test,21,206,1,defect,1.1379310344827587,lra_q
NetworkRewiring_Test,21,206,2,cooperate,0.10344827586206896,lra_q
NetworkRewiring_Test,21,206,3,defect,1.0,lra_q
NetworkRewiring_Test,21,206,4,cooperate,0.0,lra_q
NetworkRewiring_Test,21,206,5,defect,1.6896551724137931,lra_q
NetworkRewiring_Test,21,206,6,defect,1.0,lra_q
NetworkRewiring_Test,21,206,7,cooperate,0.0,lra_q
NetworkRewiring_Test,21,206,8,defect,1.1379310344827587,lra_q
NetworkRewiring_Test,21,206,9,defect,1.2758620689655173,lra_q
NetworkRewiring_Test,21,206,10,cooperate,0.20689655172413793,lra_q
NetworkRewiring_Test,21,206,11,defect,1.4137931034482758,lra_q
NetworkRewiring_Test,21,206,12,cooperate,0.10344827586206896,lra_q
NetworkRewiring_Test,21,206,13,defect,1.0,lra_q
NetworkRewiring_Test,21,206,14,defect,1.1379310344827587,lra_q
NetworkRewiring_Test,21,206,15,cooperate,0.20689655172413793,tit_for_tat
NetworkRewiring_Test,21,206,16,defect,1.2758620689655173,tit_for_tat
NetworkRewiring_Test,21,206,17,defect,1.2758620689655173,tit_for_tat
NetworkRewiring_Test,21,206,18,defect,1.1379310344827587,tit_for_tat
NetworkRewiring_Test,21,206,19,defect,1.4137931034482758,tit_for_tat
NetworkRewiring_Test,21,206,20,cooperate,0.10344827586206896,tit_for_tat
NetworkRewiring_Test,21,206,21,cooperate,0.10344827586206896,tit_for_tat
NetworkRewiring_Test,21,206,22,cooperate,0.41379310344827586,tit_for_tat
NetworkRewiring_Test,21,206,23,defect,1.2758620689655173,tit_for_tat
NetworkRewiring_Test,21,206,24,cooperate,0.10344827586206896,tit_for_tat
NetworkRewiring_Test,21,206,25,defect,1.4137931034482758,tit_for_tat
NetworkRewiring_Test,21,206,26,cooperate,0.20689655172413793,tit_for_tat
NetworkRewiring_Test,21,206,27,cooperate,0.10344827586206896,tit_for_tat
NetworkRewiring_Test,21,206,28,cooperate,0.20689655172413793,tit_for_tat
NetworkRewiring_Test,21,206,29,defect,1.4137931034482758,tit_for_tat
NetworkRewiring_Test,21,207,0,defect,1.2758620689655173,lra_q
NetworkRewiring_Test,21,207,1,cooperate,0.10344827586206896,lra_q
NetworkRewiring_Test,21,207,2,cooperate,0.41379310344827586,lra_q
NetworkRewiring_Test,21,207,3,defect,1.4137931034482758,lra_q
NetworkRewiring_Test,21,207,4,cooperate,0.20689655172413793,lra_q
NetworkRewiring_Test,21,207,5,cooperate,0.3103448275862069,lra_q
NetworkRewiring_Test,21,207,6,cooperate,0.10344827586206896,lra_q
NetworkRewiring_Test,21,207,7,defect,1.1379310344827587,lra_q
NetworkRewiring_Test,21,207,8,defect,1.2758620689655173,lra_q
NetworkRewiring_Test,21,207,9,defect,1.1379310344827587,lra_q
NetworkRewiring_Test,21,207,10,cooperate,0.3103448275862069,lra_q
NetworkRewiring_Test,21,207,11,defect,1.1379310344827587,lra_q
NetworkRewiring_Test,21,207,12,defect,1.1379310344827587,lra_q
NetworkRewiring_Test,21,207,13,defect,1.1379310344827587,lra_q
NetworkRewiring_Test,21,207,14,defect,1.1379310344827587,lra_q
NetworkRewiring_Test,21,207,15,defect,1.2758620689655173,tit_for_tat
NetworkRewiring_Test,21,207,16,defect,1.5517241379310345,tit_for_tat
NetworkRewiring_Test,21,207,17,cooperate,0.20689655172413793,tit_for_tat
NetworkRewiring_Test,21,207,18,cooperate,0.20689655172413793,tit_for_tat
NetworkRewiring_Test,21,207,19,defect,1.6896551724137931,tit_for_tat
NetworkRewiring_Test,21,207,20,cooperate,0.3103448275862069,tit_for_tat
NetworkRewiring_Test,21,207,21,defect,1.1379310344827587,tit_for_tat
NetworkRewiring_Test,21,207,22,cooperate,0.20689655172413793,tit_for_tat
NetworkRewiring_Test,21,207,23,cooperate,0.10344827586206896,tit_for_tat
NetworkRewiring_Test,21,207,24,defect,1.2758620689655173,tit_for_tat
NetworkRewiring_Test,21,207,25,cooperate,0.3103448275862069,tit_for_tat
NetworkRewiring_Test,21,207,26,cooperate,0.10344827586206896,tit_for_tat
NetworkRewiring_Test,21,207,27,defect,1.2758620689655173,tit_for_tat
NetworkRewiring_Test,21,207,28,defect,1.4137931034482758,tit_for_tat
NetworkRewiring_Test,21,207,29,cooperate,0.20689655172413793,tit_for_tat
NetworkRewiring_Test,21,208,0,defect,1.4137931034482758,lra_q
NetworkRewiring_Test,21,208,1,cooperate,0.10344827586206896,lra_q
NetworkRewiring_Test,21,208,2,defect,1.4137931034482758,lra_q
NetworkRewiring_Test,21,208,3,cooperate,0.3103448275862069,lra_q
NetworkRewiring_Test,21,208,4,defect,1.1379310344827587,lra_q
NetworkRewiring_Test,21,208,5,defect,1.2758620689655173,lra_q
NetworkRewiring_Test,21,208,6,cooperate,0.20689655172413793,lra_q
NetworkRewiring_Test,21,208,7,defect,1.1379310344827587,lra_q
NetworkRewiring_Test,21,208,8,defect,1.0,lra_q
NetworkRewiring_Test,21,208,9,cooperate,0.0,lra_q
NetworkRewiring_Test,21,208,10,defect,1.5517241379310345,lra_q
NetworkRewiring_Test,21,208,11,defect,1.1379310344827587,lra_q
NetworkRewiring_Test,21,208,12,defect,1.0,lra_q
NetworkRewiring_Test,21,208,13,defect,1.1379310344827587,lra_q
NetworkRewiring_Test,21,208,14,defect,1.0,lra_q
NetworkRewiring_Test,21,208,15,defect,1.2758620689655173,tit_for_tat
NetworkRewiring_Test,21,208,16,cooperate,0.20689655172413793,tit_for_tat
NetworkRewiring_Test,21,208,17,defect,1.2758620689655173,tit_for_tat
NetworkRewiring_Test,21,208,18,cooperate,0.10344827586206896,tit_for_tat
NetworkRewiring_Test,21,208,19,defect,1.4137931034482758,tit_for_tat
NetworkRewiring_Test,21,208,20,defect,1.2758620689655173,tit_for_tat
NetworkRewiring_Test,21,208,21,cooperate,0.10344827586206896,tit_for_tat
NetworkRewiring_Test,21,208,22,cooperate,0.10344827586206896,tit_for_tat
NetworkRewiring_Test,21,208,23,cooperate,0.10344827586206896,tit_for_tat
NetworkRewiring_Test,21,208,24,cooperate,0.10344827586206896,tit_for_tat
NetworkRewiring_Test,21,208,25,cooperate,0.10344827586206896,tit_for_tat
NetworkRewiring_Test,21,208,26,defect,1.1379310344827587,tit_for_tat
NetworkRewiring_Test,21,208,27,defect,1.2758620689655173,tit_for_tat
NetworkRewiring_Test,21,208,28,cooperate,0.0,tit_for_tat
NetworkRewiring_Test,21,208,29,defect,1.2758620689655173,tit_for_tat
NetworkRewiring_Test,21,209,0,defect,1.0,lra_q
NetworkRewiring_Test,21,209,1,cooperate,0.10344827586206896,lra_q
NetworkRewiring_Test,21,209,2,cooperate,0.41379310344827586,lra_q
NetworkRewiring_Test,21,209,3,defect,1.1379310344827587,lra_q
NetworkRewiring_Test,21,209,4,defect,1.0,lra_q
NetworkRewiring_Test,21,209,5,defect,1.1379310344827587,lra_q
NetworkRewiring_Test,21,209,6,defect,1.1379310344827587,lra_q
NetworkRewiring_Test,21,209,7,defect,1.0,lra_q
NetworkRewiring_Test,21,209,8,defect,1.1379310344827587,lra_q
NetworkRewiring_Test,21,209,9,defect,1.1379310344827587,lra_q
NetworkRewiring_Test,21,209,10,defect,1.0,lra_q
NetworkRewiring_Test,21,209,11,cooperate,0.3103448275862069,lra_q
NetworkRewiring_Test,21,209,12,cooperate,0.10344827586206896,lra_q
NetworkRewiring_Test,21,209,13,defect,1.1379310344827587,lra_q
NetworkRewiring_Test,21,209,14,cooperate,0.10344827586206896,lra_q
NetworkRewiring_Test,21,209,15,defect,1.5517241379310345,tit_for_tat
NetworkRewiring_Test,21,209,16,cooperate,0.20689655172413793,tit_for_tat
NetworkRewiring_Test,21,209,17,cooperate,0.20689655172413793,tit_for_tat
NetworkRewiring_Test,21,209,18,defect,1.2758620689655173,tit_for_tat
NetworkRewiring_Test,21,209,19,defect,1.2758620689655173,tit_for_tat
NetworkRewiring_Test,21,209,20,defect,1.1379310344827587,tit_for_tat
NetworkRewiring_Test,21,209,21,cooperate,0.0,tit_for_tat
NetworkRewiring_Test,21,209,22,defect,1.1379310344827587,tit_for_tat
NetworkRewiring_Test,21,209,23,defect,1.2758620689655173,tit_for_tat
NetworkRewiring_Test,21,209,24,cooperate,0.0,tit_for_tat
NetworkRewiring_Test,21,209,25,defect,1.2758620689655173,tit_for_tat
NetworkRewiring_Test,21,209,26,defect,1.2758620689655173,tit_for_tat
NetworkRewiring_Test,21,209,27,cooperate,0.20689655172413793,tit_for_tat
NetworkRewiring_Test,21,209,28,defect,1.2758620689655173,tit_for_tat
NetworkRewiring_Test,21,209,29,cooperate,0.20689655172413793,tit_for_tat
NetworkRewiring_Test,21,210,0,cooperate,0.0,lra_q
NetworkRewiring_Test,21,210,1,cooperate,0.0,lra_q
NetworkRewiring_Test,21,210,2,defect,1.4137931034482758,lra_q
NetworkRewiring_Test,21,210,3,defect,1.1379310344827587,lra_q
NetworkRewiring_Test,21,210,4,cooperate,0.10344827586206896,lra_q
NetworkRewiring_Test,21,210,5,cooperate,0.3103448275862069,lra_q
NetworkRewiring_Test,21,210,6,defect,1.2758620689655173,lra_q
NetworkRewiring_Test,21,210,7,cooperate,0.20689655172413793,lra_q
NetworkRewiring_Test,21,210,8,defect,1.2758620689655173,lra_q
NetworkRewiring_Test,21,210,9,cooperate,0.20689655172413793,lra_q
NetworkRewiring_Test,21,210,10,cooperate,0.20689655172413793,lra_q
NetworkRewiring_Test,21,210,11,defect,1.2758620689655173,lra_q
NetworkRewiring_Test,21,210,12,defect,1.1379310344827587,lra_q
NetworkRewiring_Test,21,210,13,defect,1.0,lra_q
NetworkRewiring_Test,21,210,14,defect,1.0,lra_q
NetworkRewiring_Test,21,210,15,defect,1.1379310344827587,tit_for_tat
NetworkRewiring_Test,21,210,16,defect,1.1379310344827587,tit_for_tat
NetworkRewiring_Test,21,210,17,defect,1.2758620689655173,tit_for_tat
NetworkRewiring_Test,21,210,18,cooperate,0.10344827586206896,tit_for_tat
NetworkRewiring_Test,21,210,19,cooperate,0.20689655172413793,tit_for_tat
NetworkRewiring_Test,21,210,20,defect,1.2758620689655173,tit_for_tat
NetworkRewiring_Test,21,210,21,defect,1.1379310344827587,tit_for_tat
NetworkRewiring_Test,21,210,22,defect,1.2758620689655173,tit_for_tat
NetworkRewiring_Test,21,210,23,cooperate,0.0,tit_for_tat
NetworkRewiring_Test,21,210,24,defect,1.2758620689655173,tit_for_tat
NetworkRewiring_Test,21,210,25,defect,1.5517241379310345,tit_for_tat
NetworkRewiring_Test,21,210,26,cooperate,0.10344827586206896,tit_for_tat
NetworkRewiring_Test,21,210,27,cooperate,0.0,tit_for_tat
NetworkRewiring_Test,21,210,28,defect,1.5517241379310345,tit_for_tat
NetworkRewiring_Test,21,210,29,defect,1.1379310344827587,tit_for_tat
NetworkRewiring_Test,21,211,0,cooperate,0.3103448275862069,lra_q
NetworkRewiring_Test,21,211,1,cooperate,0.10344827586206896,lra_q
NetworkRewiring_Test,21,211,2,cooperate,0.20689655172413793,lra_q
NetworkRewiring_Test,21,211,3,defect,1.2758620689655173,lra_q
NetworkRewiring_Test,21,211,4,defect,1.2758620689655173,lra_q
NetworkRewiring_Test,21,211,5,cooperate,0.3103448275862069,lra_q
NetworkRewiring_Test,21,211,6,defect,1.1379310344827587,lra_q
NetworkRewiring_Test,21,211,7,defect,1.1379310344827587,lra_q
NetworkRewiring_Test,21,211,8,defect,1.2758620689655173,lra_q
NetworkRewiring_Test,21,211,9,defect,1.2758620689655173,lra_q
NetworkRewiring_Test,21,211,10,cooperate,0.3103448275862069,lra_q
NetworkRewiring_Test,21,211,11,cooperate,0.20689655172413793,lra_q
NetworkRewiring_Test,21,211,12,cooperate,0.3103448275862069,lra_q
NetworkRewiring_Test,21,211,13,defect,1.1379310344827587,lra_q
NetworkRewiring_Test,21,211,14,cooperate,0.10344827586206896,lra_q
NetworkRewiring_Test,21,211,15,cooperate,0.3103448275862069,tit_for_tat
NetworkRewiring_Test,21,211,16,defect,1.2758620689655173,tit_for_tat
NetworkRewiring_Test,21,211,17,defect,1.2758620689655173,tit_for_tat
NetworkRewiring_Test,21,211,18,defect,1.0,tit_for_tat
NetworkRewiring_Test,21,211,19,defect,1.0,tit_for_tat
NetworkRewiring_Test,21,211,20,defect,1.0,tit_for_tat
NetworkRewiring_Test,21,211,21,defect,1.0,tit_for_tat
NetworkRewiring_Test,21,211,22,defect,1.4137931034482758,tit_for_tat
NetworkRewiring_Test,21,211,23,defect,1.2758620689655173,tit_for_tat
NetworkRewiring_Test,21,211,24,cooperate,0.0,tit_for_tat
NetworkRewiring_Test,21,211,25,cooperate,0.20689655172413793,tit_for_tat
NetworkRewiring_Test,21,211,26,defect,1.2758620689655173,tit_for_tat
NetworkRewiring_Test,21,211,27,defect,1.4137931034482758,tit_for_tat
NetworkRewiring_Test,21,211,28,cooperate,0.3103448275862069,tit_for_tat
NetworkRewiring_Test,21,211,29,defect,1.4137931034482758,tit_for_tat
NetworkRewiring_Test,21,212,0,defect,1.2758620689655173,lra_q
NetworkRewiring_Test,21,212,1,cooperate,0.0,lra_q
NetworkRewiring_Test,21,212,2,defect,1.4137931034482758,lra_q
NetworkRewiring_Test,21,212,3,defect,1.2758620689655173,lra_q
NetworkRewiring_Test,21,212,4,defect,1.1379310344827587,lra_q
NetworkRewiring_Test,21,212,5,defect,1.2758620689655173,lra_q
NetworkRewiring_Test,21,212,6,defect,1.0,lra_q
NetworkRewiring_Test,21,212,7,defect,1.0,lra_q
NetworkRewiring_Test,21,212,8,defect,1.1379310344827587,lra_q
NetworkRewiring_Test,21,212,9,defect,1.0,lra_q
NetworkRewiring_Test,21,212,10,defect,1.2758620689655173,lra_q
NetworkRewiring_Test,21,212,11,defect,1.2758620689655173,lra_q
NetworkRewiring_Test,21,212,12,cooperate,0.0,lra_q
NetworkRewiring_Test,21,212,13,defect,1.0,lra_q
NetworkRewiring_Test,21,212,14,defect,1.1379310344827587,lra_q
NetworkRewiring_Test,21,212,15,defect,1.2758620689655173,tit_for_tat
NetworkRewiring_Test,21,212,16,defect,1.1379310344827587,tit_for_tat
NetworkRewiring_Test,21,212,17,cooperate,0.0,tit_for_tat
NetworkRewiring_Test,21,212,18,defect,1.1379310344827587,tit_for_tat
NetworkRewiring_Test,21,212,19,defect,1.1379310344827587,tit_for_tat
NetworkRewiring_Test,21,212,20,defect,1.1379310344827587,tit_for_tat
NetworkRewiring_Test,21,212,21,defect,1.0,tit_for_tat
NetworkRewiring_Test,21,212,22,defect,1.0,tit_for_tat
NetworkRewiring_Test,21,212,23,cooperate,0.0,tit_for_tat
NetworkRewiring_Test,21,212,24,defect,1.1379310344827587,tit_for_tat
NetworkRewiring_Test,21,212,25,cooperate,0.20689655172413793,tit_for_tat
NetworkRewiring_Test,21,212,26,defect,1.0,tit_for_tat
NetworkRewiring_Test,21,212,27,cooperate,0.3103448275862069,tit_for_tat
NetworkRewiring_Test,21,212,28,cooperate,0.20689655172413793,tit_for_tat
NetworkRewiring_Test,21,212,29,cooperate,0.3103448275862069,tit_for_tat
NetworkRewiring_Test,21,213,0,defect,1.0,lra_q
NetworkRewiring_Test,21,213,1,cooperate,0.0,lra_q
NetworkRewiring_Test,21,213,2,defect,1.5517241379310345,lra_q
NetworkRewiring_Test,21,213,3,defect,1.1379310344827587,lra_q
NetworkRewiring_Test,21,213,4,defect,1.0,lra_q
NetworkRewiring_Test,21,213,5,defect,1.4137931034482758,lra_q
NetworkRewiring_Test,21,213,6,defect,1.1379310344827587,lra_q
NetworkRewiring_Test,21,213,7,cooperate,0.0,lra_q
NetworkRewiring_Test,21,213,8,defect,1.2758620689655173,lra_q
NetworkRewiring_Test,21,213,9,defect,1.4137931034482758,lra_q
NetworkRewiring_Test,21,213,10,cooperate,0.0,lra_q
NetworkRewiring_Test,21,213,11,cooperate,0.20689655172413793,lra_q
NetworkRewiring_Test,21,213,12,cooperate,0.10344827586206896,lra_q
NetworkRewiring_Test,21,213,13,defect,1.0,lra_q
NetworkRewiring_Test,21,213,14,defect,1.0,lra_q
NetworkRewiring_Test,21,213,15,defect,1.2758620689655173,tit_for_tat
NetworkRewiring_Test,21,213,16,cooperate,0.0,tit_for_tat
NetworkRewiring_Test,21,213,17,defect,1.1379310344827587,tit_for_tat
NetworkRewiring_Test,21,213,18,defect,1.1379310344827587,tit_for_tat
NetworkRewiring_Test,21,213,19,defect,1.0,tit_for_tat
NetworkRewiring_Test,21,213,20,defect,1.0,tit_for_tat
NetworkRewiring_Test,21,213,21,defect,1.0,tit_for_tat
NetworkRewiring_Test,21,213,22,defect,1.1379310344827587,tit_for_tat
NetworkRewiring_Test,21,213,23,defect,1.0,tit_for_tat
NetworkRewiring_Test,21,213,24,defect,1.0,tit_for_tat
NetworkRewiring_Test,21,213,25,defect,1.4137931034482758,tit_for_tat
NetworkRewiring_Test,21,213,26,defect,1.0,tit_for_tat
NetworkRewiring_Test,21,213,27,cooperate,0.20689655172413793,tit_for_tat
NetworkRewiring_Test,21,213,28,defect,1.4137931034482758,tit_for_tat
NetworkRewiring_Test,21,213,29,cooperate,0.10344827586206896,tit_for_tat
NetworkRewiring_Test,21,214,0,cooperate,0.10344827586206896,lra_q
NetworkRewiring_Test,21,214,1,cooperate,0.0,lra_q
NetworkRewiring_Test,21,214,2,defect,1.2758620689655173,lra_q
NetworkRewiring_Test,21,214,3,defect,1.1379310344827587,lra_q
NetworkRewiring_Test,21,214,4,cooperate,0.0,lra_q
NetworkRewiring_Test,21,214,5,defect,1.5517241379310345,lra_q
NetworkRewiring_Test,21,214,6,defect,1.0,lra_q
NetworkRewiring_Test,21,214,7,cooperate,0.0,lra_q
NetworkRewiring_Test,21,214,8,defect,1.2758620689655173,lra_q
NetworkRewiring_Test,21,214,9,defect,1.4137931034482758,lra_q
NetworkRewiring_Test,21,214,10,cooperate,0.10344827586206896,lra_q
NetworkRewiring_Test,21,214,11,cooperate,0.10344827586206896,lra_q
NetworkRewiring_Test,21,214,12,defect,1.1379310344827587,lra_q
NetworkRewiring_Test,21,214,13,defect,1.1379310344827587,lra_q
NetworkRewiring_Test,21,214,14,cooperate,0.0,lra_q
NetworkRewiring_Test,21,214,15,defect,1.2758620689655173,tit_for_tat
NetworkRewiring_Test,21,214,16,defect,1.0,tit_for_tat
NetworkRewiring_Test,21,214,17,defect,1.1379310344827587,tit_for_tat
NetworkRewiring_Test,21,214,18,defect,1.0,tit_for_tat
NetworkRewiring_Test,21,214,19,defect,1.0,tit_for_tat
NetworkRewiring_Test,21,214,20,defect,1.0,tit_for_tat
NetworkRewiring_Test,21,214,21,defect,1.0,tit_for_tat
NetworkRewiring_Test,21,214,22,defect,1.2758620689655173,tit_for_tat
NetworkRewiring_Test,21,214,23,defect,1.0,tit_for_tat
NetworkRewiring_Test,21,214,24,defect,1.0,tit_for_tat
NetworkRewiring_Test,21,214,25,defect,1.5517241379310345,tit_for_tat
NetworkRewiring_Test,21,214,26,defect,1.0,tit_for_tat
NetworkRewiring_Test,21,214,27,cooperate,0.20689655172413793,tit_for_tat
NetworkRewiring_Test,21,214,28,cooperate,0.3103448275862069,tit_for_tat
NetworkRewiring_Test,21,214,29,defect,1.2758620689655173,tit_for_tat
NetworkRewiring_Test,21,215,0,cooperate,0.3103448275862069,lra_q
NetworkRewiring_Test,21,215,1,cooperate,0.0,lra_q
NetworkRewiring_Test,21,215,2,defect,1.2758620689655173,lra_q
NetworkRewiring_Test,21,215,3,defect,1.1379310344827587,lra_q
NetworkRewiring_Test,21,215,4,cooperate,0.0,lra_q
NetworkRewiring_Test,21,215,5,defect,1.5517241379310345,lra_q
NetworkRewiring_Test,21,215,6,defect,1.1379310344827587,lra_q
NetworkRewiring_Test,21,215,7,cooperate,0.0,lra_q
NetworkRewiring_Test,21,215,8,defect,1.4137931034482758,lra_q
NetworkRewiring_Test,21,215,9,defect,1.2758620689655173,lra_q
NetworkRewiring_Test,21,215,10,cooperate,0.20689655172413793,lra_q
NetworkRewiring_Test,21,215,11,defect,1.0,lra_q
NetworkRewiring_Test,21,215,12,defect,1.1379310344827587,lra_q
NetworkRewiring_Test,21,215,13,cooperate,0.10344827586206896,lra_q
NetworkRewiring_Test,21,215,14,cooperate,0.20689655172413793,lra_q
NetworkRewiring_Test,21,215,15,cooperate,0.3103448275862069,tit_for_tat
NetworkRewiring_Test,21,215,16,defect,1.1379310344827587,tit_for_tat
NetworkRewiring_Test,21,215,17,defect,1.2758620689655173,tit_for_tat
NetworkRewiring_Test,21,215,18,defect,1.0,tit_for_tat
NetworkRewiring_Test,21,215,19,defect,1.0,tit_for_tat
NetworkRewiring_Test,21,215,20,defect,1.1379310344827587,tit_for_tat
NetworkRewiring_Test,21,215,21,defect,1.1379310344827587,tit_for_tat
NetworkRewiring_Test,21,215,22,cooperate,0.3103448275862069,tit_for_tat
NetworkRewiring_Test,21,215,23,defect,1.0,tit_for_tat
NetworkRewiring_Test,21,215,24,defect,1.0,tit_for_tat
NetworkRewiring_Test,21,215,25,defect,1.5517241379310345,tit_for_tat
NetworkRewiring_Test,21,215,26,defect,1.0,tit_for_tat
NetworkRewiring_Test,21,215,27,defect,1.2758620689655173,tit_for_tat
NetworkRewiring_Test,21,215,28,cooperate,0.3103448275862069,tit_for_tat
NetworkRewiring_Test,21,215,29,cooperate,0.10344827586206896,tit_for_tat
NetworkRewiring_Test,21,216,0,defect,1.4137931034482758,lra_q
NetworkRewiring_Test,21,216,1,cooperate,0.0,lra_q
NetworkRewiring_Test,21,216,2,defect,1.2758620689655173,lra_q
NetworkRewiring_Test,21,216,3,defect,1.1379310344827587,lra_q
NetworkRewiring_Test,21,216,4,cooperate,0.0,lra_q
NetworkRewiring_Test,21,216,5,defect,1.4137931034482758,lra_q
NetworkRewiring_Test,21,216,6,defect,1.0,lra_q
NetworkRewiring_Test,21,216,7,cooperate,0.0,lra_q
NetworkRewiring_Test,21,216,8,cooperate,0.10344827586206896,lra_q
NetworkRewiring_Test,21,216,9,defect,1.1379310344827587,lra_q
NetworkRewiring_Test,21,216,10,defect,1.2758620689655173,lra_q
NetworkRewiring_Test,21,216,11,defect,1.1379310344827587,lra_q
NetworkRewiring_Test,21,216,12,defect,1.1379310344827587,lra_q
NetworkRewiring_Test,21,216,13,defect,1.0,lra_q
NetworkRewiring_Test,21,216,14,defect,1.2758620689655173,lra_q
NetworkRewiring_Test,21,216,15,cooperate,0.10344827586206896,tit_for_tat
NetworkRewiring_Test,21,216,16,defect,1.2758620689655173,tit_for_tat
NetworkRewiring_Test,21,216,17,cooperate,0.20689655172413793,tit_for_tat
NetworkRewiring_Test,21,216,18,defect,1.2758620689655173,tit_for_tat
NetworkRewiring_Test,21,216,19,defect,1.4137931034482758,tit_for_tat
NetworkRewiring_Test,21,216,20,cooperate,0.10344827586206896,tit_for_tat
NetworkRewiring_Test,21,216,21,cooperate,0.0,tit_for_tat
NetworkRewiring_Test,21,216,22,defect,1.4137931034482758,tit_for_tat
NetworkRewiring_Test,21,216,23,defect,1.0,tit_for_tat
NetworkRewiring_Test,21,216,24,defect,1.0,tit_for_tat
NetworkRewiring_Test,21,216,25,defect,1.4137931034482758,tit_for_tat
NetworkRewiring_Test,21,216,26,defect,1.0,tit_for_tat
NetworkRewiring_Test,21,216,27,cooperate,0.20689655172413793,tit_for_tat
NetworkRewiring_Test,21,216,28,cooperate,0.20689655172413793,tit_for_tat
NetworkRewiring_Test,21,216,29,cooperate,0.3103448275862069,tit_for_tat
NetworkRewiring_Test,21,217,0,defect,1.4137931034482758,lra_q
NetworkRewiring_Test,21,217,1,cooperate,0.10344827586206896,lra_q
NetworkRewiring_Test,21,217,2,defect,1.2758620689655173,lra_q
NetworkRewiring_Test,21,217,3,cooperate,0.20689655172413793,lra_q
NetworkRewiring_Test,21,217,4,cooperate,0.10344827586206896,lra_q
NetworkRewiring_Test,21,217,5,defect,1.5517241379310345,lra_q
NetworkRewiring_Test,21,217,6,defect,1.2758620689655173,lra_q
NetworkRewiring_Test,21,217,7,cooperate,0.10344827586206896,lra_q
NetworkRewiring_Test,21,217,8,cooperate,0.20689655172413793,lra_q
NetworkRewiring_Test,21,217,9,cooperate,0.20689655172413793,lra_q
NetworkRewiring_Test,21,217,10,cooperate,0.41379310344827586,lra_q
NetworkRewiring_Test,21,217,11,defect,1.1379310344827587,lra_q
NetworkRewiring_Test,21,217,12,defect,1.0,lra_q
NetworkRewiring_Test,21,217,13,defect,1.0,lra_q
NetworkRewiring_Test,21,217,14,defect,1.0,lra_q
NetworkRewiring_Test,21,217,15,defect,1.0,tit_for_tat
NetworkRewiring_Test,21,217,16,defect,1.1379310344827587,tit_for_tat
NetworkRewiring_Test,21,217,17,defect,1.4137931034482758,tit_for_tat
NetworkRewiring_Test,21,217,18,cooperate,0.20689655172413793,tit_for_tat
NetworkRewiring_Test,21,217,19,cooperate,0.20689655172413793,tit_for_tat
NetworkRewiring_Test,21,217,20,cooperate,0.20689655172413793,tit_for_tat
NetworkRewiring_Test,21,217,21,defect,1.1379310344827587,tit_for_tat
NetworkRewiring_Test,21,217,22,defect,1.2758620689655173,tit_for_tat
NetworkRewiring_Test,21,217,23,defect,1.0,tit_for_tat
NetworkRewiring_Test,21,217,24,defect,1.0,tit_for_tat
NetworkRewiring_Test,21,217,25,cooperate,0.41379310344827586,tit_for_tat
NetworkRewiring_Test,21,217,26,defect,1.1379310344827587,tit_for_tat
NetworkRewiring_Test,21,217,27,defect,1.4137931034482758,tit_for_tat
NetworkRewiring_Test,21,217,28,cooperate,0.20689655172413793,tit_for_tat
NetworkRewiring_Test,21,217,29,cooperate,0.3103448275862069,tit_for_tat
NetworkRewiring_Test,21,218,0,defect,1.0,lra_q
NetworkRewiring_Test,21,218,1,defect,1.0,lra_q
NetworkRewiring_Test,21,218,2,defect,1.1379310344827587,lra_q
NetworkRewiring_Test,21,218,3,defect,1.0,lra_q
NetworkRewiring_Test,21,218,4,cooperate,0.0,lra_q
NetworkRewiring_Test,21,218,5,defect,1.2758620689655173,lra_q
NetworkRewiring_Test,21,218,6,defect,1.0,lra_q
NetworkRewiring_Test,21,218,7,defect,1.0,lra_q
NetworkRewiring_Test,21,218,8,defect,1.0,lra_q
NetworkRewiring_Test,21,218,9,defect,1.0,lra_q
NetworkRewiring_Test,21,218,10,defect,1.0,lra_q
NetworkRewiring_Test,21,218,11,defect,1.1379310344827587,lra_q
NetworkRewiring_Test,21,218,12,cooperate,0.0,lra_q
NetworkRewiring_Test,21,218,13,defect,1.1379310344827587,lra_q
NetworkRewiring_Test,21,218,14,cooperate,0.10344827586206896,lra_q
NetworkRewiring_Test,21,218,15,defect,1.4137931034482758,tit_for_tat
NetworkRewiring_Test,21,218,16,defect,1.1379310344827587,tit_for_tat
NetworkRewiring_Test,21,218,17,cooperate,0.10344827586206896,tit_for_tat
NetworkRewiring_Test,21,218,18,defect,1.1379310344827587,tit_for_tat
NetworkRewiring_Test,21,218,19,defect,1.2758620689655173,tit_for_tat
NetworkRewiring_Test,21,218,20,defect,1.1379310344827587,tit_for_tat
NetworkRewiring_Test,21,218,21,defect,1.0,tit_for_tat
NetworkRewiring_Test,21,218,22,defect,1.0,tit_for_tat
NetworkRewiring_Test,21,218,23,defect,1.0,tit_for_tat
NetworkRewiring_Test,21,218,24,defect,1.1379310344827587,tit_for_tat
NetworkRewiring_Test,21,218,25,defect,1.1379310344827587,tit_for_tat
NetworkRewiring_Test,21,218,26,cooperate,0.0,tit_for_tat
NetworkRewiring_Test,21,218,27,defect,1.0,tit_for_tat
NetworkRewiring_Test,21,218,28,defect,1.0,tit_for_tat
NetworkRewiring_Test,21,218,29,defect,1.0,tit_for_tat
NetworkRewiring_Test,21,219,0,cooperate,0.0,lra_q
NetworkRewiring_Test,21,219,1,cooperate,0.10344827586206896,lra_q
NetworkRewiring_Test,21,219,2,cooperate,0.10344827586206896,lra_q
NetworkRewiring_Test,21,219,3,defect,1.1379310344827587,lra_q
NetworkRewiring_Test,21,219,4,cooperate,0.0,lra_q
NetworkRewiring_Test,21,219,5,defect,1.5517241379310345,lra_q
NetworkRewiring_Test,21,219,6,defect,1.0,lra_q
NetworkRewiring_Test,21,219,7,cooperate,0.10344827586206896,lra_q
NetworkRewiring_Test,21,219,8,defect,1.2758620689655173,lra_q
NetworkRewiring_Test,21,219,9,cooperate,0.20689655172413793,lra_q
NetworkRewiring_Test,21,219,10,cooperate,0.10344827586206896,lra_q
NetworkRewiring_Test,21,219,11,defect,1.4137931034482758,lra_q
NetworkRewiring_Test,21,219,12,cooperate,0.0,lra_q
NetworkRewiring_Test,21,219,13,defect,1.0,lra_q
NetworkRewiring_Test,21,219,14,defect,1.0,lra_q
NetworkRewiring_Test,21,219,15,defect,1.2758620689655173,tit_for_tat
NetworkRewiring_Test,21,219,16,defect,1.2758620689655173,tit_for_tat
NetworkRewiring_Test,21,219,17,defect,1.2758620689655173,tit_for_tat
NetworkRewiring_Test,21,219,18,cooperate,0.10344827586206896,tit_for_tat
NetworkRewiring_Test,21,219,19,defect,1.2758620689655173,tit_for_tat
NetworkRewiring_Test,21,219,20,cooperate,0.10344827586206896,tit_for_tat
NetworkRewiring_Test,21,219,21,defect,1.0,tit_for_tat
NetworkRewiring_Test,21,219,22,defect,1.4137931034482758,tit_for_tat
NetworkRewiring_Test,21,219,23,defect,1.1379310344827587,tit_for_tat
NetworkRewiring_Test,21,219,24,defect,1.0,tit_for_tat
NetworkRewiring_Test,21,219,25,defect,1.4137931034482758,tit_for_tat
NetworkRewiring_Test,21,219,26,defect,1.1379310344827587,tit_for_tat
NetworkRewiring_Test,21,219,27,defect,1.0,tit_for_tat
NetworkRewiring_Test,21,219,28,defect,1.2758620689655173,tit_for_tat
NetworkRewiring_Test,21,219,29,defect,1.1379310344827587,tit_for_tat
NetworkRewiring_Test,21,220,0,cooperate,0.3103448275862069,lra_q
NetworkRewiring_Test,21,220,1,cooperate,0.10344827586206896,lra_q
NetworkRewiring_Test,21,220,2,cooperate,0.20689655172413793,lra_q
NetworkRewiring_Test,21,220,3,defect,1.2758620689655173,lra_q
NetworkRewiring_Test,21,220,4,cooperate,0.10344827586206896,lra_q
NetworkRewiring_Test,21,220,5,defect,1.5517241379310345,lra_q
NetworkRewiring_Test,21,220,6,defect,1.2758620689655173,lra_q
NetworkRewiring_Test,21,220,7,defect,1.0,lra_q
NetworkRewiring_Test,21,220,8,defect,1.2758620689655173,lra_q
NetworkRewiring_Test,21,220,9,defect,1.1379310344827587,lra_q
NetworkRewiring_Test,21,220,10,cooperate,0.20689655172413793,lra_q
NetworkRewiring_Test,21,220,11,defect,1.2758620689655173,lra_q
NetworkRewiring_Test,21,220,12,cooperate,0.10344827586206896,lra_q
NetworkRewiring_Test,21,220,13,defect,1.1379310344827587,lra_q
NetworkRewiring_Test,21,220,14,cooperate,0.20689655172413793,lra_q
NetworkRewiring_Test,21,220,15,cooperate,0.5172413793103449,tit_for_tat
NetworkRewiring_Test,21,220,16,cooperate,0.3103448275862069,tit_for_tat
NetworkRewiring_Test,21,220,17,cooperate,0.41379310344827586,tit_for_tat
NetworkRewiring_Test,21,220,18,defect,1.4137931034482758,tit_for_tat
NetworkRewiring_Test,21,220,19,cooperate,0.10344827586206896,tit_for_tat
NetworkRewiring_Test,21,220,20,defect,1.2758620689655173,tit_for_tat
NetworkRewiring_Test,21,220,21,defect,1.1379310344827587,tit_for_tat
NetworkRewiring_Test,21,220,22,defect,1.4137931034482758,tit_for_tat
NetworkRewiring_Test,21,220,23,defect,1.1379310344827587,tit_for_tat
NetworkRewiring_Test,21,220,24,defect,1.0,tit_for_tat
NetworkRewiring_Test,21,220,25,cooperate,0.3103448275862069,tit_for_tat
NetworkRewiring_Test,21,220,26,defect,1.2758620689655173,tit_for_tat
NetworkRewiring_Test,21,220,27,defect,1.2758620689655173,tit_for_tat
NetworkRewiring_Test,21,220,28,cooperate,0.20689655172413793,tit_for_tat
NetworkRewiring_Test,21,220,29,defect,1.4137931034482758,tit_for_tat
NetworkRewiring_Test,21,221,0,defect,1.1379310344827587,lra_q
NetworkRewiring_Test,21,221,1,cooperate,0.0,lra_q
NetworkRewiring_Test,21,221,2,defect,1.6896551724137931,lra_q
NetworkRewiring_Test,21,221,3,defect,1.2758620689655173,lra_q
NetworkRewiring_Test,21,221,4,defect,1.1379310344827587,lra_q
NetworkRewiring_Test,21,221,5,defect,1.2758620689655173,lra_q
NetworkRewiring_Test,21,221,6,defect,1.0,lra_q
NetworkRewiring_Test,21,221,7,cooperate,0.10344827586206896,lra_q
NetworkRewiring_Test,21,221,8,defect,1.2758620689655173,lra_q
NetworkRewiring_Test,21,221,9,cooperate,0.3103448275862069,lra_q
NetworkRewiring_Test,21,221,10,cooperate,0.20689655172413793,lra_q
NetworkRewiring_Test,21,221,11,cooperate,0.20689655172413793,lra_q
NetworkRewiring_Test,21,221,12,defect,1.1379310344827587,lra_q
NetworkRewiring_Test,21,221,13,defect,1.0,lra_q
NetworkRewiring_Test,21,221,14,defect,1.1379310344827587,lra_q
NetworkRewiring_Test,21,221,15,defect,1.1379310344827587,tit_for_tat
NetworkRewiring_Test,21,221,16,defect,1.1379310344827587,tit_for_tat
NetworkRewiring_Test,21,221,17,cooperate,0.0,tit_for_tat
NetworkRewiring_Test,21,221,18,defect,1.1379310344827587,tit_for_tat
NetworkRewiring_Test,21,221,19,defect,1.4137931034482758,tit_for_tat
NetworkRewiring_Test,21,221,20,defect,1.1379310344827587,tit_for_tat
NetworkRewiring_Test,21,221,21,cooperate,0.0,tit_for_tat
NetworkRewiring_Test,21,221,22,defect,1.2758620689655173,tit_for_tat
NetworkRewiring_Test,21,221,23,cooperate,0.0,tit_for_tat
NetworkRewiring_Test,21,221,24,defect,1.2758620689655173,tit_for_tat
NetworkRewiring_Test,21,221,25,cooperate,0.3103448275862069,tit_for_tat
NetworkRewiring_Test,21,221,26,cooperate,0.0,tit_for_tat
NetworkRewiring_Test,21,221,27,cooperate,0.3103448275862069,tit_for_tat
NetworkRewiring_Test,21,221,28,defect,1.4137931034482758,tit_for_tat
NetworkRewiring_Test,21,221,29,cooperate,0.20689655172413793,tit_for_tat
NetworkRewiring_Test,21,222,0,cooperate,0.20689655172413793,lra_q
NetworkRewiring_Test,21,222,1,cooperate,0.0,lra_q
NetworkRewiring_Test,21,222,2,defect,1.2758620689655173,lra_q
NetworkRewiring_Test,21,222,3,defect,1.2758620689655173,lra_q
NetworkRewiring_Test,21,222,4,cooperate,0.10344827586206896,lra_q
NetworkRewiring_Test,21,222,5,defect,1.2758620689655173,lra_q
NetworkRewiring_Test,21,222,6,defect,1.0,lra_q
NetworkRewiring_Test,21,222,7,defect,1.1379310344827587,lra_q
NetworkRewiring_Test,21,222,8,defect,1.2758620689655173,lra_q
NetworkRewiring_Test,21,222,9,cooperate,0.20689655172413793,lra_q
NetworkRewiring_Test,21,222,10,cooperate,0.3103448275862069,lra_q
NetworkRewiring_Test,21,222,11,cooperate,0.20689655172413793,lra_q
NetworkRewiring_Test,21,222,12,defect,1.1379310344827587,lra_q
NetworkRewiring_Test,21,222,13,defect,1.0,lra_q
NetworkRewiring_Test,21,222,14,defect,1.0,lra_q
NetworkRewiring_Test,21,222,15,defect,1.2758620689655173,tit_for_tat
NetworkRewiring_Test,21,222,16,defect,1.0,tit_for_tat
NetworkRewiring_Test,21,222,17,defect,1.0,tit_for_tat
NetworkRewiring_Test,21,222,18,defect,1.0,tit_for_tat
NetworkRewiring_Test,21,222,19,defect,1.0,tit_for_tat
NetworkRewiring_Test,21,222,20,defect,1.1379310344827587,tit_for_tat
NetworkRewiring_Test,21,222,21,defect,1.1379310344827587,tit_for_tat
NetworkRewiring_Test,21,222,22,cooperate,0.20689655172413793,tit_for_tat
NetworkRewiring_Test,21,222,23,defect,1.1379310344827587,tit_for_tat
NetworkRewiring_Test,21,222,24,cooperate,0.0,tit_for_tat
NetworkRewiring_Test,21,222,25,cooperate,0.41379310344827586,tit_for_tat
NetworkRewiring_Test,21,222,26,defect,1.1379310344827587,tit_for_tat
NetworkRewiring_Test,21,222,27,cooperate,0.20689655172413793,tit_for_tat
NetworkRewiring_Test,21,222,28,defect,1.4137931034482758,tit_for_tat
NetworkRewiring_Test,21,222,29,defect,1.2758620689655173,tit_for_tat
NetworkRewiring_Test,21,223,0,defect,1.5517241379310345,lra_q
NetworkRewiring_Test,21,223,1,cooperate,0.0,lra_q
NetworkRewiring_Test,21,223,2,defect,1.5517241379310345,lra_q
NetworkRewiring_Test,21,223,3,defect,1.2758620689655173,lra_q
NetworkRewiring_Test,21,223,4,defect,1.1379310344827587,lra_q
NetworkRewiring_Test,21,223,5,defect,1.1379310344827587,lra_q
NetworkRewiring_Test,21,223,6,defect,1.0,lra_q
NetworkRewiring_Test,21,223,7,defect,1.0,lra_q
NetworkRewiring_Test,21,223,8,defect,1.1379310344827587,lra_q
NetworkRewiring_Test,21,223,9,defect,1.1379310344827587,lra_q
NetworkRewiring_Test,21,223,10,defect,1.4137931034482758,lra_q
NetworkRewiring_Test,21,223,11,cooperate,0.0,lra_q
NetworkRewiring_Test,21,223,12,defect,1.2758620689655173,lra_q
NetworkRewiring_Test,21,223,13,defect,1.1379310344827587,lra_q
NetworkRewiring_Test,21,223,14,cooperate,0.10344827586206896,lra_q
NetworkRewiring_Test,21,223,15,cooperate,0.20689655172413793,tit_for_tat
NetworkRewiring_Test,21,223,16,defect,1.1379310344827587,tit_for_tat
NetworkRewiring_Test,21,223,17,defect,1.2758620689655173,tit_for_tat
NetworkRewiring_Test,21,223,18,defect,1.0,tit_for_tat
NetworkRewiring_Test,21,223,19,defect,1.1379310344827587,tit_for_tat
NetworkRewiring_Test,21,223,20,defect,1.1379310344827587,tit_for_tat
NetworkRewiring_Test,21,223,21,cooperate,0.10344827586206896,tit_for_tat
NetworkRewiring_Test,21,223,22,cooperate,0.20689655172413793,tit_for_tat
NetworkRewiring_Test,21,223,23,cooperate,0.0,tit_for_tat
NetworkRewiring_Test,21,223,24,defect,1.1379310344827587,tit_for_tat
NetworkRewiring_Test,21,223,25,cooperate,0.10344827586206896,tit_for_tat
NetworkRewiring_Test,21,223,26,defect,1.0,tit_for_tat
NetworkRewiring_Test,21,223,27,defect,1.5517241379310345,tit_for_tat
NetworkRewiring_Test,21,223,28,cooperate,0.10344827586206896,tit_for_tat
NetworkRewiring_Test,21,223,29,cooperate,0.20689655172413793,tit_for_tat
NetworkRewiring_Test,21,224,0,defect,1.4137931034482758,lra_q
NetworkRewiring_Test,21,224,1,cooperate,0.0,lra_q
NetworkRewiring_Test,21,224,2,defect,1.2758620689655173,lra_q
NetworkRewiring_Test,21,224,3,defect,1.2758620689655173,lra_q
NetworkRewiring_Test,21,224,4,defect,1.2758620689655173,lra_q
NetworkRewiring_Test,21,224,5,cooperate,0.10344827586206896,lra_q
NetworkRewiring_Test,21,224,6,defect,1.1379310344827587,lra_q
NetworkRewiring_Test,21,224,7,cooperate,0.20689655172413793,lra_q
NetworkRewiring_Test,21,224,8,defect,1.1379310344827587,lra_q
NetworkRewiring_Test,21,224,9,cooperate,0.10344827586206896,lra_q
NetworkRewiring_Test,21,224,10,defect,1.5517241379310345,lra_q
NetworkRewiring_Test,21,224,11,defect,1.2758620689655173,lra_q
NetworkRewiring_Test,21,224,12,defect,1.2758620689655173,lra_q
NetworkRewiring_Test,21,224,13,defect,1.0,lra_q
NetworkRewiring_Test,21,224,14,defect,1.1379310344827587,lra_q
NetworkRewiring_Test,21,224,15,cooperate,0.10344827586206896,tit_for_tat
NetworkRewiring_Test,21,224,16,defect,1.1379310344827587,tit_for_tat
NetworkRewiring_Test,21,224,17,defect,1.1379310344827587,tit_for_tat
NetworkRewiring_Test,21,224,18,defect,1.0,tit_for_tat
NetworkRewiring_Test,21,224,19,defect,1.1379310344827587,tit_for_tat
NetworkRewiring_Test,21,224,20,defect,1.1379310344827587,tit_for_tat
NetworkRewiring_Test,21,224,21,cooperate,0.10344827586206896,tit_for_tat
NetworkRewiring_Test,21,224,22,cooperate,0.20689655172413793,tit_for_tat
NetworkRewiring_Test,21,224,23,defect,1.0,tit_for_tat
NetworkRewiring_Test,21,224,24,defect,1.0,tit_for_tat
NetworkRewiring_Test,21,224,25,cooperate,0.20689655172413793,tit_for_tat
NetworkRewiring_Test,21,224,26,defect,1.0,tit_for_tat
NetworkRewiring_Test,21,224,27,cooperate,0.20689655172413793,tit_for_tat
NetworkRewiring_Test,21,224,28,defect,1.4137931034482758,tit_for_tat
NetworkRewiring_Test,21,224,29,cooperate,0.20689655172413793,tit_for_tat
NetworkRewiring_Test,21,225,0,defect,1.4137931034482758,lra_q
NetworkRewiring_Test,21,225,1,cooperate,0.0,lra_q
NetworkRewiring_Test,21,225,2,defect,1.2758620689655173,lra_q
NetworkRewiring_Test,21,225,3,defect,1.2758620689655173,lra_q
NetworkRewiring_Test,21,225,4,defect,1.2758620689655173,lra_q
NetworkRewiring_Test,21,225,5,cooperate,0.10344827586206896,lra_q
NetworkRewiring_Test,21,225,6,defect,1.1379310344827587,lra_q
NetworkRewiring_Test,21,225,7,defect,1.2758620689655173,lra_q
NetworkRewiring_Test,21,225,8,defect,1.0,lra_q
NetworkRewiring_Test,21,225,9,cooperate,0.10344827586206896,lra_q
NetworkRewiring_Test,21,225,10,defect,1.6896551724137931,lra_q
NetworkRewiring_Test,21,225,11,cooperate,0.10344827586206896,lra_q
NetworkRewiring_Test,21,225,12,defect,1.2758620689655173,lra_q
NetworkRewiring_Test,21,225,13,defect,1.0,lra_q
NetworkRewiring_Test,21,225,14,defect,1.0,lra_q
NetworkRewiring_Test,21,225,15,defect,1.1379310344827587,tit_for_tat
NetworkRewiring_Test,21,225,16,defect,1.0,tit_for_tat
NetworkRewiring_Test,21,225,17,defect,1.0,tit_for_tat
NetworkRewiring_Test,21,225,18,defect,1.0,tit_for_tat
NetworkRewiring_Test,21,225,19,defect,1.0,tit_for_tat
NetworkRewiring_Test,21,225,20,defect,1.1379310344827587,tit_for_tat
NetworkRewiring_Test,21,225,21,defect,1.1379310344827587,tit_for_tat
NetworkRewiring_Test,21,225,22,cooperate,0.0,tit_for_tat
NetworkRewiring_Test,21,225,23,defect,1.0,tit_for_tat
NetworkRewiring_Test,21,225,24,defect,1.0,tit_for_tat
NetworkRewiring_Test,21,225,25,cooperate,0.0,tit_for_tat
NetworkRewiring_Test,21,225,26,defect,1.0,tit_for_tat
NetworkRewiring_Test,21,225,27,defect,1.4137931034482758,tit_for_tat
NetworkRewiring_Test,21,225,28,cooperate,0.10344827586206896,tit_for_tat
NetworkRewiring_Test,21,225,29,defect,1.2758620689655173,tit_for_tat
NetworkRewiring_Test,21,226,0,defect,1.1379310344827587,lra_q
NetworkRewiring_Test,21,226,1,cooperate,0.10344827586206896,lra_q
NetworkRewiring_Test,21,226,2,cooperate,0.10344827586206896,lra_q
NetworkRewiring_Test,21,226,3,defect,1.1379310344827587,lra_q
NetworkRewiring_Test,21,226,4,defect,1.1379310344827587,lra_q
NetworkRewiring_Test,21,226,5,cooperate,0.10344827586206896,lra_q
NetworkRewiring_Test,21,226,6,defect,1.1379310344827587,lra_q
NetworkRewiring_Test,21,226,7,defect,1.2758620689655173,lra_q
NetworkRewiring_Test,21,226,8,defect,1.1379310344827587,lra_q
NetworkRewiring_Test,21,226,9,cooperate,0.10344827586206896,lra_q
NetworkRewiring_Test,21,226,10,cooperate,0.20689655172413793,lra_q
NetworkRewiring_Test,21,226,11,defect,1.4137931034482758,lra_q
NetworkRewiring_Test,21,226,12,defect,1.2758620689655173,lra_q
NetworkRewiring_Test,21,226,13,defect,1.1379310344827587,lra_q
NetworkRewiring_Test,21,226,14,cooperate,0.10344827586206896,lra_q
NetworkRewiring_Test,21,226,15,cooperate,0.10344827586206896,tit_for_tat
NetworkRewiring_Test,21,226,16,defect,1.2758620689655173,tit_for_tat
NetworkRewiring_Test,21,226,17,defect,1.4137931034482758,tit_for_tat
NetworkRewiring_Test,21,226,18,defect,1.1379310344827587,tit_for_tat
NetworkRewiring_Test,21,226,19,defect,1.1379310344827587,tit_for_tat
NetworkRewiring_Test,21,226,20,cooperate,0.0,tit_for_tat
NetworkRewiring_Test,21,226,21,defect,1.0,tit_for_tat
NetworkRewiring_Test,21,226,22,defect,1.4137931034482758,tit_for_tat
NetworkRewiring_Test,21,226,23,defect,1.1379310344827587,tit_for_tat
NetworkRewiring_Test,21,226,24,defect,1.0,tit_for_tat
NetworkRewiring_Test,21,226,25,defect,1.2758620689655173,tit_for_tat
NetworkRewiring_Test,21,226,26,defect,1.1379310344827587,tit_for_tat
NetworkRewiring_Test,21,226,27,cooperate,0.0,tit_for_tat
NetworkRewiring_Test,21,226,28,defect,1.4137931034482758,tit_for_tat
NetworkRewiring_Test,21,226,29,defect,1.2758620689655173,tit_for_tat
NetworkRewiring_Test,21,227,0,cooperate,0.20689655172413793,lra_q
NetworkRewiring_Test,21,227,1,cooperate,0.10344827586206896,lra_q
NetworkRewiring_Test,21,227,2,cooperate,0.41379310344827586,lra_q
NetworkRewiring_Test,21,227,3,defect,1.1379310344827587,lra_q
NetworkRewiring_Test,21,227,4,defect,1.1379310344827587,lra_q
NetworkRewiring_Test,21,227,5,cooperate,0.20689655172413793,lra_q
NetworkRewiring_Test,21,227,6,defect,1.4137931034482758,lra_q
NetworkRewiring_Test,21,227,7,defect,1.2758620689655173,lra_q
NetworkRewiring_Test,21,227,8,defect,1.2758620689655173,lra_q
NetworkRewiring_Test,21,227,9,cooperate,0.10344827586206896,lra_q
NetworkRewiring_Test,21,227,10,cooperate,0.41379310344827586,lra_q
NetworkRewiring_Test,21,227,11,defect,1.2758620689655173,lra_q
NetworkRewiring_Test,21,227,12,defect,1.1379310344827587,lra_q
NetworkRewiring_Test,21,227,13,defect,1.0,lra_q
NetworkRewiring_Test,21,227,14,defect,1.1379310344827587,lra_q
NetworkRewiring_Test,21,227,15,defect,1.5517241379310345,tit_for_tat
NetworkRewiring_Test,21,227,16,cooperate,0.3103448275862069,tit_for_tat
NetworkRewiring_Test,21,227,17,cooperate,0.3103448275862069,tit_for_tat
NetworkRewiring_Test,21,227,18,cooperate,0.3103448275862069,tit_for_tat
NetworkRewiring_Test,21,227,19,cooperate,0.3103448275862069,tit_for_tat
NetworkRewiring_Test,21,227,20,defect,1.5517241379310345,tit_for_tat
NetworkRewiring_Test,21,227,21,defect,1.2758620689655173,tit_for_tat
NetworkRewiring_Test,21,227,22,cooperate,0.20689655172413793,tit_for_tat
NetworkRewiring_Test,21,227,23,cooperate,0.10344827586206896,tit_for_tat
NetworkRewiring_Test,21,227,24,defect,1.2758620689655173,tit_for_tat
NetworkRewiring_Test,21,227,25,defect,1.2758620689655173,tit_for_tat
NetworkRewiring_Test,21,227,26,cooperate,0.20689655172413793,tit_for_tat
NetworkRewiring_Test,21,227,27,defect,1.1379310344827587,tit_for_tat
NetworkRewiring_Test,21,227,28,cooperate,0.3103448275862069,tit_for_tat
NetworkRewiring_Test,21,227,29,defect,1.2758620689655173,tit_for_tat
NetworkRewiring_Test,21,228,0,cooperate,0.20689655172413793,lra_q
NetworkRewiring_Test,21,228,1,cooperate,0.0,lra_q
NetworkRewiring_Test,21,228,2,defect,1.5517241379310345,lra_q
NetworkRewiring_Test,21,228,3,defect,1.2758620689655173,lra_q
NetworkRewiring_Test,21,228,4,defect,1.0,lra_q
NetworkRewiring_Test,21,228,5,defect,1.4137931034482758,lra_q
NetworkRewiring_Test,21,228,6,cooperate,0.20689655172413793,lra_q
NetworkRewiring_Test,21,228,7,cooperate,0.0,lra_q
NetworkRewiring_Test,21,228,8,defect,1.1379310344827587,lra_q
NetworkRewiring_Test,21,228,9,defect,1.2758620689655173,lra_q
NetworkRewiring_Test,21,228,10,defect,1.1379310344827587,lra_q
NetworkRewiring_Test,21,228,11,cooperate,0.0,lra_q
NetworkRewiring_Test,21,228,12,defect,1.2758620689655173,lra_q
NetworkRewiring_Test,21,228,13,defect,1.1379310344827587,lra_q
NetworkRewiring_Test,21,228,14,defect,1.2758620689655173,lra_q
NetworkRewiring_Test,21,228,15,cooperate,0.3103448275862069,tit_for_tat
NetworkRewiring_Test,21,228,16,cooperate,0.41379310344827586,tit_for_tat
NetworkRewiring_Test,21,228,17,cooperate,0.5172413793103449,tit_for_tat
NetworkRewiring_Test,21,228,18,cooperate,0.41379310344827586,tit_for_tat
NetworkRewiring_Test,21,228,19,cooperate,0.5172413793103449,tit_for_tat
NetworkRewiring_Test,21,228,20,cooperate,0.3103448275862069,tit_for_tat
NetworkRewiring_Test,21,228,21,cooperate,0.10344827586206896,tit_for_tat
NetworkRewiring_Test,21,228,22,defect,1.5517241379310345,tit_for_tat
NetworkRewiring_Test,21,228,23,cooperate,0.10344827586206896,tit_for_tat
NetworkRewiring_Test,21,228,24,cooperate,0.10344827586206896,tit_for_tat
NetworkRewiring_Test,21,228,25,defect,1.1379310344827587,tit_for_tat
NetworkRewiring_Test,21,228,26,defect,1.2758620689655173,tit_for_tat
NetworkRewiring_Test,21,228,27,defect,1.2758620689655173,tit_for_tat
NetworkRewiring_Test,21,228,28,cooperate,0.10344827586206896,tit_for_tat
NetworkRewiring_Test,21,228,29,defect,1.1379310344827587,tit_for_tat
NetworkRewiring_Test,21,229,0,defect,1.2758620689655173,lra_q
NetworkRewiring_Test,21,229,1,cooperate,0.0,lra_q
NetworkRewiring_Test,21,229,2,defect,1.4137931034482758,lra_q
NetworkRewiring_Test,21,229,3,defect,1.1379310344827587,lra_q
NetworkRewiring_Test,21,229,4,cooperate,0.0,lra_q
NetworkRewiring_Test,21,229,5,defect,1.5517241379310345,lra_q
NetworkRewiring_Test,21,229,6,defect,1.1379310344827587,lra_q
NetworkRewiring_Test,21,229,7,cooperate,0.0,lra_q
NetworkRewiring_Test,21,229,8,defect,1.1379310344827587,lra_q
NetworkRewiring_Test,21,229,9,defect,1.2758620689655173,lra_q
NetworkRewiring_Test,21,229,10,cooperate,0.20689655172413793,lra_q
NetworkRewiring_Test,21,229,11,defect,1.1379310344827587,lra_q
NetworkRewiring_Test,21,229,12,defect,1.0,lra_q
NetworkRewiring_Test,21,229,13,defect,1.0,lra_q
NetworkRewiring_Test,21,229,14,defect,1.0,lra_q
NetworkRewiring_Test,21,229,15,defect,1.2758620689655173,tit_for_tat
NetworkRewiring_Test,21,229,16,cooperate,0.10344827586206896,tit_for_tat
NetworkRewiring_Test,21,229,17,defect,1.2758620689655173,tit_for_tat
NetworkRewiring_Test,21,229,18,cooperate,0.10344827586206896,tit_for_tat
NetworkRewiring_Test,21,229,19,defect,1.2758620689655173,tit_for_tat
NetworkRewiring_Test,21,229,20,defect,1.2758620689655173,tit_for_tat
NetworkRewiring_Test,21,229,21,defect,1.1379310344827587,tit_for_tat
NetworkRewiring_Test,21,229,22,cooperate,0.10344827586206896,tit_for_tat
NetworkRewiring_Test,21,229,23,defect,1.0,tit_for_tat
NetworkRewiring_Test,21,229,24,defect,1.1379310344827587,tit_for_tat
NetworkRewiring_Test,21,229,25,defect,1.4137931034482758,tit_for_tat
NetworkRewiring_Test,21,229,26,cooperate,0.0,tit_for_tat
NetworkRewiring_Test,21,229,27,cooperate,0.10344827586206896,tit_for_tat
NetworkRewiring_Test,21,229,28,cooperate,0.20689655172413793,tit_for_tat
NetworkRewiring_Test,21,229,29,defect,1.2758620689655173,tit_for_tat
NetworkRewiring_Test,21,230,0,defect,1.1379310344827587,lra_q
NetworkRewiring_Test,21,230,1,cooperate,0.10344827586206896,lra_q
NetworkRewiring_Test,21,230,2,cooperate,0.20689655172413793,lra_q
NetworkRewiring_Test,21,230,3,defect,1.1379310344827587,lra_q
NetworkRewiring_Test,21,230,4,cooperate,0.10344827586206896,lra_q
NetworkRewiring_Test,21,230,5,cooperate,0.3103448275862069,lra_q
NetworkRewiring_Test,21,230,6,defect,1.4137931034482758,lra_q
NetworkRewiring_Test,21,230,7,cooperate,0.10344827586206896,lra_q
NetworkRewiring_Test,21,230,8,defect,1.1379310344827587,lra_q
NetworkRewiring_Test,21,230,9,defect,1.2758620689655173,lra_q
NetworkRewiring_Test,21,230,10,cooperate,0.10344827586206896,lra_q
NetworkRewiring_Test,21,230,11,defect,1.1379310344827587,lra_q
NetworkRewiring_Test,21,230,12,defect,1.2758620689655173,lra_q
NetworkRewiring_Test,21,230,13,cooperate,0.10344827586206896,lra_q
NetworkRewiring_Test,21,230,14,cooperate,0.20689655172413793,lra_q
NetworkRewiring_Test,21,230,15,cooperate,0.20689655172413793,tit_for_tat
NetworkRewiring_Test,21,230,16,cooperate,0.20689655172413793,tit_for_tat
NetworkRewiring_Test,21,230,17,defect,1.5517241379310345,tit_for_tat
NetworkRewiring_Test,21,230,18,defect,1.2758620689655173,tit_for_tat
NetworkRewiring_Test,21,230,19,defect,1.2758620689655173,tit_for_tat
NetworkRewiring_Test,21,230,20,cooperate,0.0,tit_for_tat
NetworkRewiring_Test,21,230,21,cooperate,0.0,tit_for_tat
NetworkRewiring_Test,21,230,22,defect,1.5517241379310345,tit_for_tat
NetworkRewiring_Test,21,230,23,defect,1.2758620689655173,tit_for_tat
NetworkRewiring_Test,21,230,24,cooperate,0.0,tit_for_tat
NetworkRewiring_Test,21,230,25,defect,1.2758620689655173,tit_for_tat
NetworkRewiring_Test,21,230,26,defect,1.2758620689655173,tit_for_tat
NetworkRewiring_Test,21,230,27,defect,1.0,tit_for_tat
NetworkRewiring_Test,21,230,28,defect,1.2758620689655173,tit_for_tat
NetworkRewiring_Test,21,230,29,defect,1.1379310344827587,tit_for_tat
NetworkRewiring_Test,21,231,0,cooperate,0.3103448275862069,lra_q
NetworkRewiring_Test,21,231,1,defect,1.0,lra_q
NetworkRewiring_Test,21,231,2,defect,1.4137931034482758,lra_q
NetworkRewiring_Test,21,231,3,defect,1.2758620689655173,lra_q
NetworkRewiring_Test,21,231,4,defect,1.1379310344827587,lra_q
NetworkRewiring_Test,21,231,5,defect,1.4137931034482758,lra_q
NetworkRewiring_Test,21,231,6,cooperate,0.10344827586206896,lra_q
NetworkRewiring_Test,21,231,7,defect,1.0,lra_q
NetworkRewiring_Test,21,231,8,defect,1.2758620689655173,lra_q
NetworkRewiring_Test,21,231,9,defect,1.1379310344827587,lra_q
NetworkRewiring_Test,21,231,10,cooperate,0.3103448275862069,lra_q
NetworkRewiring_Test,21,231,11,defect,1.0,lra_q
NetworkRewiring_Test,21,231,12,defect,1.0,lra_q
NetworkRewiring_Test,21,231,13,defect,1.1379310344827587,lra_q
NetworkRewiring_Test,21,231,14,defect,1.1379310344827587,lra_q
NetworkRewiring_Test,21,231,15,defect,1.5517241379310345,tit_for_tat
NetworkRewiring_Test,21,231,16,cooperate,0.20689655172413793,tit_for_tat
NetworkRewiring_Test,21,231,17,cooperate,0.10344827586206896,tit_for_tat
NetworkRewiring_Test,21,231,18,defect,1.2758620689655173,tit_for_tat
NetworkRewiring_Test,21,231,19,defect,1.4137931034482758,tit_for_tat
NetworkRewiring_Test,21,231,20,defect,1.2758620689655173,tit_for_tat
NetworkRewiring_Test,21,231,21,defect,1.1379310344827587,tit_for_tat
NetworkRewiring_Test,21,231,22,cooperate,0.20689655172413793,tit_for_tat
NetworkRewiring_Test,21,231,23,cooperate,0.0,tit_for_tat
NetworkRewiring_Test,21,231,24,defect,1.2758620689655173,tit_for_tat
NetworkRewiring_Test,21,231,25,cooperate,0.20689655172413793,tit_for_tat
NetworkRewiring_Test,21,231,26,cooperate,0.0,tit_for_tat
NetworkRewiring_Test,21,231,27,defect,1.2758620689655173,tit_for_tat
NetworkRewiring_Test,21,231,28,cooperate,0.20689655172413793,tit_for_tat
NetworkRewiring_Test,21,231,29,defect,1.2758620689655173,tit_for_tat
NetworkRewiring_Test,21,232,0,defect,1.1379310344827587,lra_q
NetworkRewiring_Test,21,232,1,cooperate,0.10344827586206896,lra_q
NetworkRewiring_Test,21,232,2,cooperate,0.20689655172413793,lra_q
NetworkRewiring_Test,21,232,3,defect,1.1379310344827587,lra_q
NetworkRewiring_Test,21,232,4,defect,1.0,lra_q
NetworkRewiring_Test,21,232,5,defect,1.2758620689655173,lra_q
NetworkRewiring_Test,21,232,6,defect,1.1379310344827587,lra_q
NetworkRewiring_Test,21,232,7,cooperate,0.10344827586206896,lra_q
NetworkRewiring_Test,21,232,8,defect,1.0,lra_q
NetworkRewiring_Test,21,232,9,cooperate,0.10344827586206896,lra_q
NetworkRewiring_Test,21,232,10,defect,1.2758620689655173,lra_q
NetworkRewiring_Test,21,232,11,defect,1.4137931034482758,lra_q
NetworkRewiring_Test,21,232,12,cooperate,0.0,lra_q
NetworkRewiring_Test,21,232,13,defect,1.0,lra_q
NetworkRewiring_Test,21,232,14,defect,1.0,lra_q
NetworkRewiring_Test,21,232,15,defect,1.4137931034482758,tit_for_tat
NetworkRewiring_Test,21,232,16,cooperate,0.20689655172413793,tit_for_tat
NetworkRewiring_Test,21,232,17,defect,1.2758620689655173,tit_for_tat
NetworkRewiring_Test,21,232,18,cooperate,0.10344827586206896,tit_for_tat
NetworkRewiring_Test,21,232,19,defect,1.2758620689655173,tit_for_tat
NetworkRewiring_Test,21,232,20,defect,1.2758620689655173,tit_for_tat
NetworkRewiring_Test,21,232,21,cooperate,0.10344827586206896,tit_for_tat
NetworkRewiring_Test,21,232,22,cooperate,0.10344827586206896,tit_for_tat
NetworkRewiring_Test,21,232,23,defect,1.2758620689655173,tit_for_tat
NetworkRewiring_Test,21,232,24,cooperate,0.0,tit_for_tat
NetworkRewiring_Test,21,232,25,defect,1.0,tit_for_tat
NetworkRewiring_Test,21,232,26,defect,1.2758620689655173,tit_for_tat
NetworkRewiring_Test,21,232,27,defect,1.0,tit_for_tat
NetworkRewiring_Test,21,232,28,defect,1.0,tit_for_tat
NetworkRewiring_Test,21,232,29,defect,1.1379310344827587,tit_for_tat
NetworkRewiring_Test,21,233,0,cooperate,0.10344827586206896,lra_q
NetworkRewiring_Test,21,233,1,defect,1.0,lra_q
NetworkRewiring_Test,21,233,2,defect,1.4137931034482758,lra_q
NetworkRewiring_Test,21,233,3,defect,1.0,lra_q
NetworkRewiring_Test,21,233,4,cooperate,0.10344827586206896,lra_q
NetworkRewiring_Test,21,233,5,cooperate,0.3103448275862069,lra_q
NetworkRewiring_Test,21,233,6,defect,1.4137931034482758,lra_q
NetworkRewiring_Test,21,233,7,defect,1.2758620689655173,lra_q
NetworkRewiring_Test,21,233,8,defect,1.2758620689655173,lra_q
NetworkRewiring_Test,21,233,9,cooperate,0.10344827586206896,lra_q
NetworkRewiring_Test,21,233,10,cooperate,0.3103448275862069,lra_q
NetworkRewiring_Test,21,233,11,defect,1.2758620689655173,lra_q
NetworkRewiring_Test,21,233,12,cooperate,0.10344827586206896,lra_q
NetworkRewiring_Test,21,233,13,defect,1.1379310344827587,lra_q
NetworkRewiring_Test,21,233,14,cooperate,0.0,lra_q
NetworkRewiring_Test,21,233,15,defect,1.6896551724137931,tit_for_tat
NetworkRewiring_Test,21,233,16,cooperate,0.0,tit_for_tat
NetworkRewiring_Test,21,233,17,defect,1.5517241379310345,tit_for_tat
NetworkRewiring_Test,21,233,18,defect,1.4137931034482758,tit_for_tat
NetworkRewiring_Test,21,233,19,cooperate,0.20689655172413793,tit_for_tat
NetworkRewiring_Test,21,233,20,cooperate,0.20689655172413793,tit_for_tat
NetworkRewiring_Test,21,233,21,defect,1.2758620689655173,tit_for_tat
NetworkRewiring_Test,21,233,22,cooperate,0.3103448275862069,tit_for_tat
NetworkRewiring_Test,21,233,23,cooperate,0.0,tit_for_tat
NetworkRewiring_Test,21,233,24,defect,1.2758620689655173,tit_for_tat
NetworkRewiring_Test,21,233,25,defect,1.4137931034482758,tit_for_tat
NetworkRewiring_Test,21,233,26,cooperate,0.10344827586206896,tit_for_tat
NetworkRewiring_Test,21,233,27,defect,1.0,tit_for_tat
NetworkRewiring_Test,21,233,28,defect,1.4137931034482758,tit_for_tat
NetworkRewiring_Test,21,233,29,defect,1.0,tit_for_tat
NetworkRewiring_Test,21,234,0,cooperate,0.10344827586206896,lra_q
NetworkRewiring_Test,21,234,1,cooperate,0.10344827586206896,lra_q
NetworkRewiring_Test,21,234,2,cooperate,0.20689655172413793,lra_q
NetworkRewiring_Test,21,234,3,defect,1.4137931034482758,lra_q
NetworkRewiring_Test,21,234,4,defect,1.1379310344827587,lra_q
NetworkRewiring_Test,21,234,5,defect,1.2758620689655173,lra_q
NetworkRewiring_Test,21,234,6,cooperate,0.0,lra_q
NetworkRewiring_Test,21,234,7,defect,1.1379310344827587,lra_q
NetworkRewiring_Test,21,234,8,defect,1.2758620689655173,lra_q
NetworkRewiring_Test,21,234,9,cooperate,0.20689655172413793,lra_q
NetworkRewiring_Test,21,234,10,cooperate,0.20689655172413793,lra_q
NetworkRewiring_Test,21,234,11,cooperate,0.20689655172413793,lra_q
NetworkRewiring_Test,21,234,12,defect,1.1379310344827587,lra_q
NetworkRewiring_Test,21,234,13,defect,1.2758620689655173,lra_q
NetworkRewiring_Test,21,234,14,cooperate,0.10344827586206896,lra_q
NetworkRewiring_Test,21,234,15,defect,1.4137931034482758,tit_for_tat
NetworkRewiring_Test,21,234,16,defect,1.5517241379310345,tit_for_tat
NetworkRewiring_Test,21,234,17,cooperate,0.20689655172413793,tit_for_tat
NetworkRewiring_Test,21,234,18,cooperate,0.10344827586206896,tit_for_tat
NetworkRewiring_Test,21,234,19,defect,1.5517241379310345,tit_for_tat
NetworkRewiring_Test,21,234,20,defect,1.2758620689655173,tit_for_tat
NetworkRewiring_Test,21,234,21,cooperate,0.0,tit_for_tat
NetworkRewiring_Test,21,234,22,defect,1.4137931034482758,tit_for_tat
NetworkRewiring_Test,21,234,23,defect,1.2758620689655173,tit_for_tat
NetworkRewiring_Test,21,234,24,cooperate,0.0,tit_for_tat
NetworkRewiring_Test,21,234,25,cooperate,0.20689655172413793,tit_for_tat
NetworkRewiring_Test,21,234,26,defect,1.2758620689655173,tit_for_tat
NetworkRewiring_Test,21,234,27,defect,1.2758620689655173,tit_for_tat
NetworkRewiring_Test,21,234,28,defect,1.2758620689655173,tit_for_tat
NetworkRewiring_Test,21,234,29,defect,1.2758620689655173,tit_for_tat
NetworkRewiring_Test,21,235,0,cooperate,0.3103448275862069,lra_q
NetworkRewiring_Test,21,235,1,defect,1.1379310344827587,lra_q
NetworkRewiring_Test,21,235,2,defect,1.5517241379310345,lra_q
NetworkRewiring_Test,21,235,3,cooperate,0.10344827586206896,lra_q
NetworkRewiring_Test,21,235,4,defect,1.1379310344827587,lra_q
NetworkRewiring_Test,21,235,5,defect,1.1379310344827587,lra_q
NetworkRewiring_Test,21,235,6,defect,1.1379310344827587,lra_q
NetworkRewiring_Test,21,235,7,defect,1.0,lra_q
NetworkRewiring_Test,21,235,8,defect,1.2758620689655173,lra_q
NetworkRewiring_Test,21,235,9,defect,1.1379310344827587,lra_q
NetworkRewiring_Test,21,235,10,defect,1.2758620689655173,lra_q
NetworkRewiring_Test,21,235,11,cooperate,0.0,lra_q
NetworkRewiring_Test,21,235,12,defect,1.2758620689655173,lra_q
NetworkRewiring_Test,21,235,13,defect,1.0,lra_q
NetworkRewiring_Test,21,235,14,defect,1.2758620689655173,lra_q
NetworkRewiring_Test,21,235,15,cooperate,0.20689655172413793,tit_for_tat
NetworkRewiring_Test,21,235,16,defect,1.2758620689655173,tit_for_tat
NetworkRewiring_Test,21,235,17,cooperate,0.20689655172413793,tit_for_tat
NetworkRewiring_Test,21,235,18,defect,1.2758620689655173,tit_for_tat
NetworkRewiring_Test,21,235,19,defect,1.4137931034482758,tit_for_tat
NetworkRewiring_Test,21,235,20,cooperate,0.10344827586206896,tit_for_tat
NetworkRewiring_Test,21,235,21,defect,1.0,tit_for_tat
NetworkRewiring_Test,21,235,22,defect,1.4137931034482758,tit_for_tat
NetworkRewiring_Test,21,235,23,cooperate,0.0,tit_for_tat
NetworkRewiring_Test,21,235,24,defect,1.2758620689655173,tit_for_tat
NetworkRewiring_Test,21,235,25,cooperate,0.3103448275862069,tit_for_tat
NetworkRewiring_Test,21,235,26,cooperate,0.0,tit_for_tat
NetworkRewiring_Test,21,235,27,defect,1.5517241379310345,tit_for_tat
NetworkRewiring_Test,21,235,28,cooperate,0.20689655172413793,tit_for_tat
NetworkRewiring_Test,21,235,29,cooperate,0.20689655172413793,tit_for_tat
NetworkRewiring_Test,21,236,0,defect,1.2758620689655173,lra_q
NetworkRewiring_Test,21,236,1,defect,1.0,lra_q
NetworkRewiring_Test,21,236,2,defect,1.2758620689655173,lra_q
NetworkRewiring_Test,21,236,3,defect,1.0,lra_q
NetworkRewiring_Test,21,236,4,defect,1.1379310344827587,lra_q
NetworkRewiring_Test,21,236,5,cooperate,0.10344827586206896,lra_q
NetworkRewiring_Test,21,236,6,defect,1.4137931034482758,lra_q
NetworkRewiring_Test,21,236,7,cooperate,0.20689655172413793,lra_q
NetworkRewiring_Test,21,236,8,cooperate,0.10344827586206896,lra_q
NetworkRewiring_Test,21,236,9,cooperate,0.10344827586206896,lra_q
NetworkRewiring_Test,21,236,10,defect,1.4137931034482758,lra_q
NetworkRewiring_Test,21,236,11,defect,1.2758620689655173,lra_q
NetworkRewiring_Test,21,236,12,defect,1.2758620689655173,lra_q
NetworkRewiring_Test,21,236,13,defect,1.0,lra_q
NetworkRewiring_Test,21,236,14,defect,1.2758620689655173,lra_q
NetworkRewiring_Test,21,236,15,cooperate,0.20689655172413793,tit_for_tat
NetworkRewiring_Test,21,236,16,cooperate,0.3103448275862069,tit_for_tat
NetworkRewiring_Test,21,236,17,cooperate,0.41379310344827586,tit_for_tat
NetworkRewiring_Test,21,236,18,cooperate,0.3103448275862069,tit_for_tat
NetworkRewiring_Test,21,236,19,cooperate,0.20689655172413793,tit_for_tat
NetworkRewiring_Test,21,236,20,defect,1.4137931034482758,tit_for_tat
NetworkRewiring_Test,21,236,21,defect,1.1379310344827587,tit_for_tat
NetworkRewiring_Test,21,236,22,defect,1.1379310344827587,tit_for_tat
NetworkRewiring_Test,21,236,23,defect,1.1379310344827587,tit_for_tat
NetworkRewiring_Test,21,236,24,cooperate,0.0,tit_for_tat
NetworkRewiring_Test,21,236,25,defect,1.2758620689655173,tit_for_tat
NetworkRewiring_Test,21,236,26,defect,1.2758620689655173,tit_for_tat
NetworkRewiring_Test,21,236,27,cooperate,0.10344827586206896,tit_for_tat
NetworkRewiring_Test,21,236,28,defect,1.4137931034482758,tit_for_tat
NetworkRewiring_Test,21,236,29,cooperate,0.20689655172413793,tit_for_tat
NetworkRewiring_Test,21,237,0,defect,1.1379310344827587,lra_q
NetworkRewiring_Test,21,237,1,cooperate,0.0,lra_q
NetworkRewiring_Test,21,237,2,defect,1.5517241379310345,lra_q
NetworkRewiring_Test,21,237,3,defect,1.2758620689655173,lra_q
NetworkRewiring_Test,21,237,4,defect,1.1379310344827587,lra_q
NetworkRewiring_Test,21,237,5,cooperate,0.20689655172413793,lra_q
NetworkRewiring_Test,21,237,6,cooperate,0.20689655172413793,lra_q
NetworkRewiring_Test,21,237,7,cooperate,0.10344827586206896,lra_q
NetworkRewiring_Test,21,237,8,defect,1.0,lra_q
NetworkRewiring_Test,21,237,9,defect,1.2758620689655173,lra_q
NetworkRewiring_Test,21,237,10,defect,1.1379310344827587,lra_q
NetworkRewiring_Test,21,237,11,cooperate,0.0,lra_q
NetworkRewiring_Test,21,237,12,defect,1.4137931034482758,lra_q
NetworkRewiring_Test,21,237,13,defect,1.1379310344827587,lra_q
NetworkRewiring_Test,21,237,14,defect,1.2758620689655173,lra_q
NetworkRewiring_Test,21,237,15,cooperate,0.20689655172413793,tit_for_tat
NetworkRewiring_Test,21,237,16,cooperate,0.41379310344827586,tit_for_tat
NetworkRewiring_Test,21,237,17,cooperate,0.3103448275862069,tit_for_tat
NetworkRewiring_Test,21,237,18,cooperate,0.20689655172413793,tit_for_tat
NetworkRewiring_Test,21,237,19,defect,1.5517241379310345,tit_for_tat
NetworkRewiring_Test,21,237,20,defect,1.2758620689655173,tit_for_tat
NetworkRewiring_Test,21,237,21,defect,1.0,tit_for_tat
NetworkRewiring_Test,21,237,22,defect,1.1379310344827587,tit_for_tat
NetworkRewiring_Test,21,237,23,defect,1.0,tit_for_tat
NetworkRewiring_Test,21,237,24,defect,1.1379310344827587,tit_for_tat
NetworkRewiring_Test,21,237,25,defect,1.0,tit_for_tat
NetworkRewiring_Test,21,237,26,cooperate,0.0,tit_for_tat
NetworkRewiring_Test,21,237,27,defect,1.1379310344827587,tit_for_tat
NetworkRewiring_Test,21,237,28,defect,1.1379310344827587,tit_for_tat
NetworkRewiring_Test,21,237,29,defect,1.0,tit_for_tat
NetworkRewiring_Test,21,238,0,cooperate,0.20689655172413793,lra_q
NetworkRewiring_Test,21,238,1,cooperate,0.0,lra_q
NetworkRewiring_Test,21,238,2,defect,1.1379310344827587,lra_q
NetworkRewiring_Test,21,238,3,defect,1.1379310344827587,lra_q
NetworkRewiring_Test,21,238,4,defect,1.0,lra_q
NetworkRewiring_Test,21,238,5,defect,1.2758620689655173,lra_q
NetworkRewiring_Test,21,238,6,defect,1.2758620689655173,lra_q
NetworkRewiring_Test,21,238,7,defect,1.0,lra_q
NetworkRewiring_Test,21,238,8,defect,1.2758620689655173,lra_q
NetworkRewiring_Test,21,238,9,defect,1.1379310344827587,lra_q
NetworkRewiring_Test,21,238,10,cooperate,0.10344827586206896,lra_q
NetworkRewiring_Test,21,238,11,defect,1.1379310344827587,lra_q
NetworkRewiring_Test,21,238,12,cooperate,0.10344827586206896,lra_q
NetworkRewiring_Test,21,238,13,cooperate,0.0,lra_q
NetworkRewiring_Test,21,238,14,defect,1.4137931034482758,lra_q
NetworkRewiring_Test,21,238,15,cooperate,0.41379310344827586,tit_for_tat
NetworkRewiring_Test,21,238,16,defect,1.4137931034482758,tit_for_tat
NetworkRewiring_Test,21,238,17,cooperate,0.3103448275862069,tit_for_tat
NetworkRewiring_Test,21,238,18,cooperate,0.20689655172413793,tit_for_tat
NetworkRewiring_Test,21,238,19,cooperate,0.20689655172413793,tit_for_tat
NetworkRewiring_Test,21,238,20,defect,1.5517241379310345,tit_for_tat
NetworkRewiring_Test,21,238,21,defect,1.2758620689655173,tit_for_tat
NetworkRewiring_Test,21,238,22,cooperate,0.3103448275862069,tit_for_tat
NetworkRewiring_Test,21,238,23,defect,1.0,tit_for_tat
NetworkRewiring_Test,21,238,24,defect,1.0,tit_for_tat
NetworkRewiring_Test,21,238,25,defect,1.2758620689655173,tit_for_tat
NetworkRewiring_Test,21,238,26,defect,1.1379310344827587,tit_for_tat
NetworkRewiring_Test,21,238,27,defect,1.0,tit_for_tat
NetworkRewiring_Test,21,238,28,defect,1.2758620689655173,tit_for_tat
NetworkRewiring_Test,21,238,29,defect,1.0,tit_for_tat
NetworkRewiring_Test,21,239,0,defect,1.1379310344827587,lra_q
NetworkRewiring_Test,21,239,1,cooperate,0.10344827586206896,lra_q
NetworkRewiring_Test,21,239,2,cooperate,0.10344827586206896,lra_q
NetworkRewiring_Test,21,239,3,defect,1.1379310344827587,lra_q
NetworkRewiring_Test,21,239,4,cooperate,0.0,lra_q
NetworkRewiring_Test,21,239,5,defect,1.4137931034482758,lra_q
NetworkRewiring_Test,21,239,6,defect,1.0,lra_q
NetworkRewiring_Test,21,239,7,cooperate,0.10344827586206896,lra_q
NetworkRewiring_Test,21,239,8,defect,1.1379310344827587,lra_q
NetworkRewiring_Test,21,239,9,cooperate,0.20689655172413793,lra_q
NetworkRewiring_Test,21,239,10,cooperate,0.10344827586206896,lra_q
NetworkRewiring_Test,21,239,11,defect,1.2758620689655173,lra_q
NetworkRewiring_Test,21,239,12,defect,1.1379310344827587,lra_q
NetworkRewiring_Test,21,239,13,defect,1.1379310344827587,lra_q
NetworkRewiring_Test,21,239,14,cooperate,0.10344827586206896,lra_q
NetworkRewiring_Test,21,239,15,cooperate,0.10344827586206896,tit_for_tat
NetworkRewiring_Test,21,239,16,defect,1.2758620689655173,tit_for_tat
NetworkRewiring_Test,21,239,17,defect,1.4137931034482758,tit_for_tat
NetworkRewiring_Test,21,239,18,defect,1.1379310344827587,tit_for_tat
NetworkRewiring_Test,21,239,19,defect,1.2758620689655173,tit_for_tat
NetworkRewiring_Test,21,239,20,cooperate,0.0,tit_for_tat
NetworkRewiring_Test,21,239,21,cooperate,0.0,tit_for_tat
NetworkRewiring_Test,21,239,22,defect,1.5517241379310345,tit_for_tat
NetworkRewiring_Test,21,239,23,defect,1.1379310344827587,tit_for_tat
NetworkRewiring_Test,21,239,24,defect,1.0,tit_for_tat
NetworkRewiring_Test,21,239,25,defect,1.2758620689655173,tit_for_tat
NetworkRewiring_Test,21,239,26,defect,1.1379310344827587,tit_for_tat
NetworkRewiring_Test,21,239,27,defect,1.0,tit_for_tat
NetworkRewiring_Test,21,239,28,defect,1.1379310344827587,tit_for_tat
NetworkRewiring_Test,21,239,29,defect,1.1379310344827587,tit_for_tat
NetworkRewiring_Test,21,240,0,cooperate,0.0,lra_q
NetworkRewiring_Test,21,240,1,defect,1.1379310344827587,lra_q
NetworkRewiring_Test,21,240,2,cooperate,0.10344827586206896,lra_q
NetworkRewiring_Test,21,240,3,defect,1.0,lra_q
NetworkRewiring_Test,21,240,4,cooperate,0.0,lra_q
NetworkRewiring_Test,21,240,5,defect,1.2758620689655173,lra_q
NetworkRewiring_Test,21,240,6,defect,1.0,lra_q
NetworkRewiring_Test,21,240,7,defect,1.0,lra_q
NetworkRewiring_Test,21,240,8,defect,1.2758620689655173,lra_q
NetworkRewiring_Test,21,240,9,defect,1.2758620689655173,lra_q
NetworkRewiring_Test,21,240,10,cooperate,0.0,lra_q
NetworkRewiring_Test,21,240,11,cooperate,0.10344827586206896,lra_q
NetworkRewiring_Test,21,240,12,defect,1.1379310344827587,lra_q
NetworkRewiring_Test,21,240,13,defect,1.0,lra_q
NetworkRewiring_Test,21,240,14,defect,1.0,lra_q
NetworkRewiring_Test,21,240,15,defect,1.1379310344827587,tit_for_tat
NetworkRewiring_Test,21,240,16,defect,1.1379310344827587,tit_for_tat
NetworkRewiring_Test,21,240,17,defect,1.0,tit_for_tat
NetworkRewiring_Test,21,240,18,defect,1.0,tit_for_tat
NetworkRewiring_Test,21,240,19,defect,1.0,tit_for_tat
NetworkRewiring_Test,21,240,20,defect,1.0,tit_for_tat
NetworkRewiring_Test,21,240,21,defect,1.0,tit_for_tat
NetworkRewiring_Test,21,240,22,defect,1.2758620689655173,tit_for_tat
NetworkRewiring_Test,21,240,23,defect,1.1379310344827587,tit_for_tat
NetworkRewiring_Test,21,240,24,defect,1.0,tit_for_tat
NetworkRewiring_Test,21,240,25,defect,1.4137931034482758,tit_for_tat
NetworkRewiring_Test,21,240,26,defect,1.1379310344827587,tit_for_tat
NetworkRewiring_Test,21,240,27,defect,1.1379310344827587,tit_for_tat
NetworkRewiring_Test,21,240,28,defect,1.2758620689655173,tit_for_tat
NetworkRewiring_Test,21,240,29,defect,1.1379310344827587,tit_for_tat
NetworkRewiring_Test,21,241,0,cooperate,0.10344827586206896,lra_q
NetworkRewiring_Test,21,241,1,defect,1.1379310344827587,lra_q
NetworkRewiring_Test,21,241,2,cooperate,0.10344827586206896,lra_q
NetworkRewiring_Test,21,241,3,defect,1.0,lra_q
NetworkRewiring_Test,21,241,4,cooperate,0.0,lra_q
NetworkRewiring_Test,21,241,5,defect,1.5517241379310345,lra_q
NetworkRewiring_Test,21,241,6,defect,1.1379310344827587,lra_q
NetworkRewiring_Test,21,241,7,cooperate,0.0,lra_q
NetworkRewiring_Test,21,241,8,defect,1.4137931034482758,lra_q
NetworkRewiring_Test,21,241,9,defect,1.2758620689655173,lra_q
NetworkRewiring_Test,21,241,10,cooperate,0.10344827586206896,lra_q
NetworkRewiring_Test,21,241,11,defect,1.1379310344827587,lra_q
NetworkRewiring_Test,21,241,12,defect,1.0,lra_q
NetworkRewiring_Test,21,241,13,defect,1.1379310344827587,lra_q
NetworkRewiring_Test,21,241,14,cooperate,0.0,lra_q
NetworkRewiring_Test,21,241,15,defect,1.4137931034482758,tit_for_tat
NetworkRewiring_Test,21,241,16,cooperate,0.10344827586206896,tit_for_tat
NetworkRewiring_Test,21,241,17,defect,1.2758620689655173,tit_for_tat
NetworkRewiring_Test,21,241,18,defect,1.1379310344827587,tit_for_tat
NetworkRewiring_Test,21,241,19,defect,1.0,tit_for_tat
NetworkRewiring_Test,21,241,20,defect,1.0,tit_for_tat
NetworkRewiring_Test,21,241,21,defect,1.0,tit_for_tat
NetworkRewiring_Test,21,241,22,defect,1.2758620689655173,tit_for_tat
NetworkRewiring_Test,21,241,23,defect,1.1379310344827587,tit_for_tat
NetworkRewiring_Test,21,241,24,defect,1.0,tit_for_tat
NetworkRewiring_Test,21,241,25,defect,1.4137931034482758,tit_for_tat
NetworkRewiring_Test,21,241,26,defect,1.1379310344827587,tit_for_tat
NetworkRewiring_Test,21,241,27,defect,1.1379310344827587,tit_for_tat
NetworkRewiring_Test,21,241,28,cooperate,0.20689655172413793,tit_for_tat
NetworkRewiring_Test,21,241,29,defect,1.2758620689655173,tit_for_tat
NetworkRewiring_Test,21,242,0,cooperate,0.10344827586206896,lra_q
NetworkRewiring_Test,21,242,1,defect,1.1379310344827587,lra_q
NetworkRewiring_Test,21,242,2,cooperate,0.10344827586206896,lra_q
NetworkRewiring_Test,21,242,3,defect,1.1379310344827587,lra_q
NetworkRewiring_Test,21,242,4,cooperate,0.10344827586206896,lra_q
NetworkRewiring_Test,21,242,5,defect,1.5517241379310345,lra_q
NetworkRewiring_Test,21,242,6,defect,1.1379310344827587,lra_q
NetworkRewiring_Test,21,242,7,cooperate,0.0,lra_q
NetworkRewiring_Test,21,242,8,defect,1.4137931034482758,lra_q
NetworkRewiring_Test,21,242,9,defect,1.2758620689655173,lra_q
NetworkRewiring_Test,21,242,10,cooperate,0.10344827586206896,lra_q
NetworkRewiring_Test,21,242,11,defect,1.2758620689655173,lra_q
NetworkRewiring_Test,21,242,12,cooperate,0.0,lra_q
NetworkRewiring_Test,21,242,13,defect,1.0,lra_q
NetworkRewiring_Test,21,242,14,defect,1.0,lra_q
NetworkRewiring_Test,21,242,15,defect,1.4137931034482758,tit_for_tat
NetworkRewiring_Test,21,242,16,cooperate,0.10344827586206896,tit_for_tat
NetworkRewiring_Test,21,242,17,defect,1.1379310344827587,tit_for_tat
NetworkRewiring_Test,21,242,18,defect,1.1379310344827587,tit_for_tat
NetworkRewiring_Test,21,242,19,defect,1.0,tit_for_tat
NetworkRewiring_Test,21,242,20,defect,1.0,tit_for_tat
NetworkRewiring_Test,21,242,21,defect,1.0,tit_for_tat
NetworkRewiring_Test,21,242,22,defect,1.2758620689655173,tit_for_tat
NetworkRewiring_Test,21,242,23,defect,1.1379310344827587,tit_for_tat
NetworkRewiring_Test,21,242,24,defect,1.0,tit_for_tat
NetworkRewiring_Test,21,242,25,cooperate,0.41379310344827586,tit_for_tat
NetworkRewiring_Test,21,242,26,defect,1.1379310344827587,tit_for_tat
NetworkRewiring_Test,21,242,27,cooperate,0.10344827586206896,tit_for_tat
NetworkRewiring_Test,21,242,28,defect,1.4137931034482758,tit_for_tat
NetworkRewiring_Test,21,242,29,defect,1.4137931034482758,tit_for_tat
NetworkRewiring_Test,21,243,0,cooperate,0.20689655172413793,lra_q
NetworkRewiring_Test,21,243,1,defect,1.1379310344827587,lra_q
NetworkRewiring_Test,21,243,2,cooperate,0.41379310344827586,lra_q
NetworkRewiring_Test,21,243,3,defect,1.1379310344827587,lra_q
NetworkRewiring_Test,21,243,4,defect,1.0,lra_q
NetworkRewiring_Test,21,243,5,defect,1.5517241379310345,lra_q
NetworkRewiring_Test,21,243,6,cooperate,0.10344827586206896,lra_q
NetworkRewiring_Test,21,243,7,cooperate,0.0,lra_q
NetworkRewiring_Test,21,243,8,defect,1.5517241379310345,lra_q
NetworkRewiring_Test,21,243,9,defect,1.4137931034482758,lra_q
NetworkRewiring_Test,21,243,10,cooperate,0.10344827586206896,lra_q
NetworkRewiring_Test,21,243,11,cooperate,0.20689655172413793,lra_q
NetworkRewiring_Test,21,243,12,cooperate,0.20689655172413793,lra_q
NetworkRewiring_Test,21,243,13,defect,1.2758620689655173,lra_q
NetworkRewiring_Test,21,243,14,cooperate,0.20689655172413793,lra_q
NetworkRewiring_Test,21,243,15,cooperate,0.6206896551724138,tit_for_tat
NetworkRewiring_Test,21,243,16,cooperate,0.41379310344827586,tit_for_tat
NetworkRewiring_Test,21,243,17,cooperate,0.3103448275862069,tit_for_tat
NetworkRewiring_Test,21,243,18,defect,1.2758620689655173,tit_for_tat
NetworkRewiring_Test,21,243,19,defect,1.2758620689655173,tit_for_tat
NetworkRewiring_Test,21,243,20,defect,1.2758620689655173,tit_for_tat
NetworkRewiring_Test,21,243,21,defect,1.1379310344827587,tit_for_tat
NetworkRewiring_Test,21,243,22,cooperate,0.3103448275862069,tit_for_tat
NetworkRewiring_Test,21,243,23,cooperate,0.10344827586206896,tit_for_tat
NetworkRewiring_Test,21,243,24,defect,1.1379310344827587,tit_for_tat
NetworkRewiring_Test,21,243,25,defect,1.5517241379310345,tit_for_tat
NetworkRewiring_Test,21,243,26,defect,1.1379310344827587,tit_for_tat
NetworkRewiring_Test,21,243,27,cooperate,0.10344827586206896,tit_for_tat
NetworkRewiring_Test,21,243,28,defect,1.5517241379310345,tit_for_tat
NetworkRewiring_Test,21,243,29,cooperate,0.20689655172413793,tit_for_tat
NetworkRewiring_Test,21,244,0,defect,1.5517241379310345,lra_q
NetworkRewiring_Test,21,244,1,defect,1.0,lra_q
NetworkRewiring_Test,21,244,2,defect,1.5517241379310345,lra_q
NetworkRewiring_Test,21,244,3,defect,1.1379310344827587,lra_q
NetworkRewiring_Test,21,244,4,cooperate,0.10344827586206896,lra_q
NetworkRewiring_Test,21,244,5,defect,1.5517241379310345,lra_q
NetworkRewiring_Test,21,244,6,defect,1.2758620689655173,lra_q
NetworkRewiring_Test,21,244,7,cooperate,0.10344827586206896,lra_q
NetworkRewiring_Test,21,244,8,cooperate,0.3103448275862069,lra_q
NetworkRewiring_Test,21,244,9,defect,1.4137931034482758,lra_q
NetworkRewiring_Test,21,244,10,cooperate,0.3103448275862069,lra_q
NetworkRewiring_Test,21,244,11,cooperate,0.10344827586206896,lra_q
NetworkRewiring_Test,21,244,12,defect,1.2758620689655173,lra_q
NetworkRewiring_Test,21,244,13,defect,1.0,lra_q
NetworkRewiring_Test,21,244,14,defect,1.1379310344827587,lra_q
NetworkRewiring_Test,21,244,15,cooperate,0.10344827586206896,tit_for_tat
NetworkRewiring_Test,21,244,16,cooperate,0.10344827586206896,tit_for_tat
NetworkRewiring_Test,21,244,17,defect,1.5517241379310345,tit_for_tat
NetworkRewiring_Test,21,244,18,defect,1.4137931034482758,tit_for_tat
NetworkRewiring_Test,21,244,19,cooperate,0.20689655172413793,tit_for_tat
NetworkRewiring_Test,21,244,20,cooperate,0.10344827586206896,tit_for_tat
NetworkRewiring_Test,21,244,21,defect,1.1379310344827587,tit_for_tat
NetworkRewiring_Test,21,244,22,defect,1.4137931034482758,tit_for_tat
NetworkRewiring_Test,21,244,23,defect,1.1379310344827587,tit_for_tat
NetworkRewiring_Test,21,244,24,cooperate,0.10344827586206896,tit_for_tat
NetworkRewiring_Test,21,244,25,cooperate,0.3103448275862069,tit_for_tat
NetworkRewiring_Test,21,244,26,cooperate,0.20689655172413793,tit_for_tat
NetworkRewiring_Test,21,244,27,defect,1.4137931034482758,tit_for_tat
NetworkRewiring_Test,21,244,28,cooperate,0.20689655172413793,tit_for_tat
NetworkRewiring_Test,21,244,29,cooperate,0.20689655172413793,tit_for_tat
NetworkRewiring_Test,21,245,0,defect,1.2758620689655173,lra_q
NetworkRewiring_Test,21,245,1,cooperate,0.0,lra_q
NetworkRewiring_Test,21,245,2,defect,1.2758620689655173,lra_q
NetworkRewiring_Test,21,245,3,defect,1.2758620689655173,lra_q
NetworkRewiring_Test,21,245,4,defect,1.1379310344827587,lra_q
NetworkRewiring_Test,21,245,5,defect,1.1379310344827587,lra_q
NetworkRewiring_Test,21,245,6,defect,1.0,lra_q
NetworkRewiring_Test,21,245,7,defect,1.1379310344827587,lra_q
NetworkRewiring_Test,21,245,8,defect,1.0,lra_q
NetworkRewiring_Test,21,245,9,cooperate,0.0,lra_q
NetworkRewiring_Test,21,245,10,defect,1.4137931034482758,lra_q
NetworkRewiring_Test,21,245,11,defect,1.1379310344827587,lra_q
NetworkRewiring_Test,21,245,12,defect,1.0,lra_q
NetworkRewiring_Test,21,245,13,defect,1.0,lra_q
NetworkRewiring_Test,21,245,14,defect,1.0,lra_q
NetworkRewiring_Test,21,245,15,defect,1.0,tit_for_tat
NetworkRewiring_Test,21,245,16,defect,1.1379310344827587,tit_for_tat
NetworkRewiring_Test,21,245,17,defect,1.1379310344827587,tit_for_tat
NetworkRewiring_Test,21,245,18,cooperate,0.0,tit_for_tat
NetworkRewiring_Test,21,245,19,defect,1.1379310344827587,tit_for_tat
NetworkRewiring_Test,21,245,20,defect,1.1379310344827587,tit_for_tat
NetworkRewiring_Test,21,245,21,defect,1.0,tit_for_tat
NetworkRewiring_Test,21,245,22,defect,1.0,tit_for_tat
NetworkRewiring_Test,21,245,23,cooperate,0.10344827586206896,tit_for_tat
NetworkRewiring_Test,21,245,24,cooperate,0.10344827586206896,tit_for_tat
NetworkRewiring_Test,21,245,25,cooperate,0.10344827586206896,tit_for_tat
NetworkRewiring_Test,21,245,26,defect,1.1379310344827587,tit_for_tat
NetworkRewiring_Test,21,245,27,cooperate,0.20689655172413793,tit_for_tat
NetworkRewiring_Test,21,245,28,cooperate,0.10344827586206896,tit_for_tat
NetworkRewiring_Test,21,245,29,defect,1.4137931034482758,tit_for_tat
NetworkRewiring_Test,21,246,0,defect,1.0,lra_q
NetworkRewiring_Test,21,246,1,cooperate,0.0,lra_q
NetworkRewiring_Test,21,246,2,defect,1.4137931034482758,lra_q
NetworkRewiring_Test,21,246,3,defect,1.1379310344827587,lra_q
NetworkRewiring_Test,21,246,4,defect,1.1379310344827587,lra_q
NetworkRewiring_Test,21,246,5,cooperate,0.10344827586206896,lra_q
NetworkRewiring_Test,21,246,6,defect,1.2758620689655173,lra_q
NetworkRewiring_Test,21,246,7,defect,1.1379310344827587,lra_q
NetworkRewiring_Test,21,246,8,defect,1.0,lra_q
NetworkRewiring_Test,21,246,9,defect,1.0,lra_q
NetworkRewiring_Test,21,246,10,defect,1.1379310344827587,lra_q
NetworkRewiring_Test,21,246,11,defect,1.1379310344827587,lra_q
NetworkRewiring_Test,21,246,12,cooperate,0.10344827586206896,lra_q
NetworkRewiring_Test,21,246,13,cooperate,0.10344827586206896,lra_q
NetworkRewiring_Test,21,246,14,cooperate,0.10344827586206896,lra_q
NetworkRewiring_Test,21,246,15,defect,1.2758620689655173,tit_for_tat
NetworkRewiring_Test,21,246,16,defect,1.0,tit_for_tat
NetworkRewiring_Test,21,246,17,defect,1.2758620689655173,tit_for_tat
NetworkRewiring_Test,21,246,18,defect,1.1379310344827587,tit_for_tat
NetworkRewiring_Test,21,246,19,defect,1.1379310344827587,tit_for_tat
NetworkRewiring_Test,21,246,20,cooperate,0.0,tit_for_tat
NetworkRewiring_Test,21,246,21,defect,1.0,tit_for_tat
NetworkRewiring_Test,21,246,22,defect,1.1379310344827587,tit_for_tat
NetworkRewiring_Test,21,246,23,cooperate,0.0,tit_for_tat
NetworkRewiring_Test,21,246,24,defect,1.1379310344827587,tit_for_tat
NetworkRewiring_Test,21,246,25,defect,1.1379310344827587,tit_for_tat
NetworkRewiring_Test,21,246,26,defect,1.0,tit_for_tat
NetworkRewiring_Test,21,246,27,defect,1.1379310344827587,tit_for_tat
NetworkRewiring_Test,21,246,28,defect,1.2758620689655173,tit_for_tat
NetworkRewiring_Test,21,246,29,cooperate,0.0,tit_for_tat
NetworkRewiring_Test,21,247,0,cooperate,0.10344827586206896,lra_q
NetworkRewiring_Test,21,247,1,cooperate,0.10344827586206896,lra_q
NetworkRewiring_Test,21,247,2,cooperate,0.10344827586206896,lra_q
NetworkRewiring_Test,21,247,3,defect,1.1379310344827587,lra_q
NetworkRewiring_Test,21,247,4,defect,1.1379310344827587,lra_q
NetworkRewiring_Test,21,247,5,cooperate,0.20689655172413793,lra_q
NetworkRewiring_Test,21,247,6,defect,1.2758620689655173,lra_q
NetworkRewiring_Test,21,247,7,defect,1.1379310344827587,lra_q
NetworkRewiring_Test,21,247,8,defect,1.2758620689655173,lra_q
NetworkRewiring_Test,21,247,9,defect,1.1379310344827587,lra_q
NetworkRewiring_Test,21,247,10,cooperate,0.20689655172413793,lra_q
NetworkRewiring_Test,21,247,11,defect,1.1379310344827587,lra_q
NetworkRewiring_Test,21,247,12,defect,1.1379310344827587,lra_q
NetworkRewiring_Test,21,247,13,defect,1.0,lra_q
NetworkRewiring_Test,21,247,14,defect,1.1379310344827587,lra_q
NetworkRewiring_Test,21,247,15,defect,1.2758620689655173,tit_for_tat
NetworkRewiring_Test,21,247,16,defect,1.2758620689655173,tit_for_tat
NetworkRewiring_Test,21,247,17,cooperate,0.10344827586206896,tit_for_tat
NetworkRewiring_Test,21,247,18,defect,1.2758620689655173,tit_for_tat
NetworkRewiring_Test,21,247,19,cooperate,0.10344827586206896,tit_for_tat
NetworkRewiring_Test,21,247,20,defect,1.2758620689655173,tit_for_tat
NetworkRewiring_Test,21,247,21,defect,1.1379310344827587,tit_for_tat
NetworkRewiring_Test,21,247,22,defect,1.2758620689655173,tit_for_tat
NetworkRewiring_Test,21,247,23,defect,1.2758620689655173,tit_for_tat
NetworkRewiring_Test,21,247,24,cooperate,0.0,tit_for_tat
NetworkRewiring_Test,21,247,25,defect,1.2758620689655173,tit_for_tat
NetworkRewiring_Test,21,247,26,defect,1.4137931034482758,tit_for_tat
NetworkRewiring_Test,21,247,27,defect,1.1379310344827587,tit_for_tat
NetworkRewiring_Test,21,247,28,cooperate,0.3103448275862069,tit_for_tat
NetworkRewiring_Test,21,247,29,defect,1.2758620689655173,tit_for_tat
NetworkRewiring_Test,21,248,0,cooperate,0.41379310344827586,lra_q
NetworkRewiring_Test,21,248,1,defect,1.0,lra_q
NetworkRewiring_Test,21,248,2,defect,1.4137931034482758,lra_q
NetworkRewiring_Test,21,248,3,defect,1.0,lra_q
NetworkRewiring_Test,21,248,4,defect,1.0,lra_q
NetworkRewiring_Test,21,248,5,defect,1.2758620689655173,lra_q
NetworkRewiring_Test,21,248,6,defect,1.1379310344827587,lra_q
NetworkRewiring_Test,21,248,7,defect,1.2758620689655173,lra_q
NetworkRewiring_Test,21,248,8,cooperate,0.20689655172413793,lra_q
NetworkRewiring_Test,21,248,9,cooperate,0.10344827586206896,lra_q
NetworkRewiring_Test,21,248,10,cooperate,0.41379310344827586,lra_q
NetworkRewiring_Test,21,248,11,defect,1.2758620689655173,lra_q
NetworkRewiring_Test,21,248,12,defect,1.1379310344827587,lra_q
NetworkRewiring_Test,21,248,13,defect,1.0,lra_q
NetworkRewiring_Test,21,248,14,defect,1.1379310344827587,lra_q
NetworkRewiring_Test,21,248,15,cooperate,0.3103448275862069,tit_for_tat
NetworkRewiring_Test,21,248,16,cooperate,0.10344827586206896,tit_for_tat
NetworkRewiring_Test,21,248,17,defect,1.2758620689655173,tit_for_tat
NetworkRewiring_Test,21,248,18,defect,1.1379310344827587,tit_for_tat
NetworkRewiring_Test,21,248,19,defect,1.2758620689655173,tit_for_tat
NetworkRewiring_Test,21,248,20,defect,1.1379310344827587,tit_for_tat
NetworkRewiring_Test,21,248,21,cooperate,0.10344827586206896,tit_for_tat
NetworkRewiring_Test,21,248,22,cooperate,0.41379310344827586,tit_for_tat
NetworkRewiring_Test,21,248,23,cooperate,0.0,tit_for_tat
NetworkRewiring_Test,21,248,24,defect,1.2758620689655173,tit_for_tat
NetworkRewiring_Test,21,248,25,defect,1.2758620689655173,tit_for_tat
NetworkRewiring_Test,21,248,26,cooperate,0.0,tit_for_tat
NetworkRewiring_Test,21,248,27,defect,1.1379310344827587,tit_for_tat
NetworkRewiring_Test,21,248,28,cooperate,0.20689655172413793,tit_for_tat
NetworkRewiring_Test,21,248,29,defect,1.1379310344827587,tit_for_tat
NetworkRewiring_Test,21,249,0,defect,1.4137931034482758,lra_q
NetworkRewiring_Test,21,249,1,cooperate,0.10344827586206896,lra_q
NetworkRewiring_Test,21,249,2,cooperate,0.3103448275862069,lra_q
NetworkRewiring_Test,21,249,3,defect,1.1379310344827587,lra_q
NetworkRewiring_Test,21,249,4,cooperate,0.0,lra_q
NetworkRewiring_Test,21,249,5,defect,1.1379310344827587,lra_q
NetworkRewiring_Test,21,249,6,defect,1.2758620689655173,lra_q
NetworkRewiring_Test,21,249,7,defect,1.2758620689655173,lra_q
NetworkRewiring_Test,21,249,8,cooperate,0.10344827586206896,lra_q
NetworkRewiring_Test,21,249,9,cooperate,0.10344827586206896,lra_q
NetworkRewiring_Test,21,249,10,defect,1.4137931034482758,lra_q
NetworkRewiring_Test,21,249,11,cooperate,0.3103448275862069,lra_q
NetworkRewiring_Test,21,249,12,defect,1.2758620689655173,lra_q
NetworkRewiring_Test,21,249,13,defect,1.0,lra_q
NetworkRewiring_Test,21,249,14,defect,1.1379310344827587,lra_q
NetworkRewiring_Test,21,249,15,cooperate,0.20689655172413793,tit_for_tat
NetworkRewiring_Test,21,249,16,cooperate,0.20689655172413793,tit_for_tat
NetworkRewiring_Test,21,249,17,defect,1.4137931034482758,tit_for_tat
NetworkRewiring_Test,21,249,18,defect,1.2758620689655173,tit_for_tat
NetworkRewiring_Test,21,249,19,cooperate,0.0,tit_for_tat
NetworkRewiring_Test,21,249,20,defect,1.2758620689655173,tit_for_tat
NetworkRewiring_Test,21,249,21,defect,1.2758620689655173,tit_for_tat
NetworkRewiring_Test,21,249,22,cooperate,0.10344827586206896,tit_for_tat
NetworkRewiring_Test,21,249,23,defect,1.2758620689655173,tit_for_tat
NetworkRewiring_Test,21,249,24,cooperate,0.0,tit_for_tat
NetworkRewiring_Test,21,249,25,defect,1.1379310344827587,tit_for_tat
NetworkRewiring_Test,21,249,26,defect,1.4137931034482758,tit_for_tat
NetworkRewiring_Test,21,249,27,defect,1.0,tit_for_tat
NetworkRewiring_Test,21,249,28,defect,1.0,tit_for_tat
NetworkRewiring_Test,21,249,29,defect,1.1379310344827587,tit_for_tat
NetworkRewiring_Test,21,250,0,defect,1.2758620689655173,lra_q
NetworkRewiring_Test,21,250,1,defect,1.1379310344827587,lra_q
NetworkRewiring_Test,21,250,2,cooperate,0.20689655172413793,lra_q
NetworkRewiring_Test,21,250,3,defect,1.2758620689655173,lra_q
NetworkRewiring_Test,21,250,4,cooperate,0.20689655172413793,lra_q
NetworkRewiring_Test,21,250,5,cooperate,0.3103448275862069,lra_q
NetworkRewiring_Test,21,250,6,cooperate,0.10344827586206896,lra_q
NetworkRewiring_Test,21,250,7,defect,1.2758620689655173,lra_q
NetworkRewiring_Test,21,250,8,defect,1.0,lra_q
NetworkRewiring_Test,21,250,9,cooperate,0.0,lra_q
NetworkRewiring_Test,21,250,10,defect,1.4137931034482758,lra_q
NetworkRewiring_Test,21,250,11,defect,1.4137931034482758,lra_q
NetworkRewiring_Test,21,250,12,cooperate,0.20689655172413793,lra_q
NetworkRewiring_Test,21,250,13,defect,1.1379310344827587,lra_q
NetworkRewiring_Test,21,250,14,defect,1.1379310344827587,lra_q
NetworkRewiring_Test,21,250,15,cooperate,0.10344827586206896,tit_for_tat
NetworkRewiring_Test,21,250,16,defect,1.4137931034482758,tit_for_tat
NetworkRewiring_Test,21,250,17,defect,1.1379310344827587,tit_for_tat
NetworkRewiring_Test,21,250,18,defect,1.0,tit_for_tat
NetworkRewiring_Test,21,250,19,defect,1.4137931034482758,tit_for_tat
NetworkRewiring_Test,21,250,20,defect,1.0,tit_for_tat
NetworkRewiring_Test,21,250,21,cooperate,0.0,tit_for_tat
NetworkRewiring_Test,21,250,22,defect,1.2758620689655173,tit_for_tat
NetworkRewiring_Test,21,250,23,cooperate,0.10344827586206896,tit_for_tat
NetworkRewiring_Test,21,250,24,defect,1.2758620689655173,tit_for_tat
NetworkRewiring_Test,21,250,25,cooperate,0.10344827586206896,tit_for_tat
NetworkRewiring_Test,21,250,26,cooperate,0.10344827586206896,tit_for_tat
NetworkRewiring_Test,21,250,27,defect,1.1379310344827587,tit_for_tat
NetworkRewiring_Test,21,250,28,defect,1.1379310344827587,tit_for_tat
NetworkRewiring_Test,21,250,29,defect,1.2758620689655173,tit_for_tat
NetworkRewiring_Test,21,251,0,defect,1.2758620689655173,lra_q
NetworkRewiring_Test,21,251,1,defect,1.0,lra_q
NetworkRewiring_Test,21,251,2,defect,1.1379310344827587,lra_q
NetworkRewiring_Test,21,251,3,defect,1.1379310344827587,lra_q
NetworkRewiring_Test,21,251,4,defect,1.1379310344827587,lra_q
NetworkRewiring_Test,21,251,5,defect,1.0,lra_q
NetworkRewiring_Test,21,251,6,defect,1.0,lra_q
NetworkRewiring_Test,21,251,7,defect,1.0,lra_q
NetworkRewiring_Test,21,251,8,defect,1.0,lra_q
NetworkRewiring_Test,21,251,9,defect,1.0,lra_q
NetworkRewiring_Test,21,251,10,defect,1.2758620689655173,lra_q
NetworkRewiring_Test,21,251,11,defect,1.0,lra_q
NetworkRewiring_Test,21,251,12,defect,1.0,lra_q
NetworkRewiring_Test,21,251,13,defect,1.0,lra_q
NetworkRewiring_Test,21,251,14,defect,1.0,lra_q
NetworkRewiring_Test,21,251,15,defect,1.1379310344827587,tit_for_tat
NetworkRewiring_Test,21,251,16,defect,1.0,tit_for_tat
NetworkRewiring_Test,21,251,17,defect,1.0,tit_for_tat
NetworkRewiring_Test,21,251,18,defect,1.0,tit_for_tat
NetworkRewiring_Test,21,251,19,defect,1.0,tit_for_tat
NetworkRewiring_Test,21,251,20,defect,1.1379310344827587,tit_for_tat
NetworkRewiring_Test,21,251,21,defect,1.1379310344827587,tit_for_tat
NetworkRewiring_Test,21,251,22,cooperate,0.0,tit_for_tat
NetworkRewiring_Test,21,251,23,cooperate,0.10344827586206896,tit_for_tat
NetworkRewiring_Test,21,251,24,cooperate,0.10344827586206896,tit_for_tat
NetworkRewiring_Test,21,251,25,cooperate,0.0,tit_for_tat
NetworkRewiring_Test,21,251,26,defect,1.1379310344827587,tit_for_tat
NetworkRewiring_Test,21,251,27,defect,1.1379310344827587,tit_for_tat
NetworkRewiring_Test,21,251,28,defect,1.0,tit_for_tat
NetworkRewiring_Test,21,251,29,defect,1.1379310344827587,tit_for_tat
NetworkRewiring_Test,21,252,0,defect,1.0,lra_q
NetworkRewiring_Test,21,252,1,cooperate,0.10344827586206896,lra_q
NetworkRewiring_Test,21,252,2,cooperate,0.10344827586206896,lra_q
NetworkRewiring_Test,21,252,3,defect,1.1379310344827587,lra_q
NetworkRewiring_Test,21,252,4,defect,1.1379310344827587,lra_q
NetworkRewiring_Test,21,252,5,cooperate,0.3103448275862069,lra_q
NetworkRewiring_Test,21,252,6,defect,1.1379310344827587,lra_q
NetworkRewiring_Test,21,252,7,cooperate,0.10344827586206896,lra_q
NetworkRewiring_Test,21,252,8,defect,1.2758620689655173,lra_q
NetworkRewiring_Test,21,252,9,defect,1.2758620689655173,lra_q
NetworkRewiring_Test,21,252,10,cooperate,0.10344827586206896,lra_q
NetworkRewiring_Test,21,252,11,defect,1.2758620689655173,lra_q
NetworkRewiring_Test,21,252,12,cooperate,0.10344827586206896,lra_q
NetworkRewiring_Test,21,252,13,defect,1.1379310344827587,lra_q
NetworkRewiring_Test,21,252,14,cooperate,0.0,lra_q
NetworkRewiring_Test,21,252,15,defect,1.2758620689655173,tit_for_tat
NetworkRewiring_Test,21,252,16,defect,1.1379310344827587,tit_for_tat
NetworkRewiring_Test,21,252,17,defect,1.1379310344827587,tit_for_tat
NetworkRewiring_Test,21,252,18,defect,1.0,tit_for_tat
NetworkRewiring_Test,21,252,19,defect,1.1379310344827587,tit_for_tat
NetworkRewiring_Test,21,252,20,defect,1.0,tit_for_tat
NetworkRewiring_Test,21,252,21,cooperate,0.0,tit_for_tat
NetworkRewiring_Test,21,252,22,defect,1.2758620689655173,tit_for_tat
NetworkRewiring_Test,21,252,23,defect,1.1379310344827587,tit_for_tat
NetworkRewiring_Test,21,252,24,defect,1.0,tit_for_tat
NetworkRewiring_Test,21,252,25,defect,1.1379310344827587,tit_for_tat
NetworkRewiring_Test,21,252,26,defect,1.1379310344827587,tit_for_tat
NetworkRewiring_Test,21,252,27,defect,1.0,tit_for_tat
NetworkRewiring_Test,21,252,28,defect,1.2758620689655173,tit_for_tat
NetworkRewiring_Test,21,252,29,defect,1.1379310344827587,tit_for_tat
NetworkRewiring_Test,21,253,0,cooperate,0.10344827586206896,lra_q
NetworkRewiring_Test,21,253,1,defect,1.1379310344827587,lra_q
NetworkRewiring_Test,21,253,2,cooperate,0.10344827586206896,lra_q
NetworkRewiring_Test,21,253,3,defect,1.0,lra_q
NetworkRewiring_Test,21,253,4,defect,1.0,lra_q
NetworkRewiring_Test,21,253,5,defect,1.1379310344827587,lra_q
NetworkRewiring_Test,21,253,6,defect,1.1379310344827587,lra_q
NetworkRewiring_Test,21,253,7,defect,1.1379310344827587,lra_q
NetworkRewiring_Test,21,253,8,cooperate,0.20689655172413793,lra_q
NetworkRewiring_Test,21,253,9,defect,1.1379310344827587,lra_q
NetworkRewiring_Test,21,253,10,cooperate,0.10344827586206896,lra_q
NetworkRewiring_Test,21,253,11,defect,1.2758620689655173,lra_q
NetworkRewiring_Test,21,253,12,defect,1.0,lra_q
NetworkRewiring_Test,21,253,13,defect,1.1379310344827587,lra_q
NetworkRewiring_Test,21,253,14,cooperate,0.10344827586206896,lra_q
NetworkRewiring_Test,21,253,15,defect,1.5517241379310345,tit_for_tat
NetworkRewiring_Test,21,253,16,cooperate,0.20689655172413793,tit_for_tat
NetworkRewiring_Test,21,253,17,cooperate,0.20689655172413793,tit_for_tat
NetworkRewiring_Test,21,253,18,defect,1.2758620689655173,tit_for_tat
NetworkRewiring_Test,21,253,19,defect,1.1379310344827587,tit_for_tat
NetworkRewiring_Test,21,253,20,defect,1.1379310344827587,tit_for_tat
NetworkRewiring_Test,21,253,21,defect,1.0,tit_for_tat
NetworkRewiring_Test,21,253,22,defect,1.2758620689655173,tit_for_tat
NetworkRewiring_Test,21,253,23,defect,1.1379310344827587,tit_for_tat
NetworkRewiring_Test,21,253,24,defect,1.0,tit_for_tat
NetworkRewiring_Test,21,253,25,defect,1.2758620689655173,tit_for_tat
NetworkRewiring_Test,21,253,26,defect,1.1379310344827587,tit_for_tat
NetworkRewiring_Test,21,253,27,defect,1.0,tit_for_tat
NetworkRewiring_Test,21,253,28,defect,1.2758620689655173,tit_for_tat
NetworkRewiring_Test,21,253,29,defect,1.1379310344827587,tit_for_tat
NetworkRewiring_Test,21,254,0,cooperate,0.3103448275862069,lra_q
NetworkRewiring_Test,21,254,1,defect,1.1379310344827587,lra_q
NetworkRewiring_Test,21,254,2,cooperate,0.20689655172413793,lra_q
NetworkRewiring_Test,21,254,3,defect,1.1379310344827587,lra_q
NetworkRewiring_Test,21,254,4,cooperate,0.20689655172413793,lra_q
NetworkRewiring_Test,21,254,5,cooperate,0.3103448275862069,lra_q
NetworkRewiring_Test,21,254,6,defect,1.1379310344827587,lra_q
NetworkRewiring_Test,21,254,7,defect,1.4137931034482758,lra_q
NetworkRewiring_Test,21,254,8,cooperate,0.3103448275862069,lra_q
NetworkRewiring_Test,21,254,9,cooperate,0.20689655172413793,lra_q
NetworkRewiring_Test,21,254,10,cooperate,0.5172413793103449,lra_q
NetworkRewiring_Test,21,254,11,cooperate,0.41379310344827586,lra_q
NetworkRewiring_Test,21,254,12,cooperate,0.20689655172413793,lra_q
NetworkRewiring_Test,21,254,13,defect,1.0,lra_q
NetworkRewiring_Test,21,254,14,defect,1.0,lra_q
NetworkRewiring_Test,21,254,15,defect,1.4137931034482758,tit_for_tat
NetworkRewiring_Test,21,254,16,defect,1.1379310344827587,tit_for_tat
NetworkRewiring_Test,21,254,17,defect,1.1379310344827587,tit_for_tat
NetworkRewiring_Test,21,254,18,defect,1.1379310344827587,tit_for_tat
NetworkRewiring_Test,21,254,19,defect,1.2758620689655173,tit_for_tat
NetworkRewiring_Test,21,254,20,cooperate,0.10344827586206896,tit_for_tat
NetworkRewiring_Test,21,254,21,defect,1.1379310344827587,tit_for_tat
NetworkRewiring_Test,21,254,22,cooperate,0.3103448275862069,tit_for_tat
NetworkRewiring_Test,21,254,23,defect,1.1379310344827587,tit_for_tat
NetworkRewiring_Test,21,254,24,defect,1.1379310344827587,tit_for_tat
NetworkRewiring_Test,21,254,25,cooperate,0.3103448275862069,tit_for_tat
NetworkRewiring_Test,21,254,26,cooperate,0.10344827586206896,tit_for_tat
NetworkRewiring_Test,21,254,27,defect,1.1379310344827587,tit_for_tat
NetworkRewiring_Test,21,254,28,defect,1.4137931034482758,tit_for_tat
NetworkRewiring_Test,21,254,29,defect,1.2758620689655173,tit_for_tat
NetworkRewiring_Test,21,255,0,defect,1.4137931034482758,lra_q
NetworkRewiring_Test,21,255,1,defect,1.1379310344827587,lra_q
NetworkRewiring_Test,21,255,2,defect,1.1379310344827587,lra_q
NetworkRewiring_Test,21,255,3,cooperate,0.10344827586206896,lra_q
NetworkRewiring_Test,21,255,4,defect,1.2758620689655173,lra_q
NetworkRewiring_Test,21,255,5,cooperate,0.20689655172413793,lra_q
NetworkRewiring_Test,21,255,6,defect,1.4137931034482758,lra_q
NetworkRewiring_Test,21,255,7,cooperate,0.10344827586206896,lra_q
NetworkRewiring_Test,21,255,8,defect,1.2758620689655173,lra_q
NetworkRewiring_Test,21,255,9,defect,1.2758620689655173,lra_q
NetworkRewiring_Test,21,255,10,cooperate,0.3103448275862069,lra_q
NetworkRewiring_Test,21,255,11,defect,1.0,lra_q
NetworkRewiring_Test,21,255,12,defect,1.2758620689655173,lra_q
NetworkRewiring_Test,21,255,13,cooperate,0.10344827586206896,lra_q
NetworkRewiring_Test,21,255,14,cooperate,0.20689655172413793,lra_q
NetworkRewiring_Test,21,255,15,cooperate,0.20689655172413793,tit_for_tat
NetworkRewiring_Test,21,255,16,defect,1.2758620689655173,tit_for_tat
NetworkRewiring_Test,21,255,17,defect,1.4137931034482758,tit_for_tat
NetworkRewiring_Test,21,255,18,cooperate,0.0,tit_for_tat
NetworkRewiring_Test,21,255,19,defect,1.2758620689655173,tit_for_tat
NetworkRewiring_Test,21,255,20,defect,1.2758620689655173,tit_for_tat
NetworkRewiring_Test,21,255,21,defect,1.1379310344827587,tit_for_tat
NetworkRewiring_Test,21,255,22,cooperate,0.20689655172413793,tit_for_tat
NetworkRewiring_Test,21,255,23,defect,1.0,tit_for_tat
NetworkRewiring_Test,21,255,24,defect,1.1379310344827587,tit_for_tat
NetworkRewiring_Test,21,255,25,cooperate,0.3103448275862069,tit_for_tat
NetworkRewiring_Test,21,255,26,cooperate,0.0,tit_for_tat
NetworkRewiring_Test,21,255,27,cooperate,0.10344827586206896,tit_for_tat
NetworkRewiring_Test,21,255,28,defect,1.4137931034482758,tit_for_tat
NetworkRewiring_Test,21,255,29,defect,1.2758620689655173,tit_for_tat
NetworkRewiring_Test,21,256,0,defect,1.2758620689655173,lra_q
NetworkRewiring_Test,21,256,1,defect,1.1379310344827587,lra_q
NetworkRewiring_Test,21,256,2,cooperate,0.10344827586206896,lra_q
NetworkRewiring_Test,21,256,3,defect,1.1379310344827587,lra_q
NetworkRewiring_Test,21,256,4,defect,1.0,lra_q
NetworkRewiring_Test,21,256,5,defect,1.1379310344827587,lra_q
NetworkRewiring_Test,21,256,6,cooperate,0.0,lra_q
NetworkRewiring_Test,21,256,7,defect,1.1379310344827587,lra_q
NetworkRewiring_Test,21,256,8,cooperate,0.0,lra_q
NetworkRewiring_Test,21,256,9,defect,1.0,lra_q
NetworkRewiring_Test,21,256,10,defect,1.2758620689655173,lra_q
NetworkRewiring_Test,21,256,11,defect,1.2758620689655173,lra_q
NetworkRewiring_Test,21,256,12,defect,1.0,lra_q
NetworkRewiring_Test,21,256,13,defect,1.1379310344827587,lra_q
NetworkRewiring_Test,21,256,14,defect,1.1379310344827587,lra_q
NetworkRewiring_Test,21,256,15,defect,1.2758620689655173,tit_for_tat
NetworkRewiring_Test,21,256,16,defect,1.4137931034482758,tit_for_tat
NetworkRewiring_Test,21,256,17,cooperate,0.10344827586206896,tit_for_tat
NetworkRewiring_Test,21,256,18,defect,1.2758620689655173,tit_for_tat
NetworkRewiring_Test,21,256,19,defect,1.5517241379310345,tit_for_tat
NetworkRewiring_Test,21,256,20,cooperate,0.20689655172413793,tit_for_tat
NetworkRewiring_Test,21,256,21,cooperate,0.10344827586206896,tit_for_tat
NetworkRewiring_Test,21,256,22,cooperate,0.20689655172413793,tit_for_tat
NetworkRewiring_Test,21,256,23,defect,1.1379310344827587,tit_for_tat
NetworkRewiring_Test,21,256,24,defect,1.0,tit_for_tat
NetworkRewiring_Test,21,256,25,defect,1.2758620689655173,tit_for_tat
NetworkRewiring_Test,21,256,26,defect,1.1379310344827587,tit_for_tat
NetworkRewiring_Test,21,256,27,cooperate,0.10344827586206896,tit_for_tat
NetworkRewiring_Test,21,256,28,defect,1.2758620689655173,tit_for_tat
NetworkRewiring_Test,21,256,29,cooperate,0.20689655172413793,tit_for_tat
NetworkRewiring_Test,21,257,0,defect,1.2758620689655173,lra_q
NetworkRewiring_Test,21,257,1,defect,1.0,lra_q
NetworkRewiring_Test,21,257,2,defect,1.5517241379310345,lra_q
NetworkRewiring_Test,21,257,3,defect,1.0,lra_q
NetworkRewiring_Test,21,257,4,cooperate,0.10344827586206896,lra_q
NetworkRewiring_Test,21,257,5,cooperate,0.3103448275862069,lra_q
NetworkRewiring_Test,21,257,6,defect,1.4137931034482758,lra_q
NetworkRewiring_Test,21,257,7,defect,1.1379310344827587,lra_q
NetworkRewiring_Test,21,257,8,defect,1.2758620689655173,lra_q
NetworkRewiring_Test,21,257,9,defect,1.2758620689655173,lra_q
NetworkRewiring_Test,21,257,10,cooperate,0.20689655172413793,lra_q
NetworkRewiring_Test,21,257,11,cooperate,0.10344827586206896,lra_q
NetworkRewiring_Test,21,257,12,cooperate,0.3103448275862069,lra_q
NetworkRewiring_Test,21,257,13,defect,1.0,lra_q
NetworkRewiring_Test,21,257,14,defect,1.1379310344827587,lra_q
NetworkRewiring_Test,21,257,15,cooperate,0.3103448275862069,tit_for_tat
NetworkRewiring_Test,21,257,16,cooperate,0.10344827586206896,tit_for_tat
NetworkRewiring_Test,21,257,17,defect,1.5517241379310345,tit_for_tat
NetworkRewiring_Test,21,257,18,defect,1.4137931034482758,tit_for_tat
NetworkRewiring_Test,21,257,19,cooperate,0.20689655172413793,tit_for_tat
NetworkRewiring_Test,21,257,20,cooperate,0.20689655172413793,tit_for_tat
NetworkRewiring_Test,21,257,21,defect,1.2758620689655173,tit_for_tat
NetworkRewiring_Test,21,257,22,cooperate,0.3103448275862069,tit_for_tat
NetworkRewiring_Test,21,257,23,defect,1.0,tit_for_tat
NetworkRewiring_Test,21,257,24,defect,1.1379310344827587,tit_for_tat
NetworkRewiring_Test,21,257,25,defect,1.4137931034482758,tit_for_tat
NetworkRewiring_Test,21,257,26,cooperate,0.10344827586206896,tit_for_tat
NetworkRewiring_Test,21,257,27,defect,1.1379310344827587,tit_for_tat
NetworkRewiring_Test,21,257,28,defect,1.4137931034482758,tit_for_tat
NetworkRewiring_Test,21,257,29,cooperate,0.0,tit_for_tat
NetworkRewiring_Test,21,258,0,defect,1.4137931034482758,lra_q
NetworkRewiring_Test,21,258,1,cooperate,0.0,lra_q
NetworkRewiring_Test,21,258,2,defect,1.2758620689655173,lra_q
NetworkRewiring_Test,21,258,3,defect,1.2758620689655173,lra_q
NetworkRewiring_Test,21,258,4,defect,1.0,lra_q
NetworkRewiring_Test,21,258,5,defect,1.6896551724137931,lra_q
NetworkRewiring_Test,21,258,6,cooperate,0.10344827586206896,lra_q
NetworkRewiring_Test,21,258,7,cooperate,0.10344827586206896,lra_q
NetworkRewiring_Test,21,258,8,cooperate,0.20689655172413793,lra_q
NetworkRewiring_Test,21,258,9,defect,1.2758620689655173,lra_q
NetworkRewiring_Test,21,258,10,cooperate,0.3103448275862069,lra_q
NetworkRewiring_Test,21,258,11,defect,1.2758620689655173,lra_q
NetworkRewiring_Test,21,258,12,cooperate,0.0,lra_q
NetworkRewiring_Test,21,258,13,defect,1.1379310344827587,lra_q
NetworkRewiring_Test,21,258,14,defect,1.1379310344827587,lra_q
NetworkRewiring_Test,21,258,15,defect,1.4137931034482758,tit_for_tat
NetworkRewiring_Test,21,258,16,defect,1.4137931034482758,tit_for_tat
NetworkRewiring_Test,21,258,17,cooperate,0.3103448275862069,tit_for_tat
NetworkRewiring_Test,21,258,18,cooperate,0.3103448275862069,tit_for_tat
NetworkRewiring_Test,21,258,19,cooperate,0.6206896551724138,tit_for_tat
NetworkRewiring_Test,21,258,20,cooperate,0.41379310344827586,tit_for_tat
NetworkRewiring_Test,21,258,21,cooperate,0.20689655172413793,tit_for_tat
NetworkRewiring_Test,21,258,22,cooperate,0.3103448275862069,tit_for_tat
NetworkRewiring_Test,21,258,23,defect,1.0,tit_for_tat
NetworkRewiring_Test,21,258,24,defect,1.1379310344827587,tit_for_tat
NetworkRewiring_Test,21,258,25,defect,1.2758620689655173,tit_for_tat
NetworkRewiring_Test,21,258,26,cooperate,0.10344827586206896,tit_for_tat
NetworkRewiring_Test,21,258,27,cooperate,0.10344827586206896,tit_for_tat
NetworkRewiring_Test,21,258,28,cooperate,0.20689655172413793,tit_for_tat
NetworkRewiring_Test,21,258,29,defect,1.2758620689655173,tit_for_tat
NetworkRewiring_Test,21,259,0,defect,1.4137931034482758,lra_q
NetworkRewiring_Test,21,259,1,cooperate,0.0,lra_q
NetworkRewiring_Test,21,259,2,defect,1.4137931034482758,lra_q
NetworkRewiring_Test,21,259,3,defect,1.1379310344827587,lra_q
NetworkRewiring_Test,21,259,4,cooperate,0.0,lra_q
NetworkRewiring_Test,21,259,5,defect,1.2758620689655173,lra_q
NetworkRewiring_Test,21,259,6,defect,1.1379310344827587,lra_q
NetworkRewiring_Test,21,259,7,defect,1.1379310344827587,lra_q
NetworkRewiring_Test,21,259,8,cooperate,0.10344827586206896,lra_q
NetworkRewiring_Test,21,259,9,defect,1.1379310344827587,lra_q
NetworkRewiring_Test,21,259,10,defect,1.2758620689655173,lra_q
NetworkRewiring_Test,21,259,11,cooperate,0.20689655172413793,lra_q
NetworkRewiring_Test,21,259,12,cooperate,0.20689655172413793,lra_q
NetworkRewiring_Test,21,259,13,defect,1.0,lra_q
NetworkRewiring_Test,21,259,14,defect,1.2758620689655173,lra_q
NetworkRewiring_Test,21,259,15,cooperate,0.3103448275862069,tit_for_tat
NetworkRewiring_Test,21,259,16,defect,1.4137931034482758,tit_for_tat
NetworkRewiring_Test,21,259,17,cooperate,0.41379310344827586,tit_for_tat
NetworkRewiring_Test,21,259,18,cooperate,0.3103448275862069,tit_for_tat
NetworkRewiring_Test,21,259,19,cooperate,0.41379310344827586,tit_for_tat
NetworkRewiring_Test,21,259,20,cooperate,0.41379310344827586,tit_for_tat
NetworkRewiring_Test,21,259,21,cooperate,0.20689655172413793,tit_for_tat
NetworkRewiring_Test,21,259,22,cooperate,0.3103448275862069,tit_for_tat
NetworkRewiring_Test,21,259,23,defect,1.0,tit_for_tat
NetworkRewiring_Test,21,259,24,defect,1.0,tit_for_tat
NetworkRewiring_Test,21,259,25,defect,1.4137931034482758,tit_for_tat
NetworkRewiring_Test,21,259,26,defect,1.1379310344827587,tit_for_tat
NetworkRewiring_Test,21,259,27,cooperate,0.10344827586206896,tit_for_tat
NetworkRewiring_Test,21,259,28,defect,1.2758620689655173,tit_for_tat
NetworkRewiring_Test,21,259,29,cooperate,0.10344827586206896,tit_for_tat
NetworkRewiring_Test,21,260,0,defect,1.2758620689655173,lra_q
NetworkRewiring_Test,21,260,1,cooperate,0.10344827586206896,lra_q
NetworkRewiring_Test,21,260,2,cooperate,0.3103448275862069,lra_q
NetworkRewiring_Test,21,260,3,defect,1.2758620689655173,lra_q
NetworkRewiring_Test,21,260,4,cooperate,0.10344827586206896,lra_q
NetworkRewiring_Test,21,260,5,defect,1.1379310344827587,lra_q
NetworkRewiring_Test,21,260,6,defect,1.2758620689655173,lra_q
NetworkRewiring_Test,21,260,7,defect,1.0,lra_q
NetworkRewiring_Test,21,260,8,defect,1.1379310344827587,lra_q
NetworkRewiring_Test,21,260,9,defect,1.1379310344827587,lra_q
NetworkRewiring_Test,21,260,10,defect,1.1379310344827587,lra_q
NetworkRewiring_Test,21,260,11,cooperate,0.10344827586206896,lra_q
NetworkRewiring_Test,21,260,12,defect,1.2758620689655173,lra_q
NetworkRewiring_Test,21,260,13,defect,1.0,lra_q
NetworkRewiring_Test,21,260,14,defect,1.2758620689655173,lra_q
NetworkRewiring_Test,21,260,15,cooperate,0.20689655172413793,tit_for_tat
NetworkRewiring_Test,21,260,16,cooperate,0.41379310344827586,tit_for_tat
NetworkRewiring_Test,21,260,17,cooperate,0.5172413793103449,tit_for_tat
NetworkRewiring_Test,21,260,18,cooperate,0.41379310344827586,tit_for_tat
NetworkRewiring_Test,21,260,19,cooperate,0.41379310344827586,tit_for_tat
NetworkRewiring_Test,21,260,20,cooperate,0.3103448275862069,tit_for_tat
NetworkRewiring_Test,21,260,21,cooperate,0.10344827586206896,tit_for_tat
NetworkRewiring_Test,21,260,22,defect,1.4137931034482758,tit_for_tat
NetworkRewiring_Test,21,260,23,defect,1.1379310344827587,tit_for_tat
NetworkRewiring_Test,21,260,24,defect,1.0,tit_for_tat
NetworkRewiring_Test,21,260,25,cooperate,0.10344827586206896,tit_for_tat
NetworkRewiring_Test,21,260,26,defect,1.2758620689655173,tit_for_tat
NetworkRewiring_Test,21,260,27,defect,1.1379310344827587,tit_for_tat
NetworkRewiring_Test,21,260,28,defect,1.0,tit_for_tat
NetworkRewiring_Test,21,260,29,defect,1.2758620689655173,tit_for_tat
NetworkRewiring_Test,21,261,0,defect,1.2758620689655173,lra_q
NetworkRewiring_Test,21,261,1,defect,1.1379310344827587,lra_q
NetworkRewiring_Test,21,261,2,cooperate,0.41379310344827586,lra_q
NetworkRewiring_Test,21,261,3,defect,1.1379310344827587,lra_q
NetworkRewiring_Test,21,261,4,defect,1.2758620689655173,lra_q
NetworkRewiring_Test,21,261,5,cooperate,0.20689655172413793,lra_q
NetworkRewiring_Test,21,261,6,defect,1.2758620689655173,lra_q
NetworkRewiring_Test,21,261,7,cooperate,0.20689655172413793,lra_q
NetworkRewiring_Test,21,261,8,defect,1.2758620689655173,lra_q
NetworkRewiring_Test,21,261,9,cooperate,0.20689655172413793,lra_q
NetworkRewiring_Test,21,261,10,cooperate,0.41379310344827586,lra_q
NetworkRewiring_Test,21,261,11,defect,1.2758620689655173,lra_q
NetworkRewiring_Test,21,261,12,defect,1.1379310344827587,lra_q
NetworkRewiring_Test,21,261,13,defect,1.0,lra_q
NetworkRewiring_Test,21,261,14,defect,1.0,lra_q
NetworkRewiring_Test,21,261,15,defect,1.2758620689655173,tit_for_tat
NetworkRewiring_Test,21,261,16,cooperate,0.20689655172413793,tit_for_tat
NetworkRewiring_Test,21,261,17,defect,1.4137931034482758,tit_for_tat
NetworkRewiring_Test,21,261,18,cooperate,0.20689655172413793,tit_for_tat
NetworkRewiring_Test,21,261,19,defect,1.4137931034482758,tit_for_tat
NetworkRewiring_Test,21,261,20,cooperate,0.20689655172413793,tit_for_tat
NetworkRewiring_Test,21,261,21,defect,1.1379310344827587,tit_for_tat
NetworkRewiring_Test,21,261,22,cooperate,0.20689655172413793,tit_for_tat
NetworkRewiring_Test,21,261,23,cooperate,0.10344827586206896,tit_for_tat
NetworkRewiring_Test,21,261,24,defect,1.2758620689655173,tit_for_tat
NetworkRewiring_Test,21,261,25,cooperate,0.20689655172413793,tit_for_tat
NetworkRewiring_Test,21,261,26,cooperate,0.10344827586206896,tit_for_tat
NetworkRewiring_Test,21,261,27,defect,1.2758620689655173,tit_for_tat
NetworkRewiring_Test,21,261,28,defect,1.4137931034482758,tit_for_tat
NetworkRewiring_Test,21,261,29,cooperate,0.20689655172413793,tit_for_tat
NetworkRewiring_Test,21,262,0,defect,1.4137931034482758,lra_q
NetworkRewiring_Test,21,262,1,defect,1.0,lra_q
NetworkRewiring_Test,21,262,2,defect,1.1379310344827587,lra_q
NetworkRewiring_Test,21,262,3,defect,1.0,lra_q
NetworkRewiring_Test,21,262,4,defect,1.0,lra_q
NetworkRewiring_Test,21,262,5,defect,1.0,lra_q
NetworkRewiring_Test,21,262,6,defect,1.0,lra_q
NetworkRewiring_Test,21,262,7,defect,1.1379310344827587,lra_q
NetworkRewiring_Test,21,262,8,cooperate,0.10344827586206896,lra_q
NetworkRewiring_Test,21,262,9,defect,1.1379310344827587,lra_q
NetworkRewiring_Test,21,262,10,defect,1.2758620689655173,lra_q
NetworkRewiring_Test,21,262,11,cooperate,0.10344827586206896,lra_q
NetworkRewiring_Test,21,262,12,defect,1.2758620689655173,lra_q
NetworkRewiring_Test,21,262,13,defect,1.1379310344827587,lra_q
NetworkRewiring_Test,21,262,14,cooperate,0.20689655172413793,lra_q
NetworkRewiring_Test,21,262,15,cooperate,0.3103448275862069,tit_for_tat
NetworkRewiring_Test,21,262,16,defect,1.4137931034482758,tit_for_tat
NetworkRewiring_Test,21,262,17,cooperate,0.3103448275862069,tit_for_tat
NetworkRewiring_Test,21,262,18,cooperate,0.10344827586206896,tit_for_tat
NetworkRewiring_Test,21,262,19,defect,1.2758620689655173,tit_for_tat
NetworkRewiring_Test,21,262,20,defect,1.4137931034482758,tit_for_tat
NetworkRewiring_Test,21,262,21,defect,1.1379310344827587,tit_for_tat
NetworkRewiring_Test,21,262,22,cooperate,0.10344827586206896,tit_for_tat
NetworkRewiring_Test,21,262,23,defect,1.1379310344827587,tit_for_tat
NetworkRewiring_Test,21,262,24,cooperate,0.0,tit_for_tat
NetworkRewiring_Test,21,262,25,defect,1.1379310344827587,tit_for_tat
NetworkRewiring_Test,21,262,26,defect,1.1379310344827587,tit_for_tat
NetworkRewiring_Test,21,262,27,cooperate,0.0,tit_for_tat
NetworkRewiring_Test,21,262,28,defect,1.1379310344827587,tit_for_tat
NetworkRewiring_Test,21,262,29,defect,1.1379310344827587,tit_for_tat
NetworkRewiring_Test,21,263,0,defect,1.0,lra_q
NetworkRewiring_Test,21,263,1,cooperate,0.10344827586206896,lra_q
NetworkRewiring_Test,21,263,2,cooperate,0.20689655172413793,lra_q
NetworkRewiring_Test,21,263,3,defect,1.2758620689655173,lra_q
NetworkRewiring_Test,21,263,4,cooperate,0.10344827586206896,lra_q
NetworkRewiring_Test,21,263,5,cooperate,0.3103448275862069,lra_q
NetworkRewiring_Test,21,263,6,cooperate,0.3103448275862069,lra_q
NetworkRewiring_Test,21,263,7,defect,1.2758620689655173,lra_q
NetworkRewiring_Test,21,263,8,defect,1.1379310344827587,lra_q
NetworkRewiring_Test,21,263,9,cooperate,0.10344827586206896,lra_q
NetworkRewiring_Test,21,263,10,cooperate,0.20689655172413793,lra_q
NetworkRewiring_Test,21,263,11,defect,1.2758620689655173,lra_q
NetworkRewiring_Test,21,263,12,defect,1.1379310344827587,lra_q
NetworkRewiring_Test,21,263,13,defect,1.1379310344827587,lra_q
NetworkRewiring_Test,21,263,14,defect,1.1379310344827587,lra_q
NetworkRewiring_Test,21,263,15,defect,1.2758620689655173,tit_for_tat
NetworkRewiring_Test,21,263,16,cooperate,0.3103448275862069,tit_for_tat
NetworkRewiring_Test,21,263,17,cooperate,0.3103448275862069,tit_for_tat
NetworkRewiring_Test,21,263,18,defect,1.5517241379310345,tit_for_tat
NetworkRewiring_Test,21,263,19,cooperate,0.41379310344827586,tit_for_tat
NetworkRewiring_Test,21,263,20,cooperate,0.20689655172413793,tit_for_tat
NetworkRewiring_Test,21,263,21,cooperate,0.10344827586206896,tit_for_tat
NetworkRewiring_Test,21,263,22,defect,1.4137931034482758,tit_for_tat
NetworkRewiring_Test,21,263,23,defect,1.1379310344827587,tit_for_tat
NetworkRewiring_Test,21,263,24,defect,1.0,tit_for_tat
NetworkRewiring_Test,21,263,25,defect,1.2758620689655173,tit_for_tat
NetworkRewiring_Test,21,263,26,defect,1.2758620689655173,tit_for_tat
NetworkRewiring_Test,21,263,27,defect,1.0,tit_for_tat
NetworkRewiring_Test,21,263,28,defect,1.2758620689655173,tit_for_tat
NetworkRewiring_Test,21,263,29,defect,1.1379310344827587,tit_for_tat
NetworkRewiring_Test,21,264,0,cooperate,0.20689655172413793,lra_q
NetworkRewiring_Test,21,264,1,defect,1.0,lra_q
NetworkRewiring_Test,21,264,2,defect,1.5517241379310345,lra_q
NetworkRewiring_Test,21,264,3,defect,1.1379310344827587,lra_q
NetworkRewiring_Test,21,264,4,defect,1.0,lra_q
NetworkRewiring_Test,21,264,5,defect,1.4137931034482758,lra_q
NetworkRewiring_Test,21,264,6,cooperate,0.20689655172413793,lra_q
NetworkRewiring_Test,21,264,7,defect,1.1379310344827587,lra_q
NetworkRewiring_Test,21,264,8,defect,1.4137931034482758,lra_q
NetworkRewiring_Test,21,264,9,cooperate,0.20689655172413793,lra_q
NetworkRewiring_Test,21,264,10,cooperate,0.20689655172413793,lra_q
NetworkRewiring_Test,21,264,11,cooperate,0.10344827586206896,lra_q
NetworkRewiring_Test,21,264,12,defect,1.2758620689655173,lra_q
NetworkRewiring_Test,21,264,13,defect,1.1379310344827587,lra_q
NetworkRewiring_Test,21,264,14,defect,1.2758620689655173,lra_q
NetworkRewiring_Test,21,264,15,cooperate,0.3103448275862069,tit_for_tat
NetworkRewiring_Test,21,264,16,cooperate,0.41379310344827586,tit_for_tat
NetworkRewiring_Test,21,264,17,cooperate,0.41379310344827586,tit_for_tat
NetworkRewiring_Test,21,264,18,cooperate,0.3103448275862069,tit_for_tat
NetworkRewiring_Test,21,264,19,cooperate,0.3103448275862069,tit_for_tat
NetworkRewiring_Test,21,264,20,defect,1.4137931034482758,tit_for_tat
NetworkRewiring_Test,21,264,21,defect,1.1379310344827587,tit_for_tat
NetworkRewiring_Test,21,264,22,defect,1.4137931034482758,tit_for_tat
NetworkRewiring_Test,21,264,23,cooperate,0.0,tit_for_tat
NetworkRewiring_Test,21,264,24,defect,1.1379310344827587,tit_for_tat
NetworkRewiring_Test,21,264,25,defect,1.4137931034482758,tit_for_tat
NetworkRewiring_Test,21,264,26,defect,1.1379310344827587,tit_for_tat
NetworkRewiring_Test,21,264,27,defect,1.2758620689655173,tit_for_tat
NetworkRewiring_Test,21,264,28,cooperate,0.3103448275862069,tit_for_tat
NetworkRewiring_Test,21,264,29,cooperate,0.10344827586206896,tit_for_tat
NetworkRewiring_Test,21,265,0,defect,1.2758620689655173,lra_q
NetworkRewiring_Test,21,265,1,cooperate,0.0,lra_q
NetworkRewiring_Test,21,265,2,defect,1.2758620689655173,lra_q
NetworkRewiring_Test,21,265,3,defect,1.2758620689655173,lra_q
NetworkRewiring_Test,21,265,4,cooperate,0.20689655172413793,lra_q
NetworkRewiring_Test,21,265,5,cooperate,0.20689655172413793,lra_q
NetworkRewiring_Test,21,265,6,defect,1.1379310344827587,lra_q
NetworkRewiring_Test,21,265,7,defect,1.1379310344827587,lra_q
NetworkRewiring_Test,21,265,8,defect,1.1379310344827587,lra_q
NetworkRewiring_Test,21,265,9,defect,1.1379310344827587,lra_q
NetworkRewiring_Test,21,265,10,cooperate,0.20689655172413793,lra_q
NetworkRewiring_Test,21,265,11,defect,1.0,lra_q
NetworkRewiring_Test,21,265,12,defect,1.2758620689655173,lra_q
NetworkRewiring_Test,21,265,13,defect,1.0,lra_q
NetworkRewiring_Test,21,265,14,defect,1.2758620689655173,lra_q
NetworkRewiring_Test,21,265,15,cooperate,0.10344827586206896,tit_for_tat
NetworkRewiring_Test,21,265,16,defect,1.4137931034482758,tit_for_tat
NetworkRewiring_Test,21,265,17,cooperate,0.3103448275862069,tit_for_tat
NetworkRewiring_Test,21,265,18,cooperate,0.20689655172413793,tit_for_tat
NetworkRewiring_Test,21,265,19,defect,1.5517241379310345,tit_for_tat
NetworkRewiring_Test,21,265,20,cooperate,0.20689655172413793,tit_for_tat
NetworkRewiring_Test,21,265,21,cooperate,0.0,tit_for_tat
NetworkRewiring_Test,21,265,22,defect,1.5517241379310345,tit_for_tat
NetworkRewiring_Test,21,265,23,defect,1.1379310344827587,tit_for_tat
NetworkRewiring_Test,21,265,24,cooperate,0.0,tit_for_tat
NetworkRewiring_Test,21,265,25,cooperate,0.3103448275862069,tit_for_tat
NetworkRewiring_Test,21,265,26,defect,1.1379310344827587,tit_for_tat
NetworkRewiring_Test,21,265,27,defect,1.2758620689655173,tit_for_tat
NetworkRewiring_Test,21,265,28,defect,1.4137931034482758,tit_for_tat
NetworkRewiring_Test,21,265,29,cooperate,0.10344827586206896,tit_for_tat
NetworkRewiring_Test,21,266,0,defect,1.2758620689655173,lra_q
NetworkRewiring_Test,21,266,1,cooperate,0.0,lra_q
NetworkRewiring_Test,21,266,2,defect,1.4137931034482758,lra_q
NetworkRewiring_Test,21,266,3,defect,1.1379310344827587,lra_q
NetworkRewiring_Test,21,266,4,defect,1.0,lra_q
NetworkRewiring_Test,21,266,5,defect,1.2758620689655173,lra_q
NetworkRewiring_Test,21,266,6,defect,1.2758620689655173,lra_q
NetworkRewiring_Test,21,266,7,defect,1.1379310344827587,lra_q
NetworkRewiring_Test,21,266,8,defect,1.1379310344827587,lra_q
NetworkRewiring_Test,21,266,9,cooperate,0.10344827586206896,lra_q
NetworkRewiring_Test,21,266,10,cooperate,0.3103448275862069,lra_q
NetworkRewiring_Test,21,266,11,defect,1.1379310344827587,lra_q
NetworkRewiring_Test,21,266,12,defect,1.0,lra_q
NetworkRewiring_Test,21,266,13,defect,1.0,lra_q
NetworkRewiring_Test,21,266,14,defect,1.0,lra_q
NetworkRewiring_Test,21,266,15,defect,1.2758620689655173,tit_for_tat
NetworkRewiring_Test,21,266,16,cooperate,0.0,tit_for_tat
NetworkRewiring_Test,21,266,17,defect,1.2758620689655173,tit_for_tat
NetworkRewiring_Test,21,266,18,defect,1.2758620689655173,tit_for_tat
NetworkRewiring_Test,21,266,19,cooperate,0.10344827586206896,tit_for_tat
NetworkRewiring_Test,21,266,20,defect,1.2758620689655173,tit_for_tat
NetworkRewiring_Test,21,266,21,defect,1.2758620689655173,tit_for_tat
NetworkRewiring_Test,21,266,22,cooperate,0.10344827586206896,tit_for_tat
NetworkRewiring_Test,21,266,23,defect,1.0,tit_for_tat
NetworkRewiring_Test,21,266,24,defect,1.1379310344827587,tit_for_tat
NetworkRewiring_Test,21,266,25,defect,1.2758620689655173,tit_for_tat
NetworkRewiring_Test,21,266,26,cooperate,0.10344827586206896,tit_for_tat
NetworkRewiring_Test,21,266,27,cooperate,0.10344827586206896,tit_for_tat
NetworkRewiring_Test,21,266,28,cooperate,0.20689655172413793,tit_for_tat
NetworkRewiring_Test,21,266,29,defect,1.2758620689655173,tit_for_tat
NetworkRewiring_Test,21,267,0,defect,1.1379310344827587,lra_q
NetworkRewiring_Test,21,267,1,cooperate,0.10344827586206896,lra_q
NetworkRewiring_Test,21,267,2,cooperate,0.10344827586206896,lra_q
NetworkRewiring_Test,21,267,3,defect,1.1379310344827587,lra_q
NetworkRewiring_Test,21,267,4,cooperate,0.0,lra_q
NetworkRewiring_Test,21,267,5,defect,1.2758620689655173,lra_q
NetworkRewiring_Test,21,267,6,defect,1.1379310344827587,lra_q
NetworkRewiring_Test,21,267,7,defect,1.1379310344827587,lra_q
NetworkRewiring_Test,21,267,8,defect,1.0,lra_q
NetworkRewiring_Test,21,267,9,cooperate,0.0,lra_q
NetworkRewiring_Test,21,267,10,defect,1.1379310344827587,lra_q
NetworkRewiring_Test,21,267,11,defect,1.4137931034482758,lra_q
NetworkRewiring_Test,21,267,12,cooperate,0.10344827586206896,lra_q
NetworkRewiring_Test,21,267,13,defect,1.1379310344827587,lra_q
NetworkRewiring_Test,21,267,14,cooperate,0.20689655172413793,lra_q
NetworkRewiring_Test,21,267,15,cooperate,0.3103448275862069,tit_for_tat
NetworkRewiring_Test,21,267,16,defect,1.5517241379310345,tit_for_tat
NetworkRewiring_Test,21,267,17,cooperate,0.41379310344827586,tit_for_tat
NetworkRewiring_Test,21,267,18,cooperate,0.20689655172413793,tit_for_tat
NetworkRewiring_Test,21,267,19,cooperate,0.3103448275862069,tit_for_tat
NetworkRewiring_Test,21,267,20,defect,1.4137931034482758,tit_for_tat
NetworkRewiring_Test,21,267,21,cooperate,0.10344827586206896,tit_for_tat
NetworkRewiring_Test,21,267,22,defect,1.2758620689655173,tit_for_tat
NetworkRewiring_Test,21,267,23,defect,1.2758620689655173,tit_for_tat
NetworkRewiring_Test,21,267,24,cooperate,0.0,tit_for_tat
NetworkRewiring_Test,21,267,25,defect,1.2758620689655173,tit_for_tat
NetworkRewiring_Test,21,267,26,defect,1.4137931034482758,tit_for_tat
NetworkRewiring_Test,21,267,27,cooperate,0.0,tit_for_tat
NetworkRewiring_Test,21,267,28,defect,1.1379310344827587,tit_for_tat
NetworkRewiring_Test,21,267,29,defect,1.2758620689655173,tit_for_tat
NetworkRewiring_Test,21,268,0,cooperate,0.0,lra_q
NetworkRewiring_Test,21,268,1,defect,1.1379310344827587,lra_q
NetworkRewiring_Test,21,268,2,cooperate,0.41379310344827586,lra_q
NetworkRewiring_Test,21,268,3,defect,1.1379310344827587,lra_q
NetworkRewiring_Test,21,268,4,cooperate,0.0,lra_q
NetworkRewiring_Test,21,268,5,defect,1.4137931034482758,lra_q
NetworkRewiring_Test,21,268,6,cooperate,0.20689655172413793,lra_q
NetworkRewiring_Test,21,268,7,defect,1.0,lra_q
NetworkRewiring_Test,21,268,8,defect,1.2758620689655173,lra_q
NetworkRewiring_Test,21,268,9,defect,1.1379310344827587,lra_q
NetworkRewiring_Test,21,268,10,cooperate,0.0,lra_q
NetworkRewiring_Test,21,268,11,defect,1.1379310344827587,lra_q
NetworkRewiring_Test,21,268,12,defect,1.0,lra_q
NetworkRewiring_Test,21,268,13,defect,1.1379310344827587,lra_q
NetworkRewiring_Test,21,268,14,defect,1.1379310344827587,lra_q
NetworkRewiring_Test,21,268,15,defect,1.4137931034482758,tit_for_tat
NetworkRewiring_Test,21,268,16,cooperate,0.3103448275862069,tit_for_tat
NetworkRewiring_Test,21,268,17,cooperate,0.3103448275862069,tit_for_tat
NetworkRewiring_Test,21,268,18,defect,1.5517241379310345,tit_for_tat
NetworkRewiring_Test,21,268,19,cooperate,0.41379310344827586,tit_for_tat
NetworkRewiring_Test,21,268,20,cooperate,0.20689655172413793,tit_for_tat
NetworkRewiring_Test,21,268,21,defect,1.1379310344827587,tit_for_tat
NetworkRewiring_Test,21,268,22,defect,1.4137931034482758,tit_for_tat
NetworkRewiring_Test,21,268,23,cooperate,0.10344827586206896,tit_for_tat
NetworkRewiring_Test,21,268,24,defect,1.2758620689655173,tit_for_tat
NetworkRewiring_Test,21,268,25,defect,1.5517241379310345,tit_for_tat
NetworkRewiring_Test,21,268,26,cooperate,0.20689655172413793,tit_for_tat
NetworkRewiring_Test,21,268,27,defect,1.1379310344827587,tit_for_tat
NetworkRewiring_Test,21,268,28,defect,1.4137931034482758,tit_for_tat
NetworkRewiring_Test,21,268,29,cooperate,0.10344827586206896,tit_for_tat
NetworkRewiring_Test,21,269,0,cooperate,0.41379310344827586,lra_q
NetworkRewiring_Test,21,269,1,defect,1.0,lra_q
NetworkRewiring_Test,21,269,2,defect,1.1379310344827587,lra_q
NetworkRewiring_Test,21,269,3,defect,1.1379310344827587,lra_q
NetworkRewiring_Test,21,269,4,cooperate,0.10344827586206896,lra_q
NetworkRewiring_Test,21,269,5,defect,1.4137931034482758,lra_q
NetworkRewiring_Test,21,269,6,defect,1.0,lra_q
NetworkRewiring_Test,21,269,7,cooperate,0.20689655172413793,lra_q
NetworkRewiring_Test,21,269,8,cooperate,0.3103448275862069,lra_q
NetworkRewiring_Test,21,269,9,cooperate,0.20689655172413793,lra_q
NetworkRewiring_Test,21,269,10,cooperate,0.41379310344827586,lra_q
NetworkRewiring_Test,21,269,11,defect,1.2758620689655173,lra_q
NetworkRewiring_Test,21,269,12,defect,1.1379310344827587,lra_q
NetworkRewiring_Test,21,269,13,defect,1.0,lra_q
NetworkRewiring_Test,21,269,14,defect,1.2758620689655173,lra_q
NetworkRewiring_Test,21,269,15,cooperate,0.3103448275862069,tit_for_tat
NetworkRewiring_Test,21,269,16,defect,1.4137931034482758,tit_for_tat
NetworkRewiring_Test,21,269,17,cooperate,0.3103448275862069,tit_for_tat
NetworkRewiring_Test,21,269,18,cooperate,0.20689655172413793,tit_for_tat
NetworkRewiring_Test,21,269,19,defect,1.5517241379310345,tit_for_tat
NetworkRewiring_Test,21,269,20,cooperate,0.3103448275862069,tit_for_tat
NetworkRewiring_Test,21,269,21,cooperate,0.10344827586206896,tit_for_tat
NetworkRewiring_Test,21,269,22,cooperate,0.5172413793103449,tit_for_tat
NetworkRewiring_Test,21,269,23,cooperate,0.10344827586206896,tit_for_tat
NetworkRewiring_Test,21,269,24,cooperate,0.10344827586206896,tit_for_tat
NetworkRewiring_Test,21,269,25,cooperate,0.3103448275862069,tit_for_tat
NetworkRewiring_Test,21,269,26,defect,1.1379310344827587,tit_for_tat
NetworkRewiring_Test,21,269,27,defect,1.1379310344827587,tit_for_tat
NetworkRewiring_Test,21,269,28,defect,1.2758620689655173,tit_for_tat
NetworkRewiring_Test,21,269,29,defect,1.1379310344827587,tit_for_tat
NetworkRewiring_Test,21,270,0,defect,1.5517241379310345,lra_q
NetworkRewiring_Test,21,270,1,cooperate,0.10344827586206896,lra_q
NetworkRewiring_Test,21,270,2,cooperate,0.3103448275862069,lra_q
NetworkRewiring_Test,21,270,3,defect,1.2758620689655173,lra_q
NetworkRewiring_Test,21,270,4,defect,1.1379310344827587,lra_q
NetworkRewiring_Test,21,270,5,defect,1.1379310344827587,lra_q
NetworkRewiring_Test,21,270,6,defect,1.2758620689655173,lra_q
NetworkRewiring_Test,21,270,7,defect,1.0,lra_q
NetworkRewiring_Test,21,270,8,defect,1.1379310344827587,lra_q
NetworkRewiring_Test,21,270,9,defect,1.1379310344827587,lra_q
NetworkRewiring_Test,21,270,10,defect,1.4137931034482758,lra_q
NetworkRewiring_Test,21,270,11,cooperate,0.10344827586206896,lra_q
NetworkRewiring_Test,21,270,12,defect,1.2758620689655173,lra_q
NetworkRewiring_Test,21,270,13,defect,1.0,lra_q
NetworkRewiring_Test,21,270,14,defect,1.2758620689655173,lra_q
NetworkRewiring_Test,21,270,15,cooperate,0.3103448275862069,tit_for_tat
NetworkRewiring_Test,21,270,16,cooperate,0.41379310344827586,tit_for_tat
NetworkRewiring_Test,21,270,17,cooperate,0.5172413793103449,tit_for_tat
NetworkRewiring_Test,21,270,18,cooperate,0.41379310344827586,tit_for_tat
NetworkRewiring_Test,21,270,19,cooperate,0.3103448275862069,tit_for_tat
NetworkRewiring_Test,21,270,20,cooperate,0.41379310344827586,tit_for_tat
NetworkRewiring_Test,21,270,21,defect,1.2758620689655173,tit_for_tat
NetworkRewiring_Test,21,270,22,cooperate,0.20689655172413793,tit_for_tat
NetworkRewiring_Test,21,270,23,defect,1.1379310344827587,tit_for_tat
NetworkRewiring_Test,21,270,24,defect,1.0,tit_for_tat
NetworkRewiring_Test,21,270,25,cooperate,0.0,tit_for_tat
NetworkRewiring_Test,21,270,26,defect,1.2758620689655173,tit_for_tat
NetworkRewiring_Test,21,270,27,defect,1.2758620689655173,tit_for_tat
NetworkRewiring_Test,21,270,28,cooperate,0.0,tit_for_tat
NetworkRewiring_Test,21,270,29,defect,1.4137931034482758,tit_for_tat
NetworkRewiring_Test,21,271,0,defect,1.1379310344827587,lra_q
NetworkRewiring_Test,21,271,1,defect,1.1379310344827587,lra_q
NetworkRewiring_Test,21,271,2,cooperate,0.0,lra_q
NetworkRewiring_Test,21,271,3,defect,1.0,lra_q
NetworkRewiring_Test,21,271,4,defect,1.1379310344827587,lra_q
NetworkRewiring_Test,21,271,5,cooperate,0.20689655172413793,lra_q
NetworkRewiring_Test,21,271,6,defect,1.1379310344827587,lra_q
NetworkRewiring_Test,21,271,7,cooperate,0.20689655172413793,lra_q
NetworkRewiring_Test,21,271,8,defect,1.1379310344827587,lra_q
NetworkRewiring_Test,21,271,9,cooperate,0.10344827586206896,lra_q
NetworkRewiring_Test,21,271,10,defect,1.2758620689655173,lra_q
NetworkRewiring_Test,21,271,11,defect,1.4137931034482758,lra_q
NetworkRewiring_Test,21,271,12,cooperate,0.20689655172413793,lra_q
NetworkRewiring_Test,21,271,13,defect,1.0,lra_q
NetworkRewiring_Test,21,271,14,defect,1.1379310344827587,lra_q
NetworkRewiring_Test,21,271,15,cooperate,0.10344827586206896,tit_for_tat
NetworkRewiring_Test,21,271,16,defect,1.4137931034482758,tit_for_tat
NetworkRewiring_Test,21,271,17,defect,1.4137931034482758,tit_for_tat
NetworkRewiring_Test,21,271,18,cooperate,0.10344827586206896,tit_for_tat
NetworkRewiring_Test,21,271,19,defect,1.4137931034482758,tit_for_tat
NetworkRewiring_Test,21,271,20,cooperate,0.10344827586206896,tit_for_tat
NetworkRewiring_Test,21,271,21,cooperate,0.0,tit_for_tat
NetworkRewiring_Test,21,271,22,defect,1.4137931034482758,tit_for_tat
NetworkRewiring_Test,21,271,23,defect,1.1379310344827587,tit_for_tat
NetworkRewiring_Test,21,271,24,defect,1.0,tit_for_tat
NetworkRewiring_Test,21,271,25,defect,1.1379310344827587,tit_for_tat
NetworkRewiring_Test,21,271,26,defect,1.1379310344827587,tit_for_tat
NetworkRewiring_Test,21,271,27,cooperate,0.0,tit_for_tat
NetworkRewiring_Test,21,271,28,defect,1.2758620689655173,tit_for_tat
NetworkRewiring_Test,21,271,29,defect,1.2758620689655173,tit_for_tat
NetworkRewiring_Test,21,272,0,cooperate,0.10344827586206896,lra_q
NetworkRewiring_Test,21,272,1,defect,1.1379310344827587,lra_q
NetworkRewiring_Test,21,272,2,cooperate,0.20689655172413793,lra_q
NetworkRewiring_Test,21,272,3,defect,1.0,lra_q
NetworkRewiring_Test,21,272,4,defect,1.0,lra_q
NetworkRewiring_Test,21,272,5,defect,1.2758620689655173,lra_q
NetworkRewiring_Test,21,272,6,defect,1.1379310344827587,lra_q
NetworkRewiring_Test,21,272,7,defect,1.1379310344827587,lra_q
NetworkRewiring_Test,21,272,8,defect,1.2758620689655173,lra_q
NetworkRewiring_Test,21,272,9,cooperate,0.10344827586206896,lra_q
NetworkRewiring_Test,21,272,10,cooperate,0.20689655172413793,lra_q
NetworkRewiring_Test,21,272,11,defect,1.4137931034482758,lra_q
NetworkRewiring_Test,21,272,12,cooperate,0.0,lra_q
NetworkRewiring_Test,21,272,13,defect,1.0,lra_q
NetworkRewiring_Test,21,272,14,defect,1.1379310344827587,lra_q
NetworkRewiring_Test,21,272,15,defect,1.6896551724137931,tit_for_tat
NetworkRewiring_Test,21,272,16,cooperate,0.20689655172413793,tit_for_tat
NetworkRewiring_Test,21,272,17,cooperate,0.10344827586206896,tit_for_tat
NetworkRewiring_Test,21,272,18,defect,1.2758620689655173,tit_for_tat
NetworkRewiring_Test,21,272,19,defect,1.1379310344827587,tit_for_tat
NetworkRewiring_Test,21,272,20,defect,1.2758620689655173,tit_for_tat
NetworkRewiring_Test,21,272,21,defect,1.1379310344827587,tit_for_tat
NetworkRewiring_Test,21,272,22,cooperate,0.20689655172413793,tit_for_tat
NetworkRewiring_Test,21,272,23,defect,1.1379310344827587,tit_for_tat
NetworkRewiring_Test,21,272,24,defect,1.0,tit_for_tat
NetworkRewiring_Test,21,272,25,defect,1.4137931034482758,tit_for_tat
NetworkRewiring_Test,21,272,26,defect,1.1379310344827587,tit_for_tat
NetworkRewiring_Test,21,272,27,defect,1.1379310344827587,tit_for_tat
NetworkRewiring_Test,21,272,28,defect,1.4137931034482758,tit_for_tat
NetworkRewiring_Test,21,272,29,cooperate,0.10344827586206896,tit_for_tat
NetworkRewiring_Test,21,273,0,cooperate,0.20689655172413793,lra_q
NetworkRewiring_Test,21,273,1,defect,1.0,lra_q
NetworkRewiring_Test,21,273,2,defect,1.1379310344827587,lra_q
NetworkRewiring_Test,21,273,3,defect,1.1379310344827587,lra_q
NetworkRewiring_Test,21,273,4,cooperate,0.10344827586206896,lra_q
NetworkRewiring_Test,21,273,5,defect,1.5517241379310345,lra_q
NetworkRewiring_Test,21,273,6,defect,1.0,lra_q
NetworkRewiring_Test,21,273,7,cooperate,0.20689655172413793,lra_q
NetworkRewiring_Test,21,273,8,cooperate,0.3103448275862069,lra_q
NetworkRewiring_Test,21,273,9,cooperate,0.20689655172413793,lra_q
NetworkRewiring_Test,21,273,10,cooperate,0.3103448275862069,lra_q
NetworkRewiring_Test,21,273,11,defect,1.4137931034482758,lra_q
NetworkRewiring_Test,21,273,12,cooperate,0.0,lra_q
NetworkRewiring_Test,21,273,13,defect,1.0,lra_q
NetworkRewiring_Test,21,273,14,defect,1.1379310344827587,lra_q
NetworkRewiring_Test,21,273,15,defect,1.4137931034482758,tit_for_tat
NetworkRewiring_Test,21,273,16,defect,1.2758620689655173,tit_for_tat
NetworkRewiring_Test,21,273,17,cooperate,0.10344827586206896,tit_for_tat
NetworkRewiring_Test,21,273,18,cooperate,0.10344827586206896,tit_for_tat
NetworkRewiring_Test,21,273,19,defect,1.4137931034482758,tit_for_tat
NetworkRewiring_Test,21,273,20,defect,1.2758620689655173,tit_for_tat
NetworkRewiring_Test,21,273,21,defect,1.0,tit_for_tat
NetworkRewiring_Test,21,273,22,defect,1.2758620689655173,tit_for_tat
NetworkRewiring_Test,21,273,23,defect,1.0,tit_for_tat
NetworkRewiring_Test,21,273,24,defect,1.1379310344827587,tit_for_tat
NetworkRewiring_Test,21,273,25,cooperate,0.3103448275862069,tit_for_tat
NetworkRewiring_Test,21,273,26,cooperate,0.0,tit_for_tat
NetworkRewiring_Test,21,273,27,defect,1.1379310344827587,tit_for_tat
NetworkRewiring_Test,21,273,28,defect,1.2758620689655173,tit_for_tat
NetworkRewiring_Test,21,273,29,defect,1.1379310344827587,tit_for_tat
NetworkRewiring_Test,21,274,0,defect,1.4137931034482758,lra_q
NetworkRewiring_Test,21,274,1,cooperate,0.10344827586206896,lra_q
NetworkRewiring_Test,21,274,2,cooperate,0.10344827586206896,lra_q
NetworkRewiring_Test,21,274,3,defect,1.4137931034482758,lra_q
NetworkRewiring_Test,21,274,4,defect,1.1379310344827587,lra_q
NetworkRewiring_Test,21,274,5,defect,1.2758620689655173,lra_q
NetworkRewiring_Test,21,274,6,cooperate,0.10344827586206896,lra_q
NetworkRewiring_Test,21,274,7,defect,1.0,lra_q
NetworkRewiring_Test,21,274,8,defect,1.0,lra_q
NetworkRewiring_Test,21,274,9,defect,1.0,lra_q
NetworkRewiring_Test,21,274,10,defect,1.2758620689655173,lra_q
NetworkRewiring_Test,21,274,11,defect,1.2758620689655173,lra_q
NetworkRewiring_Test,21,274,12,cooperate,0.10344827586206896,lra_q
NetworkRewiring_Test,21,274,13,defect,1.1379310344827587,lra_q
NetworkRewiring_Test,21,274,14,defect,1.2758620689655173,lra_q
NetworkRewiring_Test,21,274,15,cooperate,0.3103448275862069,tit_for_tat
NetworkRewiring_Test,21,274,16,defect,1.6896551724137931,tit_for_tat
NetworkRewiring_Test,21,274,17,cooperate,0.41379310344827586,tit_for_tat
NetworkRewiring_Test,21,274,18,cooperate,0.3103448275862069,tit_for_tat
NetworkRewiring_Test,21,274,19,cooperate,0.41379310344827586,tit_for_tat
NetworkRewiring_Test,21,274,20,cooperate,0.41379310344827586,tit_for_tat
NetworkRewiring_Test,21,274,21,defect,1.2758620689655173,tit_for_tat
NetworkRewiring_Test,21,274,22,cooperate,0.20689655172413793,tit_for_tat
NetworkRewiring_Test,21,274,23,defect,1.2758620689655173,tit_for_tat
NetworkRewiring_Test,21,274,24,cooperate,0.0,tit_for_tat
NetworkRewiring_Test,21,274,25,cooperate,0.0,tit_for_tat
NetworkRewiring_Test,21,274,26,defect,1.4137931034482758,tit_for_tat
NetworkRewiring_Test,21,274,27,defect,1.1379310344827587,tit_for_tat
NetworkRewiring_Test,21,274,28,defect,1.0,tit_for_tat
NetworkRewiring_Test,21,274,29,defect,1.2758620689655173,tit_for_tat
NetworkRewiring_Test,21,275,0,defect,1.0,lra_q
NetworkRewiring_Test,21,275,1,defect,1.1379310344827587,lra_q
NetworkRewiring_Test,21,275,2,cooperate,0.5172413793103449,lra_q
NetworkRewiring_Test,21,275,3,defect,1.0,lra_q
NetworkRewiring_Test,21,275,4,defect,1.0,lra_q
NetworkRewiring_Test,21,275,5,defect,1.2758620689655173,lra_q
NetworkRewiring_Test,21,275,6,defect,1.1379310344827587,lra_q
NetworkRewiring_Test,21,275,7,cooperate,0.0,lra_q
NetworkRewiring_Test,21,275,8,defect,1.4137931034482758,lra_q
NetworkRewiring_Test,21,275,9,defect,1.4137931034482758,lra_q
NetworkRewiring_Test,21,275,10,cooperate,0.0,lra_q
NetworkRewiring_Test,21,275,11,cooperate,0.10344827586206896,lra_q
NetworkRewiring_Test,21,275,12,defect,1.1379310344827587,lra_q
NetworkRewiring_Test,21,275,13,defect,1.0,lra_q
NetworkRewiring_Test,21,275,14,defect,1.1379310344827587,lra_q
NetworkRewiring_Test,21,275,15,defect,1.2758620689655173,tit_for_tat
NetworkRewiring_Test,21,275,16,cooperate,0.20689655172413793,tit_for_tat
NetworkRewiring_Test,21,275,17,cooperate,0.20689655172413793,tit_for_tat
NetworkRewiring_Test,21,275,18,defect,1.4137931034482758,tit_for_tat
NetworkRewiring_Test,21,275,19,defect,1.5517241379310345,tit_for_tat
NetworkRewiring_Test,21,275,20,cooperate,0.10344827586206896,tit_for_tat
NetworkRewiring_Test,21,275,21,cooperate,0.0,tit_for_tat
NetworkRewiring_Test,21,275,22,defect,1.4137931034482758,tit_for_tat
NetworkRewiring_Test,21,275,23,cooperate,0.10344827586206896,tit_for_tat
NetworkRewiring_Test,21,275,24,defect,1.2758620689655173,tit_for_tat
NetworkRewiring_Test,21,275,25,defect,1.2758620689655173,tit_for_tat
NetworkRewiring_Test,21,275,26,cooperate,0.10344827586206896,tit_for_tat
NetworkRewiring_Test,21,275,27,defect,1.1379310344827587,tit_for_tat
NetworkRewiring_Test,21,275,28,defect,1.2758620689655173,tit_for_tat
NetworkRewiring_Test,21,275,29,cooperate,0.10344827586206896,tit_for_tat
NetworkRewiring_Test,21,276,0,cooperate,0.3103448275862069,lra_q
NetworkRewiring_Test,21,276,1,defect,1.0,lra_q
NetworkRewiring_Test,21,276,2,defect,1.2758620689655173,lra_q
NetworkRewiring_Test,21,276,3,defect,1.1379310344827587,lra_q
NetworkRewiring_Test,21,276,4,cooperate,0.10344827586206896,lra_q
NetworkRewiring_Test,21,276,5,defect,1.5517241379310345,lra_q
NetworkRewiring_Test,21,276,6,defect,1.2758620689655173,lra_q
NetworkRewiring_Test,21,276,7,cooperate,0.0,lra_q
NetworkRewiring_Test,21,276,8,defect,1.4137931034482758,lra_q
NetworkRewiring_Test,21,276,9,defect,1.2758620689655173,lra_q
NetworkRewiring_Test,21,276,10,cooperate,0.20689655172413793,lra_q
NetworkRewiring_Test,21,276,11,defect,1.0,lra_q
NetworkRewiring_Test,21,276,12,defect,1.1379310344827587,lra_q
NetworkRewiring_Test,21,276,13,defect,1.0,lra_q
NetworkRewiring_Test,21,276,14,defect,1.2758620689655173,lra_q
NetworkRewiring_Test,21,276,15,cooperate,0.3103448275862069,tit_for_tat
NetworkRewiring_Test,21,276,16,cooperate,0.3103448275862069,tit_for_tat
NetworkRewiring_Test,21,276,17,cooperate,0.5172413793103449,tit_for_tat
NetworkRewiring_Test,21,276,18,cooperate,0.41379310344827586,tit_for_tat
NetworkRewiring_Test,21,276,19,cooperate,0.41379310344827586,tit_for_tat
NetworkRewiring_Test,21,276,20,cooperate,0.3103448275862069,tit_for_tat
NetworkRewiring_Test,21,276,21,defect,1.1379310344827587,tit_for_tat
NetworkRewiring_Test,21,276,22,defect,1.5517241379310345,tit_for_tat
NetworkRewiring_Test,21,276,23,defect,1.1379310344827587,tit_for_tat
NetworkRewiring_Test,21,276,24,cooperate,0.10344827586206896,tit_for_tat
NetworkRewiring_Test,21,276,25,cooperate,0.3103448275862069,tit_for_tat
NetworkRewiring_Test,21,276,26,cooperate,0.20689655172413793,tit_for_tat
NetworkRewiring_Test,21,276,27,defect,1.2758620689655173,tit_for_tat
NetworkRewiring_Test,21,276,28,cooperate,0.20689655172413793,tit_for_tat
NetworkRewiring_Test,21,276,29,defect,1.2758620689655173,tit_for_tat
NetworkRewiring_Test,21,277,0,defect,1.4137931034482758,lra_q
NetworkRewiring_Test,21,277,1,cooperate,0.0,lra_q
NetworkRewiring_Test,21,277,2,defect,1.5517241379310345,lra_q
NetworkRewiring_Test,21,277,3,defect,1.2758620689655173,lra_q
NetworkRewiring_Test,21,277,4,defect,1.1379310344827587,lra_q
NetworkRewiring_Test,21,277,5,defect,1.2758620689655173,lra_q
NetworkRewiring_Test,21,277,6,defect,1.2758620689655173,lra_q
NetworkRewiring_Test,21,277,7,cooperate,0.0,lra_q
NetworkRewiring_Test,21,277,8,defect,1.2758620689655173,lra_q
NetworkRewiring_Test,21,277,9,defect,1.2758620689655173,lra_q
NetworkRewiring_Test,21,277,10,cooperate,0.20689655172413793,lra_q
NetworkRewiring_Test,21,277,11,defect,1.0,lra_q
NetworkRewiring_Test,21,277,12,defect,1.1379310344827587,lra_q
NetworkRewiring_Test,21,277,13,defect,1.0,lra_q
NetworkRewiring_Test,21,277,14,defect,1.2758620689655173,lra_q
NetworkRewiring_Test,21,277,15,cooperate,0.3103448275862069,tit_for_tat
NetworkRewiring_Test,21,277,16,cooperate,0.3103448275862069,tit_for_tat
NetworkRewiring_Test,21,277,17,cooperate,0.5172413793103449,tit_for_tat
NetworkRewiring_Test,21,277,18,cooperate,0.41379310344827586,tit_for_tat
NetworkRewiring_Test,21,277,19,cooperate,0.41379310344827586,tit_for_tat
NetworkRewiring_Test,21,277,20,cooperate,0.41379310344827586,tit_for_tat
NetworkRewiring_Test,21,277,21,defect,1.2758620689655173,tit_for_tat
NetworkRewiring_Test,21,277,22,cooperate,0.3103448275862069,tit_for_tat
NetworkRewiring_Test,21,277,23,defect,1.1379310344827587,tit_for_tat
NetworkRewiring_Test,21,277,24,cooperate,0.10344827586206896,tit_for_tat
NetworkRewiring_Test,21,277,25,cooperate,0.3103448275862069,tit_for_tat
NetworkRewiring_Test,21,277,26,cooperate,0.20689655172413793,tit_for_tat
NetworkRewiring_Test,21,277,27,cooperate,0.20689655172413793,tit_for_tat
NetworkRewiring_Test,21,277,28,defect,1.4137931034482758,tit_for_tat
NetworkRewiring_Test,21,277,29,cooperate,0.20689655172413793,tit_for_tat
NetworkRewiring_Test,21,278,0,defect,1.5517241379310345,lra_q
NetworkRewiring_Test,21,278,1,cooperate,0.0,lra_q
NetworkRewiring_Test,21,278,2,defect,1.5517241379310345,lra_q
NetworkRewiring_Test,21,278,3,defect,1.2758620689655173,lra_q
NetworkRewiring_Test,21,278,4,defect,1.1379310344827587,lra_q
NetworkRewiring_Test,21,278,5,defect,1.2758620689655173,lra_q
NetworkRewiring_Test,21,278,6,defect,1.1379310344827587,lra_q
NetworkRewiring_Test,21,278,7,cooperate,0.10344827586206896,lra_q
NetworkRewiring_Test,21,278,8,cooperate,0.20689655172413793,lra_q
NetworkRewiring_Test,21,278,9,defect,1.2758620689655173,lra_q
NetworkRewiring_Test,21,278,10,cooperate,0.3103448275862069,lra_q
NetworkRewiring_Test,21,278,11,defect,1.1379310344827587,lra_q
NetworkRewiring_Test,21,278,12,defect,1.1379310344827587,lra_q
NetworkRewiring_Test,21,278,13,defect,1.0,lra_q
NetworkRewiring_Test,21,278,14,defect,1.1379310344827587,lra_q
NetworkRewiring_Test,21,278,15,cooperate,0.20689655172413793,tit_for_tat
NetworkRewiring_Test,21,278,16,cooperate,0.20689655172413793,tit_for_tat
NetworkRewiring_Test,21,278,17,defect,1.5517241379310345,tit_for_tat
NetworkRewiring_Test,21,278,18,cooperate,0.20689655172413793,tit_for_tat
NetworkRewiring_Test,21,278,19,defect,1.5517241379310345,tit_for_tat
NetworkRewiring_Test,21,278,20,cooperate,0.20689655172413793,tit_for_tat
NetworkRewiring_Test,21,278,21,cooperate,0.10344827586206896,tit_for_tat
NetworkRewiring_Test,21,278,22,cooperate,0.41379310344827586,tit_for_tat
NetworkRewiring_Test,21,278,23,cooperate,0.10344827586206896,tit_for_tat
NetworkRewiring_Test,21,278,24,cooperate,0.20689655172413793,tit_for_tat
NetworkRewiring_Test,21,278,25,cooperate,0.10344827586206896,tit_for_tat
NetworkRewiring_Test,21,278,26,cooperate,0.10344827586206896,tit_for_tat
NetworkRewiring_Test,21,278,27,defect,1.1379310344827587,tit_for_tat
NetworkRewiring_Test,21,278,28,defect,1.1379310344827587,tit_for_tat
NetworkRewiring_Test,21,278,29,defect,1.1379310344827587,tit_for_tat
NetworkRewiring_Test,21,279,0,defect,1.4137931034482758,lra_q
NetworkRewiring_Test,21,279,1,cooperate,0.0,lra_q
NetworkRewiring_Test,21,279,2,defect,1.1379310344827587,lra_q
NetworkRewiring_Test,21,279,3,defect,1.1379310344827587,lra_q
NetworkRewiring_Test,21,279,4,defect,1.0,lra_q
NetworkRewiring_Test,21,279,5,defect,1.0,lra_q
NetworkRewiring_Test,21,279,6,defect,1.1379310344827587,lra_q
NetworkRewiring_Test,21,279,7,defect,1.1379310344827587,lra_q
NetworkRewiring_Test,21,279,8,cooperate,0.0,lra_q
NetworkRewiring_Test,21,279,9,defect,1.0,lra_q
NetworkRewiring_Test,21,279,10,defect,1.2758620689655173,lra_q
NetworkRewiring_Test,21,279,11,defect,1.1379310344827587,lra_q
NetworkRewiring_Test,21,279,12,defect,1.1379310344827587,lra_q
NetworkRewiring_Test,21,279,13,defect,1.0,lra_q
NetworkRewiring_Test,21,279,14,defect,1.2758620689655173,lra_q
NetworkRewiring_Test,21,279,15,cooperate,0.20689655172413793,tit_for_tat
NetworkRewiring_Test,21,279,16,defect,1.2758620689655173,tit_for_tat
NetworkRewiring_Test,21,279,17,cooperate,0.20689655172413793,tit_for_tat
NetworkRewiring_Test,21,279,18,defect,1.2758620689655173,tit_for_tat
NetworkRewiring_Test,21,279,19,cooperate,0.10344827586206896,tit_for_tat
NetworkRewiring_Test,21,279,20,defect,1.4137931034482758,tit_for_tat
NetworkRewiring_Test,21,279,21,defect,1.2758620689655173,tit_for_tat
NetworkRewiring_Test,21,279,22,cooperate,0.10344827586206896,tit_for_tat
NetworkRewiring_Test,21,279,23,defect,1.1379310344827587,tit_for_tat
NetworkRewiring_Test,21,279,24,cooperate,0.0,tit_for_tat
NetworkRewiring_Test,21,279,25,defect,1.0,tit_for_tat
NetworkRewiring_Test,21,279,26,defect,1.2758620689655173,tit_for_tat
NetworkRewiring_Test,21,279,27,defect,1.0,tit_for_tat
NetworkRewiring_Test,21,279,28,defect,1.0,tit_for_tat
NetworkRewiring_Test,21,279,29,defect,1.0,tit_for_tat
NetworkRewiring_Test,21,280,0,defect,1.0,lra_q
NetworkRewiring_Test,21,280,1,cooperate,0.10344827586206896,lra_q
NetworkRewiring_Test,21,280,2,cooperate,0.41379310344827586,lra_q
NetworkRewiring_Test,21,280,3,defect,1.1379310344827587,lra_q
NetworkRewiring_Test,21,280,4,cooperate,0.10344827586206896,lra_q
NetworkRewiring_Test,21,280,5,cooperate,0.20689655172413793,lra_q
NetworkRewiring_Test,21,280,6,defect,1.2758620689655173,lra_q
NetworkRewiring_Test,21,280,7,defect,1.1379310344827587,lra_q
NetworkRewiring_Test,21,280,8,defect,1.1379310344827587,lra_q
NetworkRewiring_Test,21,280,9,defect,1.1379310344827587,lra_q
NetworkRewiring_Test,21,280,10,cooperate,0.10344827586206896,lra_q
NetworkRewiring_Test,21,280,11,defect,1.1379310344827587,lra_q
NetworkRewiring_Test,21,280,12,defect,1.1379310344827587,lra_q
NetworkRewiring_Test,21,280,13,defect,1.0,lra_q
NetworkRewiring_Test,21,280,14,defect,1.0,lra_q
NetworkRewiring_Test,21,280,15,defect,1.1379310344827587,tit_for_tat
NetworkRewiring_Test,21,280,16,cooperate,0.20689655172413793,tit_for_tat
NetworkRewiring_Test,21,280,17,defect,1.4137931034482758,tit_for_tat
NetworkRewiring_Test,21,280,18,cooperate,0.20689655172413793,tit_for_tat
NetworkRewiring_Test,21,280,19,defect,1.5517241379310345,tit_for_tat
NetworkRewiring_Test,21,280,20,cooperate,0.10344827586206896,tit_for_tat
NetworkRewiring_Test,21,280,21,cooperate,0.0,tit_for_tat
NetworkRewiring_Test,21,280,22,defect,1.4137931034482758,tit_for_tat
NetworkRewiring_Test,21,280,23,cooperate,0.10344827586206896,tit_for_tat
NetworkRewiring_Test,21,280,24,defect,1.2758620689655173,tit_for_tat
NetworkRewiring_Test,21,280,25,defect,1.2758620689655173,tit_for_tat
NetworkRewiring_Test,21,280,26,cooperate,0.10344827586206896,tit_for_tat
NetworkRewiring_Test,21,280,27,defect,1.0,tit_for_tat
NetworkRewiring_Test,21,280,28,defect,1.2758620689655173,tit_for_tat
NetworkRewiring_Test,21,280,29,defect,1.1379310344827587,tit_for_tat
NetworkRewiring_Test,21,281,0,cooperate,0.10344827586206896,lra_q
NetworkRewiring_Test,21,281,1,defect,1.0,lra_q
NetworkRewiring_Test,21,281,2,defect,1.4137931034482758,lra_q
NetworkRewiring_Test,21,281,3,defect,1.0,lra_q
NetworkRewiring_Test,21,281,4,defect,1.1379310344827587,lra_q
NetworkRewiring_Test,21,281,5,defect,1.1379310344827587,lra_q
NetworkRewiring_Test,21,281,6,defect,1.1379310344827587,lra_q
NetworkRewiring_Test,21,281,7,defect,1.1379310344827587,lra_q
NetworkRewiring_Test,21,281,8,defect,1.2758620689655173,lra_q
NetworkRewiring_Test,21,281,9,cooperate,0.10344827586206896,lra_q
NetworkRewiring_Test,21,281,10,cooperate,0.20689655172413793,lra_q
NetworkRewiring_Test,21,281,11,defect,1.1379310344827587,lra_q
NetworkRewiring_Test,21,281,12,defect,1.0,lra_q
NetworkRewiring_Test,21,281,13,defect,1.1379310344827587,lra_q
NetworkRewiring_Test,21,281,14,cooperate,0.0,lra_q
NetworkRewiring_Test,21,281,15,defect,1.2758620689655173,tit_for_tat
NetworkRewiring_Test,21,281,16,defect,1.1379310344827587,tit_for_tat
NetworkRewiring_Test,21,281,17,defect,1.4137931034482758,tit_for_tat
NetworkRewiring_Test,21,281,18,cooperate,0.10344827586206896,tit_for_tat
NetworkRewiring_Test,21,281,19,cooperate,0.20689655172413793,tit_for_tat
NetworkRewiring_Test,21,281,20,defect,1.2758620689655173,tit_for_tat
NetworkRewiring_Test,21,281,21,defect,1.1379310344827587,tit_for_tat
NetworkRewiring_Test,21,281,22,defect,1.2758620689655173,tit_for_tat
NetworkRewiring_Test,21,281,23,cooperate,0.10344827586206896,tit_for_tat
NetworkRewiring_Test,21,281,24,cooperate,0.20689655172413793,tit_for_tat
NetworkRewiring_Test,21,281,25,cooperate,0.3103448275862069,tit_for_tat
NetworkRewiring_Test,21,281,26,cooperate,0.20689655172413793,tit_for_tat
NetworkRewiring_Test,21,281,27,defect,1.2758620689655173,tit_for_tat
NetworkRewiring_Test,21,281,28,defect,1.4137931034482758,tit_for_tat
NetworkRewiring_Test,21,281,29,cooperate,0.10344827586206896,tit_for_tat
NetworkRewiring_Test,21,282,0,cooperate,0.3103448275862069,lra_q
NetworkRewiring_Test,21,282,1,cooperate,0.10344827586206896,lra_q
NetworkRewiring_Test,21,282,2,cooperate,0.20689655172413793,lra_q
NetworkRewiring_Test,21,282,3,defect,1.2758620689655173,lra_q
NetworkRewiring_Test,21,282,4,defect,1.2758620689655173,lra_q
NetworkRewiring_Test,21,282,5,cooperate,0.20689655172413793,lra_q
NetworkRewiring_Test,21,282,6,defect,1.1379310344827587,lra_q
NetworkRewiring_Test,21,282,7,defect,1.4137931034482758,lra_q
NetworkRewiring_Test,21,282,8,cooperate,0.20689655172413793,lra_q
NetworkRewiring_Test,21,282,9,cooperate,0.10344827586206896,lra_q
NetworkRewiring_Test,21,282,10,cooperate,0.5172413793103449,lra_q
NetworkRewiring_Test,21,282,11,defect,1.5517241379310345,lra_q
NetworkRewiring_Test,21,282,12,cooperate,0.10344827586206896,lra_q
NetworkRewiring_Test,21,282,13,defect,1.1379310344827587,lra_q
NetworkRewiring_Test,21,282,14,cooperate,0.0,lra_q
NetworkRewiring_Test,21,282,15,defect,1.5517241379310345,tit_for_tat
NetworkRewiring_Test,21,282,16,defect,1.1379310344827587,tit_for_tat
NetworkRewiring_Test,21,282,17,defect,1.2758620689655173,tit_for_tat
NetworkRewiring_Test,21,282,18,defect,1.1379310344827587,tit_for_tat
NetworkRewiring_Test,21,282,19,defect,1.2758620689655173,tit_for_tat
NetworkRewiring_Test,21,282,20,cooperate,0.10344827586206896,tit_for_tat
NetworkRewiring_Test,21,282,21,defect,1.1379310344827587,tit_for_tat
NetworkRewiring_Test,21,282,22,cooperate,0.3103448275862069,tit_for_tat
NetworkRewiring_Test,21,282,23,defect,1.2758620689655173,tit_for_tat
NetworkRewiring_Test,21,282,24,cooperate,0.10344827586206896,tit_for_tat
NetworkRewiring_Test,21,282,25,cooperate,0.3103448275862069,tit_for_tat
NetworkRewiring_Test,21,282,26,cooperate,0.20689655172413793,tit_for_tat
NetworkRewiring_Test,21,282,27,cooperate,0.10344827586206896,tit_for_tat
NetworkRewiring_Test,21,282,28,defect,1.5517241379310345,tit_for_tat
NetworkRewiring_Test,21,282,29,defect,1.4137931034482758,tit_for_tat
NetworkRewiring_Test,21,283,0,defect,1.4137931034482758,lra_q
NetworkRewiring_Test,21,283,1,cooperate,0.0,lra_q
NetworkRewiring_Test,21,283,2,defect,1.4137931034482758,lra_q
NetworkRewiring_Test,21,283,3,defect,1.1379310344827587,lra_q
NetworkRewiring_Test,21,283,4,defect,1.0,lra_q
NetworkRewiring_Test,21,283,5,defect,1.2758620689655173,lra_q
NetworkRewiring_Test,21,283,6,defect,1.0,lra_q
NetworkRewiring_Test,21,283,7,defect,1.2758620689655173,lra_q
NetworkRewiring_Test,21,283,8,cooperate,0.10344827586206896,lra_q
NetworkRewiring_Test,21,283,9,cooperate,0.10344827586206896,lra_q
NetworkRewiring_Test,21,283,10,cooperate,0.3103448275862069,lra_q
NetworkRewiring_Test,21,283,11,defect,1.2758620689655173,lra_q
NetworkRewiring_Test,21,283,12,defect,1.1379310344827587,lra_q
NetworkRewiring_Test,21,283,13,defect,1.1379310344827587,lra_q
NetworkRewiring_Test,21,283,14,cooperate,0.10344827586206896,lra_q
NetworkRewiring_Test,21,283,15,cooperate,0.10344827586206896,tit_for_tat
NetworkRewiring_Test,21,283,16,defect,1.1379310344827587,tit_for_tat
NetworkRewiring_Test,21,283,17,defect,1.2758620689655173,tit_for_tat
NetworkRewiring_Test,21,283,18,defect,1.0,tit_for_tat
NetworkRewiring_Test,21,283,19,defect,1.1379310344827587,tit_for_tat
NetworkRewiring_Test,21,283,20,defect,1.0,tit_for_tat
NetworkRewiring_Test,21,283,21,cooperate,0.0,tit_for_tat
NetworkRewiring_Test,21,283,22,defect,1.4137931034482758,tit_for_tat
NetworkRewiring_Test,21,283,23,cooperate,0.10344827586206896,tit_for_tat
NetworkRewiring_Test,21,283,24,cooperate,0.10344827586206896,tit_for_tat
NetworkRewiring_Test,21,283,25,defect,1.2758620689655173,tit_for_tat
NetworkRewiring_Test,21,283,26,defect,1.1379310344827587,tit_for_tat
NetworkRewiring_Test,21,283,27,defect,1.2758620689655173,tit_for_tat
NetworkRewiring_Test,21,283,28,cooperate,0.20689655172413793,tit_for_tat
NetworkRewiring_Test,21,283,29,cooperate,0.10344827586206896,tit_for_tat
NetworkRewiring_Test,21,284,0,defect,1.1379310344827587,lra_q
NetworkRewiring_Test,21,284,1,cooperate,0.10344827586206896,lra_q
NetworkRewiring_Test,21,284,2,cooperate,0.20689655172413793,lra_q
NetworkRewiring_Test,21,284,3,defect,1.1379310344827587,lra_q
NetworkRewiring_Test,21,284,4,cooperate,0.0,lra_q
NetworkRewiring_Test,21,284,5,defect,1.2758620689655173,lra_q
NetworkRewiring_Test,21,284,6,defect,1.0,lra_q
NetworkRewiring_Test,21,284,7,defect,1.1379310344827587,lra_q
NetworkRewiring_Test,21,284,8,defect,1.0,lra_q
NetworkRewiring_Test,21,284,9,cooperate,0.0,lra_q
NetworkRewiring_Test,21,284,10,defect,1.2758620689655173,lra_q
NetworkRewiring_Test,21,284,11,defect,1.4137931034482758,lra_q
NetworkRewiring_Test,21,284,12,cooperate,0.0,lra_q
NetworkRewiring_Test,21,284,13,defect,1.0,lra_q
NetworkRewiring_Test,21,284,14,defect,1.0,lra_q
NetworkRewiring_Test,21,284,15,defect,1.2758620689655173,tit_for_tat
NetworkRewiring_Test,21,284,16,defect,1.1379310344827587,tit_for_tat
NetworkRewiring_Test,21,284,17,defect,1.0,tit_for_tat
NetworkRewiring_Test,21,284,18,defect,1.0,tit_for_tat
NetworkRewiring_Test,21,284,19,defect,1.1379310344827587,tit_for_tat
NetworkRewiring_Test,21,284,20,defect,1.1379310344827587,tit_for_tat
NetworkRewiring_Test,21,284,21,defect,1.1379310344827587,tit_for_tat
NetworkRewiring_Test,21,284,22,cooperate,0.0,tit_for_tat
NetworkRewiring_Test,21,284,23,defect,1.1379310344827587,tit_for_tat
NetworkRewiring_Test,21,284,24,defect,1.1379310344827587,tit_for_tat
NetworkRewiring_Test,21,284,25,defect,1.1379310344827587,tit_for_tat
NetworkRewiring_Test,21,284,26,cooperate,0.10344827586206896,tit_for_tat
NetworkRewiring_Test,21,284,27,defect,1.0,tit_for_tat
NetworkRewiring_Test,21,284,28,defect,1.0,tit_for_tat
NetworkRewiring_Test,21,284,29,defect,1.1379310344827587,tit_for_tat
NetworkRewiring_Test,21,285,0,cooperate,0.10344827586206896,lra_q
NetworkRewiring_Test,21,285,1,defect,1.0,lra_q
NetworkRewiring_Test,21,285,2,defect,1.2758620689655173,lra_q
NetworkRewiring_Test,21,285,3,defect,1.1379310344827587,lra_q
NetworkRewiring_Test,21,285,4,cooperate,0.0,lra_q
NetworkRewiring_Test,21,285,5,defect,1.4137931034482758,lra_q
NetworkRewiring_Test,21,285,6,defect,1.0,lra_q
NetworkRewiring_Test,21,285,7,defect,1.0,lra_q
NetworkRewiring_Test,21,285,8,defect,1.4137931034482758,lra_q
NetworkRewiring_Test,21,285,9,defect,1.2758620689655173,lra_q
NetworkRewiring_Test,21,285,10,cooperate,0.0,lra_q
NetworkRewiring_Test,21,285,11,cooperate,0.10344827586206896,lra_q
NetworkRewiring_Test,21,285,12,cooperate,0.20689655172413793,lra_q
NetworkRewiring_Test,21,285,13,defect,1.1379310344827587,lra_q
NetworkRewiring_Test,21,285,14,cooperate,0.10344827586206896,lra_q
NetworkRewiring_Test,21,285,15,cooperate,0.3103448275862069,tit_for_tat
NetworkRewiring_Test,21,285,16,defect,1.1379310344827587,tit_for_tat
NetworkRewiring_Test,21,285,17,defect,1.2758620689655173,tit_for_tat
NetworkRewiring_Test,21,285,18,defect,1.0,tit_for_tat
NetworkRewiring_Test,21,285,19,defect,1.1379310344827587,tit_for_tat
NetworkRewiring_Test,21,285,20,defect,1.0,tit_for_tat
NetworkRewiring_Test,21,285,21,cooperate,0.0,tit_for_tat
NetworkRewiring_Test,21,285,22,defect,1.5517241379310345,tit_for_tat
NetworkRewiring_Test,21,285,23,cooperate,0.10344827586206896,tit_for_tat
NetworkRewiring_Test,21,285,24,cooperate,0.10344827586206896,tit_for_tat
NetworkRewiring_Test,21,285,25,defect,1.4137931034482758,tit_for_tat
NetworkRewiring_Test,21,285,26,defect,1.1379310344827587,tit_for_tat
NetworkRewiring_Test,21,285,27,defect,1.0,tit_for_tat
NetworkRewiring_Test,21,285,28,defect,1.2758620689655173,tit_for_tat
NetworkRewiring_Test,21,285,29,defect,1.0,tit_for_tat
NetworkRewiring_Test,21,286,0,cooperate,0.20689655172413793,lra_q
NetworkRewiring_Test,21,286,1,cooperate,0.0,lra_q
NetworkRewiring_Test,21,286,2,defect,1.4137931034482758,lra_q
NetworkRewiring_Test,21,286,3,defect,1.1379310344827587,lra_q
NetworkRewiring_Test,21,286,4,cooperate,0.10344827586206896,lra_q
NetworkRewiring_Test,21,286,5,defect,1.4137931034482758,lra_q
NetworkRewiring_Test,21,286,6,defect,1.1379310344827587,lra_q
NetworkRewiring_Test,21,286,7,cooperate,0.10344827586206896,lra_q
NetworkRewiring_Test,21,286,8,defect,1.4137931034482758,lra_q
NetworkRewiring_Test,21,286,9,cooperate,0.20689655172413793,lra_q
NetworkRewiring_Test,21,286,10,cooperate,0.3103448275862069,lra_q
NetworkRewiring_Test,21,286,11,defect,1.1379310344827587,lra_q
NetworkRewiring_Test,21,286,12,defect,1.0,lra_q
NetworkRewiring_Test,21,286,13,cooperate,0.0,lra_q
NetworkRewiring_Test,21,286,14,defect,1.2758620689655173,lra_q
NetworkRewiring_Test,21,286,15,defect,1.4137931034482758,tit_for_tat
NetworkRewiring_Test,21,286,16,defect,1.1379310344827587,tit_for_tat
NetworkRewiring_Test,21,286,17,cooperate,0.0,tit_for_tat
NetworkRewiring_Test,21,286,18,defect,1.1379310344827587,tit_for_tat
NetworkRewiring_Test,21,286,19,defect,1.2758620689655173,tit_for_tat
NetworkRewiring_Test,21,286,20,defect,1.2758620689655173,tit_for_tat
NetworkRewiring_Test,21,286,21,defect,1.1379310344827587,tit_for_tat
NetworkRewiring_Test,21,286,22,cooperate,0.20689655172413793,tit_for_tat
NetworkRewiring_Test,21,286,23,cooperate,0.10344827586206896,tit_for_tat
NetworkRewiring_Test,21,286,24,cooperate,0.20689655172413793,tit_for_tat
NetworkRewiring_Test,21,286,25,cooperate,0.3103448275862069,tit_for_tat
NetworkRewiring_Test,21,286,26,cooperate,0.10344827586206896,tit_for_tat
NetworkRewiring_Test,21,286,27,defect,1.1379310344827587,tit_for_tat
NetworkRewiring_Test,21,286,28,defect,1.2758620689655173,tit_for_tat
NetworkRewiring_Test,21,286,29,defect,1.1379310344827587,tit_for_tat
NetworkRewiring_Test,21,287,0,defect,1.5517241379310345,lra_q
NetworkRewiring_Test,21,287,1,cooperate,0.10344827586206896,lra_q
NetworkRewiring_Test,21,287,2,cooperate,0.20689655172413793,lra_q
NetworkRewiring_Test,21,287,3,defect,1.1379310344827587,lra_q
NetworkRewiring_Test,21,287,4,defect,1.1379310344827587,lra_q
NetworkRewiring_Test,21,287,5,defect,1.2758620689655173,lra_q
NetworkRewiring_Test,21,287,6,defect,1.1379310344827587,lra_q
NetworkRewiring_Test,21,287,7,defect,1.0,lra_q
NetworkRewiring_Test,21,287,8,defect,1.0,lra_q
NetworkRewiring_Test,21,287,9,defect,1.0,lra_q
NetworkRewiring_Test,21,287,10,defect,1.4137931034482758,lra_q
NetworkRewiring_Test,21,287,11,defect,1.2758620689655173,lra_q
NetworkRewiring_Test,21,287,12,cooperate,0.10344827586206896,lra_q
NetworkRewiring_Test,21,287,13,defect,1.0,lra_q
NetworkRewiring_Test,21,287,14,defect,1.1379310344827587,lra_q
NetworkRewiring_Test,21,287,15,cooperate,0.20689655172413793,tit_for_tat
NetworkRewiring_Test,21,287,16,defect,1.2758620689655173,tit_for_tat
NetworkRewiring_Test,21,287,17,defect,1.4137931034482758,tit_for_tat
NetworkRewiring_Test,21,287,18,defect,1.2758620689655173,tit_for_tat
NetworkRewiring_Test,21,287,19,cooperate,0.10344827586206896,tit_for_tat
NetworkRewiring_Test,21,287,20,cooperate,0.20689655172413793,tit_for_tat
NetworkRewiring_Test,21,287,21,defect,1.2758620689655173,tit_for_tat
NetworkRewiring_Test,21,287,22,cooperate,0.20689655172413793,tit_for_tat
NetworkRewiring_Test,21,287,23,cooperate,0.20689655172413793,tit_for_tat
NetworkRewiring_Test,21,287,24,cooperate,0.10344827586206896,tit_for_tat
NetworkRewiring_Test,21,287,25,cooperate,0.10344827586206896,tit_for_tat
NetworkRewiring_Test,21,287,26,defect,1.4137931034482758,tit_for_tat
NetworkRewiring_Test,21,287,27,cooperate,0.20689655172413793,tit_for_tat
NetworkRewiring_Test,21,287,28,cooperate,0.10344827586206896,tit_for_tat
NetworkRewiring_Test,21,287,29,defect,1.5517241379310345,tit_for_tat
NetworkRewiring_Test,21,288,0,defect,1.2758620689655173,lra_q
NetworkRewiring_Test,21,288,1,defect,1.2758620689655173,lra_q
NetworkRewiring_Test,21,288,2,cooperate,0.3103448275862069,lra_q
NetworkRewiring_Test,21,288,3,cooperate,0.0,lra_q
NetworkRewiring_Test,21,288,4,defect,1.0,lra_q
NetworkRewiring_Test,21,288,5,defect,1.4137931034482758,lra_q
NetworkRewiring_Test,21,288,6,defect,1.0,lra_q
NetworkRewiring_Test,21,288,7,cooperate,0.0,lra_q
NetworkRewiring_Test,21,288,8,defect,1.1379310344827587,lra_q
NetworkRewiring_Test,21,288,9,defect,1.1379310344827587,lra_q
NetworkRewiring_Test,21,288,10,defect,1.2758620689655173,lra_q
NetworkRewiring_Test,21,288,11,defect,1.2758620689655173,lra_q
NetworkRewiring_Test,21,288,12,defect,1.0,lra_q
NetworkRewiring_Test,21,288,13,defect,1.0,lra_q
NetworkRewiring_Test,21,288,14,defect,1.1379310344827587,lra_q
NetworkRewiring_Test,21,288,15,defect,1.2758620689655173,tit_for_tat
NetworkRewiring_Test,21,288,16,defect,1.4137931034482758,tit_for_tat
NetworkRewiring_Test,21,288,17,cooperate,0.10344827586206896,tit_for_tat
NetworkRewiring_Test,21,288,18,cooperate,0.10344827586206896,tit_for_tat
NetworkRewiring_Test,21,288,19,defect,1.5517241379310345,tit_for_tat
NetworkRewiring_Test,21,288,20,defect,1.4137931034482758,tit_for_tat
NetworkRewiring_Test,21,288,21,cooperate,0.10344827586206896,tit_for_tat
NetworkRewiring_Test,21,288,22,cooperate,0.10344827586206896,tit_for_tat
NetworkRewiring_Test,21,288,23,cooperate,0.20689655172413793,tit_for_tat
NetworkRewiring_Test,21,288,24,cooperate,0.20689655172413793,tit_for_tat
NetworkRewiring_Test,21,288,25,defect,1.2758620689655173,tit_for_tat
NetworkRewiring_Test,21,288,26,cooperate,0.20689655172413793,tit_for_tat
NetworkRewiring_Test,21,288,27,cooperate,0.20689655172413793,tit_for_tat
NetworkRewiring_Test,21,288,28,cooperate,0.20689655172413793,tit_for_tat
NetworkRewiring_Test,21,288,29,cooperate,0.3103448275862069,tit_for_tat
NetworkRewiring_Test,21,289,0,defect,1.1379310344827587,lra_q
NetworkRewiring_Test,21,289,1,defect,1.1379310344827587,lra_q
NetworkRewiring_Test,21,289,2,cooperate,0.41379310344827586,lra_q
NetworkRewiring_Test,21,289,3,defect,1.1379310344827587,lra_q
NetworkRewiring_Test,21,289,4,cooperate,0.20689655172413793,lra_q
NetworkRewiring_Test,21,289,5,cooperate,0.41379310344827586,lra_q
NetworkRewiring_Test,21,289,6,defect,1.2758620689655173,lra_q
NetworkRewiring_Test,21,289,7,cooperate,0.10344827586206896,lra_q
NetworkRewiring_Test,21,289,8,defect,1.2758620689655173,lra_q
NetworkRewiring_Test,21,289,9,defect,1.2758620689655173,lra_q
NetworkRewiring_Test,21,289,10,cooperate,0.20689655172413793,lra_q
NetworkRewiring_Test,21,289,11,defect,1.2758620689655173,lra_q
NetworkRewiring_Test,21,289,12,cooperate,0.10344827586206896,lra_q
NetworkRewiring_Test,21,289,13,defect,1.0,lra_q
NetworkRewiring_Test,21,289,14,defect,1.0,lra_q
NetworkRewiring_Test,21,289,15,defect,1.2758620689655173,tit_for_tat
NetworkRewiring_Test,21,289,16,cooperate,0.10344827586206896,tit_for_tat
NetworkRewiring_Test,21,289,17,defect,1.2758620689655173,tit_for_tat
NetworkRewiring_Test,21,289,18,defect,1.2758620689655173,tit_for_tat
NetworkRewiring_Test,21,289,19,defect,1.2758620689655173,tit_for_tat
NetworkRewiring_Test,21,289,20,cooperate,0.0,tit_for_tat
NetworkRewiring_Test,21,289,21,defect,1.0,tit_for_tat
NetworkRewiring_Test,21,289,22,defect,1.2758620689655173,tit_for_tat
NetworkRewiring_Test,21,289,23,cooperate,0.20689655172413793,tit_for_tat
NetworkRewiring_Test,21,289,24,cooperate,0.20689655172413793,tit_for_tat
NetworkRewiring_Test,21,289,25,cooperate,0.41379310344827586,tit_for_tat
NetworkRewiring_Test,21,289,26,cooperate,0.20689655172413793,tit_for_tat
NetworkRewiring_Test,21,289,27,cooperate,0.20689655172413793,tit_for_tat
NetworkRewiring_Test,21,289,28,defect,1.5517241379310345,tit_for_tat
NetworkRewiring_Test,21,289,29,cooperate,0.3103448275862069,tit_for_tat
NetworkRewiring_Test,21,290,0,cooperate,0.41379310344827586,lra_q
NetworkRewiring_Test,21,290,1,defect,1.0,lra_q
NetworkRewiring_Test,21,290,2,defect,1.4137931034482758,lra_q
NetworkRewiring_Test,21,290,3,defect,1.0,lra_q
NetworkRewiring_Test,21,290,4,defect,1.1379310344827587,lra_q
NetworkRewiring_Test,21,290,5,defect,1.4137931034482758,lra_q
NetworkRewiring_Test,21,290,6,cooperate,0.0,lra_q
NetworkRewiring_Test,21,290,7,defect,1.1379310344827587,lra_q
NetworkRewiring_Test,21,290,8,cooperate,0.20689655172413793,lra_q
NetworkRewiring_Test,21,290,9,defect,1.1379310344827587,lra_q
NetworkRewiring_Test,21,290,10,cooperate,0.3103448275862069,lra_q
NetworkRewiring_Test,21,290,11,defect,1.1379310344827587,lra_q
NetworkRewiring_Test,21,290,12,defect,1.1379310344827587,lra_q
NetworkRewiring_Test,21,290,13,defect,1.2758620689655173,lra_q
NetworkRewiring_Test,21,290,14,cooperate,0.10344827586206896,lra_q
NetworkRewiring_Test,21,290,15,cooperate,0.20689655172413793,tit_for_tat
NetworkRewiring_Test,21,290,16,defect,1.4137931034482758,tit_for_tat
NetworkRewiring_Test,21,290,17,defect,1.4137931034482758,tit_for_tat
NetworkRewiring_Test,21,290,18,cooperate,0.0,tit_for_tat
NetworkRewiring_Test,21,290,19,defect,1.4137931034482758,tit_for_tat
NetworkRewiring_Test,21,290,20,defect,1.1379310344827587,tit_for_tat
NetworkRewiring_Test,21,290,21,defect,1.0,tit_for_tat
NetworkRewiring_Test,21,290,22,defect,1.4137931034482758,tit_for_tat
NetworkRewiring_Test,21,290,23,cooperate,0.10344827586206896,tit_for_tat
NetworkRewiring_Test,21,290,24,cooperate,0.20689655172413793,tit_for_tat
NetworkRewiring_Test,21,290,25,cooperate,0.41379310344827586,tit_for_tat
NetworkRewiring_Test,21,290,26,cooperate,0.10344827586206896,tit_for_tat
NetworkRewiring_Test,21,290,27,cooperate,0.3103448275862069,tit_for_tat
NetworkRewiring_Test,21,290,28,cooperate,0.41379310344827586,tit_for_tat
NetworkRewiring_Test,21,290,29,cooperate,0.3103448275862069,tit_for_tat
NetworkRewiring_Test,21,291,0,defect,1.4137931034482758,lra_q
NetworkRewiring_Test,21,291,1,cooperate,0.10344827586206896,lra_q
NetworkRewiring_Test,21,291,2,cooperate,0.3103448275862069,lra_q
NetworkRewiring_Test,21,291,3,defect,1.1379310344827587,lra_q
NetworkRewiring_Test,21,291,4,defect,1.1379310344827587,lra_q
NetworkRewiring_Test,21,291,5,defect,1.1379310344827587,lra_q
NetworkRewiring_Test,21,291,6,defect,1.2758620689655173,lra_q
NetworkRewiring_Test,21,291,7,defect,1.1379310344827587,lra_q
NetworkRewiring_Test,21,291,8,cooperate,0.0,lra_q
NetworkRewiring_Test,21,291,9,defect,1.0,lra_q
NetworkRewiring_Test,21,291,10,defect,1.4137931034482758,lra_q
NetworkRewiring_Test,21,291,11,defect,1.2758620689655173,lra_q
NetworkRewiring_Test,21,291,12,defect,1.0,lra_q
NetworkRewiring_Test,21,291,13,defect,1.0,lra_q
NetworkRewiring_Test,21,291,14,defect,1.1379310344827587,lra_q
NetworkRewiring_Test,21,291,15,defect,1.2758620689655173,tit_for_tat
NetworkRewiring_Test,21,291,16,cooperate,0.20689655172413793,tit_for_tat
NetworkRewiring_Test,21,291,17,cooperate,0.20689655172413793,tit_for_tat
NetworkRewiring_Test,21,291,18,defect,1.4137931034482758,tit_for_tat
NetworkRewiring_Test,21,291,19,cooperate,0.10344827586206896,tit_for_tat
NetworkRewiring_Test,21,291,20,defect,1.2758620689655173,tit_for_tat
NetworkRewiring_Test,21,291,21,defect,1.1379310344827587,tit_for_tat
NetworkRewiring_Test,21,291,22,defect,1.0,tit_for_tat
NetworkRewiring_Test,21,291,23,cooperate,0.20689655172413793,tit_for_tat
NetworkRewiring_Test,21,291,24,cooperate,0.10344827586206896,tit_for_tat
NetworkRewiring_Test,21,291,25,cooperate,0.10344827586206896,tit_for_tat
NetworkRewiring_Test,21,291,26,defect,1.4137931034482758,tit_for_tat
NetworkRewiring_Test,21,291,27,cooperate,0.20689655172413793,tit_for_tat
NetworkRewiring_Test,21,291,28,cooperate,0.10344827586206896,tit_for_tat
NetworkRewiring_Test,21,291,29,defect,1.5517241379310345,tit_for_tat
NetworkRewiring_Test,21,292,0,defect,1.0,lra_q
NetworkRewiring_Test,21,292,1,defect,1.1379310344827587,lra_q
NetworkRewiring_Test,21,292,2,cooperate,0.3103448275862069,lra_q
NetworkRewiring_Test,21,292,3,defect,1.1379310344827587,lra_q
NetworkRewiring_Test,21,292,4,defect,1.1379310344827587,lra_q
NetworkRewiring_Test,21,292,5,cooperate,0.20689655172413793,lra_q
NetworkRewiring_Test,21,292,6,cooperate,0.10344827586206896,lra_q
NetworkRewiring_Test,21,292,7,defect,1.1379310344827587,lra_q
NetworkRewiring_Test,21,292,8,defect,1.0,lra_q
NetworkRewiring_Test,21,292,9,defect,1.0,lra_q
NetworkRewiring_Test,21,292,10,defect,1.1379310344827587,lra_q
NetworkRewiring_Test,21,292,11,defect,1.2758620689655173,lra_q
NetworkRewiring_Test,21,292,12,cooperate,0.10344827586206896,lra_q
NetworkRewiring_Test,21,292,13,defect,1.1379310344827587,lra_q
NetworkRewiring_Test,21,292,14,defect,1.0,lra_q
NetworkRewiring_Test,21,292,15,defect,1.1379310344827587,tit_for_tat
NetworkRewiring_Test,21,292,16,defect,1.4137931034482758,tit_for_tat
NetworkRewiring_Test,21,292,17,defect,1.2758620689655173,tit_for_tat
NetworkRewiring_Test,21,292,18,cooperate,0.10344827586206896,tit_for_tat
NetworkRewiring_Test,21,292,19,defect,1.6896551724137931,tit_for_tat
NetworkRewiring_Test,21,292,20,cooperate,0.10344827586206896,tit_for_tat
NetworkRewiring_Test,21,292,21,cooperate,0.0,tit_for_tat
NetworkRewiring_Test,21,292,22,defect,1.2758620689655173,tit_for_tat
NetworkRewiring_Test,21,292,23,cooperate,0.10344827586206896,tit_for_tat
NetworkRewiring_Test,21,292,24,defect,1.2758620689655173,tit_for_tat
NetworkRewiring_Test,21,292,25,defect,1.2758620689655173,tit_for_tat
NetworkRewiring_Test,21,292,26,cooperate,0.10344827586206896,tit_for_tat
NetworkRewiring_Test,21,292,27,cooperate,0.10344827586206896,tit_for_tat
NetworkRewiring_Test,21,292,28,defect,1.4137931034482758,tit_for_tat
NetworkRewiring_Test,21,292,29,cooperate,0.20689655172413793,tit_for_tat
NetworkRewiring_Test,21,293,0,cooperate,0.10344827586206896,lra_q
NetworkRewiring_Test,21,293,1,defect,1.1379310344827587,lra_q
NetworkRewiring_Test,21,293,2,cooperate,0.3103448275862069,lra_q
NetworkRewiring_Test,21,293,3,defect,1.1379310344827587,lra_q
NetworkRewiring_Test,21,293,4,defect,1.0,lra_q
NetworkRewiring_Test,21,293,5,defect,1.1379310344827587,lra_q
NetworkRewiring_Test,21,293,6,defect,1.2758620689655173,lra_q
NetworkRewiring_Test,21,293,7,defect,1.0,lra_q
NetworkRewiring_Test,21,293,8,defect,1.4137931034482758,lra_q
NetworkRewiring_Test,21,293,9,defect,1.2758620689655173,lra_q
NetworkRewiring_Test,21,293,10,cooperate,0.10344827586206896,lra_q
NetworkRewiring_Test,21,293,11,cooperate,0.10344827586206896,lra_q
NetworkRewiring_Test,21,293,12,defect,1.1379310344827587,lra_q
NetworkRewiring_Test,21,293,13,defect,1.1379310344827587,lra_q
NetworkRewiring_Test,21,293,14,cooperate,0.0,lra_q
NetworkRewiring_Test,21,293,15,defect,1.5517241379310345,tit_for_tat
NetworkRewiring_Test,21,293,16,cooperate,0.10344827586206896,tit_for_tat
NetworkRewiring_Test,21,293,17,defect,1.5517241379310345,tit_for_tat
NetworkRewiring_Test,21,293,18,defect,1.4137931034482758,tit_for_tat
NetworkRewiring_Test,21,293,19,cooperate,0.20689655172413793,tit_for_tat
NetworkRewiring_Test,21,293,20,cooperate,0.20689655172413793,tit_for_tat
NetworkRewiring_Test,21,293,21,defect,1.2758620689655173,tit_for_tat
NetworkRewiring_Test,21,293,22,cooperate,0.3103448275862069,tit_for_tat
NetworkRewiring_Test,21,293,23,defect,1.2758620689655173,tit_for_tat
NetworkRewiring_Test,21,293,24,cooperate,0.10344827586206896,tit_for_tat
NetworkRewiring_Test,21,293,25,defect,1.4137931034482758,tit_for_tat
NetworkRewiring_Test,21,293,26,cooperate,0.3103448275862069,tit_for_tat
NetworkRewiring_Test,21,293,27,cooperate,0.0,tit_for_tat
NetworkRewiring_Test,21,293,28,defect,1.4137931034482758,tit_for_tat
NetworkRewiring_Test,21,293,29,defect,1.2758620689655173,tit_for_tat
NetworkRewiring_Test,21,294,0,cooperate,0.3103448275862069,lra_q
NetworkRewiring_Test,21,294,1,defect,1.1379310344827587,lra_q
NetworkRewiring_Test,21,294,2,cooperate,0.20689655172413793,lra_q
NetworkRewiring_Test,21,294,3,defect,1.1379310344827587,lra_q
NetworkRewiring_Test,21,294,4,cooperate,0.20689655172413793,lra_q
NetworkRewiring_Test,21,294,5,cooperate,0.5172413793103449,lra_q
NetworkRewiring_Test,21,294,6,cooperate,0.10344827586206896,lra_q
NetworkRewiring_Test,21,294,7,cooperate,0.10344827586206896,lra_q
NetworkRewiring_Test,21,294,8,defect,1.4137931034482758,lra_q
NetworkRewiring_Test,21,294,9,defect,1.2758620689655173,lra_q
NetworkRewiring_Test,21,294,10,cooperate,0.3103448275862069,lra_q
NetworkRewiring_Test,21,294,11,defect,1.1379310344827587,lra_q
NetworkRewiring_Test,21,294,12,defect,1.2758620689655173,lra_q
NetworkRewiring_Test,21,294,13,defect,1.2758620689655173,lra_q
NetworkRewiring_Test,21,294,14,cooperate,0.20689655172413793,lra_q
NetworkRewiring_Test,21,294,15,cooperate,0.3103448275862069,tit_for_tat
NetworkRewiring_Test,21,294,16,defect,1.6896551724137931,tit_for_tat
NetworkRewiring_Test,21,294,17,cooperate,0.41379310344827586,tit_for_tat
NetworkRewiring_Test,21,294,18,cooperate,0.20689655172413793,tit_for_tat
NetworkRewiring_Test,21,294,19,defect,1.8275862068965516,tit_for_tat
NetworkRewiring_Test,21,294,20,cooperate,0.20689655172413793,tit_for_tat
NetworkRewiring_Test,21,294,21,cooperate,0.0,tit_for_tat
NetworkRewiring_Test,21,294,22,defect,1.6896551724137931,tit_for_tat
NetworkRewiring_Test,21,294,23,cooperate,0.10344827586206896,tit_for_tat
NetworkRewiring_Test,21,294,24,defect,1.2758620689655173,tit_for_tat
NetworkRewiring_Test,21,294,25,cooperate,0.3103448275862069,tit_for_tat
NetworkRewiring_Test,21,294,26,cooperate,0.10344827586206896,tit_for_tat
NetworkRewiring_Test,21,294,27,defect,1.2758620689655173,tit_for_tat
NetworkRewiring_Test,21,294,28,cooperate,0.3103448275862069,tit_for_tat
NetworkRewiring_Test,21,294,29,defect,1.4137931034482758,tit_for_tat
NetworkRewiring_Test,21,295,0,defect,1.4137931034482758,lra_q
NetworkRewiring_Test,21,295,1,defect,1.0,lra_q
NetworkRewiring_Test,21,295,2,defect,1.2758620689655173,lra_q
NetworkRewiring_Test,21,295,3,defect,1.0,lra_q
NetworkRewiring_Test,21,295,4,defect,1.1379310344827587,lra_q
NetworkRewiring_Test,21,295,5,defect,1.1379310344827587,lra_q
NetworkRewiring_Test,21,295,6,defect,1.2758620689655173,lra_q
NetworkRewiring_Test,21,295,7,defect,1.0,lra_q
NetworkRewiring_Test,21,295,8,defect,1.0,lra_q
NetworkRewiring_Test,21,295,9,defect,1.0,lra_q
NetworkRewiring_Test,21,295,10,defect,1.4137931034482758,lra_q
NetworkRewiring_Test,21,295,11,defect,1.0,lra_q
NetworkRewiring_Test,21,295,12,defect,1.0,lra_q
NetworkRewiring_Test,21,295,13,defect,1.0,lra_q
NetworkRewiring_Test,21,295,14,defect,1.1379310344827587,lra_q
NetworkRewiring_Test,21,295,15,defect,1.4137931034482758,tit_for_tat
NetworkRewiring_Test,21,295,16,cooperate,0.10344827586206896,tit_for_tat
NetworkRewiring_Test,21,295,17,cooperate,0.3103448275862069,tit_for_tat
NetworkRewiring_Test,21,295,18,defect,1.5517241379310345,tit_for_tat
NetworkRewiring_Test,21,295,19,cooperate,0.20689655172413793,tit_for_tat
NetworkRewiring_Test,21,295,20,cooperate,0.3103448275862069,tit_for_tat
NetworkRewiring_Test,21,295,21,defect,1.2758620689655173,tit_for_tat
NetworkRewiring_Test,21,295,22,cooperate,0.10344827586206896,tit_for_tat
NetworkRewiring_Test,21,295,23,defect,1.1379310344827587,tit_for_tat
NetworkRewiring_Test,21,295,24,cooperate,0.0,tit_for_tat
NetworkRewiring_Test,21,295,25,cooperate,0.10344827586206896,tit_for_tat
NetworkRewiring_Test,21,295,26,defect,1.2758620689655173,tit_for_tat
NetworkRewiring_Test,21,295,27,defect,1.4137931034482758,tit_for_tat
NetworkRewiring_Test,21,295,28,cooperate,0.10344827586206896,tit_for_tat
NetworkRewiring_Test,21,295,29,cooperate,0.20689655172413793,tit_for_tat
NetworkRewiring_Test,21,296,0,defect,1.2758620689655173,lra_q
NetworkRewiring_Test,21,296,1,cooperate,0.0,lra_q
NetworkRewiring_Test,21,296,2,defect,1.4137931034482758,lra_q
NetworkRewiring_Test,21,296,3,defect,1.2758620689655173,lra_q
NetworkRewiring_Test,21,296,4,defect,1.1379310344827587,lra_q
NetworkRewiring_Test,21,296,5,cooperate,0.41379310344827586,lra_q
NetworkRewiring_Test,21,296,6,cooperate,0.10344827586206896,lra_q
NetworkRewiring_Test,21,296,7,cooperate,0.10344827586206896,lra_q
NetworkRewiring_Test,21,296,8,defect,1.1379310344827587,lra_q
NetworkRewiring_Test,21,296,9,defect,1.1379310344827587,lra_q
NetworkRewiring_Test,21,296,10,defect,1.2758620689655173,lra_q
NetworkRewiring_Test,21,296,11,defect,1.1379310344827587,lra_q
NetworkRewiring_Test,21,296,12,cooperate,0.20689655172413793,lra_q
NetworkRewiring_Test,21,296,13,defect,1.1379310344827587,lra_q
NetworkRewiring_Test,21,296,14,defect,1.1379310344827587,lra_q
NetworkRewiring_Test,21,296,15,cooperate,0.10344827586206896,tit_for_tat
NetworkRewiring_Test,21,296,16,defect,1.4137931034482758,tit_for_tat
NetworkRewiring_Test,21,296,17,defect,1.4137931034482758,tit_for_tat
NetworkRewiring_Test,21,296,18,cooperate,0.10344827586206896,tit_for_tat
NetworkRewiring_Test,21,296,19,defect,1.6896551724137931,tit_for_tat
NetworkRewiring_Test,21,296,20,cooperate,0.10344827586206896,tit_for_tat
NetworkRewiring_Test,21,296,21,cooperate,0.0,tit_for_tat
NetworkRewiring_Test,21,296,22,defect,1.4137931034482758,tit_for_tat
NetworkRewiring_Test,21,296,23,defect,1.0,tit_for_tat
NetworkRewiring_Test,21,296,24,defect,1.1379310344827587,tit_for_tat
NetworkRewiring_Test,21,296,25,defect,1.2758620689655173,tit_for_tat
NetworkRewiring_Test,21,296,26,cooperate,0.0,tit_for_tat
NetworkRewiring_Test,21,296,27,cooperate,0.20689655172413793,tit_for_tat
NetworkRewiring_Test,21,296,28,cooperate,0.3103448275862069,tit_for_tat
NetworkRewiring_Test,21,296,29,cooperate,0.20689655172413793,tit_for_tat
NetworkRewiring_Test,21,297,0,defect,1.2758620689655173,lra_q
NetworkRewiring_Test,21,297,1,cooperate,0.20689655172413793,lra_q
NetworkRewiring_Test,21,297,2,cooperate,0.10344827586206896,lra_q
NetworkRewiring_Test,21,297,3,cooperate,0.10344827586206896,lra_q
NetworkRewiring_Test,21,297,4,defect,1.0,lra_q
NetworkRewiring_Test,21,297,5,defect,1.2758620689655173,lra_q
NetworkRewiring_Test,21,297,6,defect,1.1379310344827587,lra_q
NetworkRewiring_Test,21,297,7,defect,1.0,lra_q
NetworkRewiring_Test,21,297,8,defect,1.1379310344827587,lra_q
NetworkRewiring_Test,21,297,9,defect,1.1379310344827587,lra_q
NetworkRewiring_Test,21,297,10,cooperate,0.10344827586206896,lra_q
NetworkRewiring_Test,21,297,11,defect,1.2758620689655173,lra_q
NetworkRewiring_Test,21,297,12,defect,1.1379310344827587,lra_q
NetworkRewiring_Test,21,297,13,defect,1.1379310344827587,lra_q
NetworkRewiring_Test,21,297,14,cooperate,0.20689655172413793,lra_q
NetworkRewiring_Test,21,297,15,cooperate,0.3103448275862069,tit_for_tat
NetworkRewiring_Test,21,297,16,defect,1.4137931034482758,tit_for_tat
NetworkRewiring_Test,21,297,17,cooperate,0.3103448275862069,tit_for_tat
NetworkRewiring_Test,21,297,18,defect,1.2758620689655173,tit_for_tat
NetworkRewiring_Test,21,297,19,cooperate,0.10344827586206896,tit_for_tat
NetworkRewiring_Test,21,297,20,defect,1.4137931034482758,tit_for_tat
NetworkRewiring_Test,21,297,21,defect,1.2758620689655173,tit_for_tat
NetworkRewiring_Test,21,297,22,cooperate,0.20689655172413793,tit_for_tat
NetworkRewiring_Test,21,297,23,defect,1.2758620689655173,tit_for_tat
NetworkRewiring_Test,21,297,24,cooperate,0.0,tit_for_tat
NetworkRewiring_Test,21,297,25,defect,1.2758620689655173,tit_for_tat
NetworkRewiring_Test,21,297,26,defect,1.4137931034482758,tit_for_tat
NetworkRewiring_Test,21,297,27,cooperate,0.0,tit_for_tat
NetworkRewiring_Test,21,297,28,defect,1.2758620689655173,tit_for_tat
NetworkRewiring_Test,21,297,29,defect,1.2758620689655173,tit_for_tat
NetworkRewiring_Test,21,298,0,defect,1.2758620689655173,lra_q
NetworkRewiring_Test,21,298,1,defect,1.1379310344827587,lra_q
NetworkRewiring_Test,21,298,2,cooperate,0.20689655172413793,lra_q
NetworkRewiring_Test,21,298,3,defect,1.0,lra_q
NetworkRewiring_Test,21,298,4,cooperate,0.0,lra_q
NetworkRewiring_Test,21,298,5,defect,1.5517241379310345,lra_q
NetworkRewiring_Test,21,298,6,defect,1.1379310344827587,lra_q
NetworkRewiring_Test,21,298,7,cooperate,0.10344827586206896,lra_q
NetworkRewiring_Test,21,298,8,defect,1.2758620689655173,lra_q
NetworkRewiring_Test,21,298,9,cooperate,0.20689655172413793,lra_q
NetworkRewiring_Test,21,298,10,cooperate,0.20689655172413793,lra_q
NetworkRewiring_Test,21,298,11,defect,1.2758620689655173,lra_q
NetworkRewiring_Test,21,298,12,defect,1.1379310344827587,lra_q
NetworkRewiring_Test,21,298,13,defect,1.0,lra_q
NetworkRewiring_Test,21,298,14,defect,1.2758620689655173,lra_q
NetworkRewiring_Test,21,298,15,cooperate,0.10344827586206896,tit_for_tat
NetworkRewiring_Test,21,298,16,defect,1.4137931034482758,tit_for_tat
NetworkRewiring_Test,21,298,17,cooperate,0.3103448275862069,tit_for_tat
NetworkRewiring_Test,21,298,18,defect,1.4137931034482758,tit_for_tat
NetworkRewiring_Test,21,298,19,cooperate,0.41379310344827586,tit_for_tat
NetworkRewiring_Test,21,298,20,cooperate,0.20689655172413793,tit_for_tat
NetworkRewiring_Test,21,298,21,cooperate,0.10344827586206896,tit_for_tat
NetworkRewiring_Test,21,298,22,defect,1.5517241379310345,tit_for_tat
NetworkRewiring_Test,21,298,23,cooperate,0.10344827586206896,tit_for_tat
NetworkRewiring_Test,21,298,24,defect,1.2758620689655173,tit_for_tat
NetworkRewiring_Test,21,298,25,defect,1.2758620689655173,tit_for_tat
NetworkRewiring_Test,21,298,26,cooperate,0.20689655172413793,tit_for_tat
NetworkRewiring_Test,21,298,27,defect,1.1379310344827587,tit_for_tat
NetworkRewiring_Test,21,298,28,cooperate,0.10344827586206896,tit_for_tat
NetworkRewiring_Test,21,298,29,defect,1.2758620689655173,tit_for_tat
NetworkRewiring_Test,21,299,0,defect,1.4137931034482758,lra_q
NetworkRewiring_Test,21,299,1,defect,1.0,lra_q
NetworkRewiring_Test,21,299,2,defect,1.2758620689655173,lra_q
NetworkRewiring_Test,21,299,3,defect,1.0,lra_q
NetworkRewiring_Test,21,299,4,cooperate,0.0,lra_q
NetworkRewiring_Test,21,299,5,defect,1.4137931034482758,lra_q
NetworkRewiring_Test,21,299,6,defect,1.1379310344827587,lra_q
NetworkRewiring_Test,21,299,7,defect,1.1379310344827587,lra_q
NetworkRewiring_Test,21,299,8,cooperate,0.10344827586206896,lra_q
NetworkRewiring_Test,21,299,9,defect,1.1379310344827587,lra_q
NetworkRewiring_Test,21,299,10,cooperate,0.20689655172413793,lra_q
NetworkRewiring_Test,21,299,11,defect,1.2758620689655173,lra_q
NetworkRewiring_Test,21,299,12,cooperate,0.10344827586206896,lra_q
NetworkRewiring_Test,21,299,13,defect,1.0,lra_q
NetworkRewiring_Test,21,299,14,defect,1.1379310344827587,lra_q
NetworkRewiring_Test,21,299,15,cooperate,0.3103448275862069,tit_for_tat
NetworkRewiring_Test,21,299,16,cooperate,0.10344827586206896,tit_for_tat
NetworkRewiring_Test,21,299,17,defect,1.2758620689655173,tit_for_tat
NetworkRewiring_Test,21,299,18,defect,1.1379310344827587,tit_for_tat
NetworkRewiring_Test,21,299,19,defect,1.1379310344827587,tit_for_tat
NetworkRewiring_Test,21,299,20,defect,1.1379310344827587,tit_for_tat
NetworkRewiring_Test,21,299,21,defect,1.1379310344827587,tit_for_tat
NetworkRewiring_Test,21,299,22,cooperate,0.20689655172413793,tit_for_tat
NetworkRewiring_Test,21,299,23,defect,1.1379310344827587,tit_for_tat
NetworkRewiring_Test,21,299,24,cooperate,0.10344827586206896,tit_for_tat
NetworkRewiring_Test,21,299,25,defect,1.2758620689655173,tit_for_tat
NetworkRewiring_Test,21,299,26,cooperate,0.10344827586206896,tit_for_tat
NetworkRewiring_Test,21,299,27,defect,1.0,tit_for_tat
NetworkRewiring_Test,21,299,28,defect,1.1379310344827587,tit_for_tat
NetworkRewiring_Test,21,299,29,defect,1.0,tit_for_tat
NetworkRewiring_Test,21,300,0,defect,1.4137931034482758,lra_q
NetworkRewiring_Test,21,300,1,cooperate,0.0,lra_q
NetworkRewiring_Test,21,300,2,defect,1.4137931034482758,lra_q
NetworkRewiring_Test,21,300,3,defect,1.1379310344827587,lra_q
NetworkRewiring_Test,21,300,4,cooperate,0.0,lra_q
NetworkRewiring_Test,21,300,5,defect,1.5517241379310345,lra_q
NetworkRewiring_Test,21,300,6,defect,1.2758620689655173,lra_q
NetworkRewiring_Test,21,300,7,cooperate,0.10344827586206896,lra_q
NetworkRewiring_Test,21,300,8,defect,1.2758620689655173,lra_q
NetworkRewiring_Test,21,300,9,cooperate,0.20689655172413793,lra_q
NetworkRewiring_Test,21,300,10,cooperate,0.3103448275862069,lra_q
NetworkRewiring_Test,21,300,11,defect,1.1379310344827587,lra_q
NetworkRewiring_Test,21,300,12,defect,1.1379310344827587,lra_q
NetworkRewiring_Test,21,300,13,cooperate,0.0,lra_q
NetworkRewiring_Test,21,300,14,defect,1.2758620689655173,lra_q
NetworkRewiring_Test,21,300,15,cooperate,0.10344827586206896,tit_for_tat
NetworkRewiring_Test,21,300,16,defect,1.1379310344827587,tit_for_tat
NetworkRewiring_Test,21,300,17,defect,1.2758620689655173,tit_for_tat
NetworkRewiring_Test,21,300,18,defect,1.1379310344827587,tit_for_tat
NetworkRewiring_Test,21,300,19,cooperate,0.10344827586206896,tit_for_tat
NetworkRewiring_Test,21,300,20,defect,1.2758620689655173,tit_for_tat
NetworkRewiring_Test,21,300,21,defect,1.2758620689655173,tit_for_tat
NetworkRewiring_Test,21,300,22,cooperate,0.20689655172413793,tit_for_tat
NetworkRewiring_Test,21,300,23,cooperate,0.0,tit_for_tat
NetworkRewiring_Test,21,300,24,defect,1.2758620689655173,tit_for_tat
NetworkRewiring_Test,21,300,25,defect,1.2758620689655173,tit_for_tat
NetworkRewiring_Test,21,300,26,cooperate,0.10344827586206896,tit_for_tat
NetworkRewiring_Test,21,300,27,defect,1.1379310344827587,tit_for_tat
NetworkRewiring_Test,21,300,28,cooperate,0.10344827586206896,tit_for_tat
NetworkRewiring_Test,21,300,29,defect,1.1379310344827587,tit_for_tat
NetworkRewiring_Test,21,301,0,cooperate,0.20689655172413793,lra_q
NetworkRewiring_Test,21,301,1,cooperate,0.20689655172413793,lra_q
NetworkRewiring_Test,21,301,2,cooperate,0.20689655172413793,lra_q
NetworkRewiring_Test,21,301,3,cooperate,0.10344827586206896,lra_q
NetworkRewiring_Test,21,301,4,cooperate,0.10344827586206896,lra_q
NetworkRewiring_Test,21,301,5,defect,1.4137931034482758,lra_q
NetworkRewiring_Test,21,301,6,cooperate,0.10344827586206896,lra_q
NetworkRewiring_Test,21,301,7,defect,1.1379310344827587,lra_q
NetworkRewiring_Test,21,301,8,cooperate,0.10344827586206896,lra_q
NetworkRewiring_Test,21,301,9,defect,1.0,lra_q
NetworkRewiring_Test,21,301,10,defect,1.2758620689655173,lra_q
NetworkRewiring_Test,21,301,11,defect,1.4137931034482758,lra_q
NetworkRewiring_Test,21,301,12,defect,1.0,lra_q
NetworkRewiring_Test,21,301,13,defect,1.1379310344827587,lra_q
NetworkRewiring_Test,21,301,14,defect,1.0,lra_q
NetworkRewiring_Test,21,301,15,defect,1.2758620689655173,tit_for_tat
NetworkRewiring_Test,21,301,16,cooperate,0.3103448275862069,tit_for_tat
NetworkRewiring_Test,21,301,17,defect,1.4137931034482758,tit_for_tat
NetworkRewiring_Test,21,301,18,cooperate,0.20689655172413793,tit_for_tat
NetworkRewiring_Test,21,301,19,defect,1.5517241379310345,tit_for_tat
NetworkRewiring_Test,21,301,20,cooperate,0.10344827586206896,tit_for_tat
NetworkRewiring_Test,21,301,21,cooperate,0.0,tit_for_tat
NetworkRewiring_Test,21,301,22,defect,1.4137931034482758,tit_for_tat
NetworkRewiring_Test,21,301,23,defect,1.2758620689655173,tit_for_tat
NetworkRewiring_Test,21,301,24,cooperate,0.0,tit_for_tat
NetworkRewiring_Test,21,301,25,cooperate,0.3103448275862069,tit_for_tat
NetworkRewiring_Test,21,301,26,defect,1.2758620689655173,tit_for_tat
NetworkRewiring_Test,21,301,27,cooperate,0.10344827586206896,tit_for_tat
NetworkRewiring_Test,21,301,28,defect,1.2758620689655173,tit_for_tat
NetworkRewiring_Test,21,301,29,defect,1.4137931034482758,tit_for_tat
NetworkRewiring_Test,21,302,0,defect,1.2758620689655173,lra_q
NetworkRewiring_Test,21,302,1,defect,1.1379310344827587,lra_q
NetworkRewiring_Test,21,302,2,cooperate,0.3103448275862069,lra_q
NetworkRewiring_Test,21,302,3,defect,1.1379310344827587,lra_q
NetworkRewiring_Test,21,302,4,defect,1.1379310344827587,lra_q
NetworkRewiring_Test,21,302,5,defect,1.4137931034482758,lra_q
NetworkRewiring_Test,21,302,6,defect,1.1379310344827587,lra_q
NetworkRewiring_Test,21,302,7,defect,1.0,lra_q
NetworkRewiring_Test,21,302,8,defect,1.2758620689655173,lra_q
NetworkRewiring_Test,21,302,9,defect,1.2758620689655173,lra_q
NetworkRewiring_Test,21,302,10,cooperate,0.20689655172413793,lra_q
NetworkRewiring_Test,21,302,11,cooperate,0.20689655172413793,lra_q
NetworkRewiring_Test,21,302,12,cooperate,0.10344827586206896,lra_q
NetworkRewiring_Test,21,302,13,defect,1.1379310344827587,lra_q
NetworkRewiring_Test,21,302,14,cooperate,0.0,lra_q
NetworkRewiring_Test,21,302,15,defect,1.2758620689655173,tit_for_tat
NetworkRewiring_Test,21,302,16,defect,1.2758620689655173,tit_for_tat
NetworkRewiring_Test,21,302,17,defect,1.4137931034482758,tit_for_tat
NetworkRewiring_Test,21,302,18,cooperate,0.10344827586206896,tit_for_tat
NetworkRewiring_Test,21,302,19,cooperate,0.10344827586206896,tit_for_tat
NetworkRewiring_Test,21,302,20,defect,1.2758620689655173,tit_for_tat
NetworkRewiring_Test,21,302,21,defect,1.1379310344827587,tit_for_tat
NetworkRewiring_Test,21,302,22,defect,1.1379310344827587,tit_for_tat
NetworkRewiring_Test,21,302,23,cooperate,0.10344827586206896,tit_for_tat
NetworkRewiring_Test,21,302,24,defect,1.1379310344827587,tit_for_tat
NetworkRewiring_Test,21,302,25,cooperate,0.20689655172413793,tit_for_tat
NetworkRewiring_Test,21,302,26,defect,1.2758620689655173,tit_for_tat
NetworkRewiring_Test,21,302,27,defect,1.4137931034482758,tit_for_tat
NetworkRewiring_Test,21,302,28,cooperate,0.20689655172413793,tit_for_tat
NetworkRewiring_Test,21,302,29,cooperate,0.3103448275862069,tit_for_tat
NetworkRewiring_Test,21,303,0,defect,1.4137931034482758,lra_q
NetworkRewiring_Test,21,303,1,defect,1.1379310344827587,lra_q
NetworkRewiring_Test,21,303,2,cooperate,0.0,lra_q
NetworkRewiring_Test,21,303,3,defect,1.0,lra_q
NetworkRewiring_Test,21,303,4,defect,1.1379310344827587,lra_q
NetworkRewiring_Test,21,303,5,defect,1.4137931034482758,lra_q
NetworkRewiring_Test,21,303,6,defect,1.0,lra_q
NetworkRewiring_Test,21,303,7,cooperate,0.0,lra_q
NetworkRewiring_Test,21,303,8,defect,1.2758620689655173,lra_q
NetworkRewiring_Test,21,303,9,defect,1.2758620689655173,lra_q
NetworkRewiring_Test,21,303,10,cooperate,0.3103448275862069,lra_q
NetworkRewiring_Test,21,303,11,defect,1.1379310344827587,lra_q
NetworkRewiring_Test,21,303,12,defect,1.0,lra_q
NetworkRewiring_Test,21,303,13,defect,1.1379310344827587,lra_q
NetworkRewiring_Test,21,303,14,cooperate,0.0,lra_q
NetworkRewiring_Test,21,303,15,defect,1.2758620689655173,tit_for_tat
NetworkRewiring_Test,21,303,16,defect,1.1379310344827587,tit_for_tat
NetworkRewiring_Test,21,303,17,defect,1.1379310344827587,tit_for_tat
NetworkRewiring_Test,21,303,18,defect,1.0,tit_for_tat
NetworkRewiring_Test,21,303,19,defect,1.0,tit_for_tat
NetworkRewiring_Test,21,303,20,defect,1.1379310344827587,tit_for_tat
NetworkRewiring_Test,21,303,21,defect,1.1379310344827587,tit_for_tat
NetworkRewiring_Test,21,303,22,cooperate,0.10344827586206896,tit_for_tat
NetworkRewiring_Test,21,303,23,defect,1.2758620689655173,tit_for_tat
NetworkRewiring_Test,21,303,24,cooperate,0.0,tit_for_tat
NetworkRewiring_Test,21,303,25,cooperate,0.20689655172413793,tit_for_tat
NetworkRewiring_Test,21,303,26,defect,1.2758620689655173,tit_for_tat
NetworkRewiring_Test,21,303,27,cooperate,0.20689655172413793,tit_for_tat
NetworkRewiring_Test,21,303,28,cooperate,0.20689655172413793,tit_for_tat
NetworkRewiring_Test,21,303,29,defect,1.5517241379310345,tit_for_tat
NetworkRewiring_Test,21,304,0,defect,1.1379310344827587,lra_q
NetworkRewiring_Test,21,304,1,defect,1.1379310344827587,lra_q
NetworkRewiring_Test,21,304,2,cooperate,0.3103448275862069,lra_q
NetworkRewiring_Test,21,304,3,defect,1.0,lra_q
NetworkRewiring_Test,21,304,4,defect,1.0,lra_q
NetworkRewiring_Test,21,304,5,defect,1.2758620689655173,lra_q
NetworkRewiring_Test,21,304,6,defect,1.0,lra_q
NetworkRewiring_Test,21,304,7,cooperate,0.10344827586206896,lra_q
NetworkRewiring_Test,21,304,8,cooperate,0.10344827586206896,lra_q
NetworkRewiring_Test,21,304,9,defect,1.1379310344827587,lra_q
NetworkRewiring_Test,21,304,10,defect,1.1379310344827587,lra_q
NetworkRewiring_Test,21,304,11,defect,1.4137931034482758,lra_q
NetworkRewiring_Test,21,304,12,cooperate,0.0,lra_q
NetworkRewiring_Test,21,304,13,defect,1.1379310344827587,lra_q
NetworkRewiring_Test,21,304,14,cooperate,0.0,lra_q
NetworkRewiring_Test,21,304,15,defect,1.2758620689655173,tit_for_tat
NetworkRewiring_Test,21,304,16,defect,1.1379310344827587,tit_for_tat
NetworkRewiring_Test,21,304,17,defect,1.2758620689655173,tit_for_tat
NetworkRewiring_Test,21,304,18,defect,1.1379310344827587,tit_for_tat
NetworkRewiring_Test,21,304,19,defect,1.2758620689655173,tit_for_tat
NetworkRewiring_Test,21,304,20,cooperate,0.0,tit_for_tat
NetworkRewiring_Test,21,304,21,defect,1.0,tit_for_tat
NetworkRewiring_Test,21,304,22,defect,1.1379310344827587,tit_for_tat
NetworkRewiring_Test,21,304,23,cooperate,0.10344827586206896,tit_for_tat
NetworkRewiring_Test,21,304,24,defect,1.2758620689655173,tit_for_tat
NetworkRewiring_Test,21,304,25,defect,1.2758620689655173,tit_for_tat
NetworkRewiring_Test,21,304,26,cooperate,0.10344827586206896,tit_for_tat
NetworkRewiring_Test,21,304,27,cooperate,0.10344827586206896,tit_for_tat
NetworkRewiring_Test,21,304,28,defect,1.2758620689655173,tit_for_tat
NetworkRewiring_Test,21,304,29,cooperate,0.20689655172413793,tit_for_tat
NetworkRewiring_Test,21,305,0,cooperate,0.3103448275862069,lra_q
NetworkRewiring_Test,21,305,1,defect,1.1379310344827587,lra_q
NetworkRewiring_Test,21,305,2,cooperate,0.20689655172413793,lra_q
NetworkRewiring_Test,21,305,3,defect,1.1379310344827587,lra_q
NetworkRewiring_Test,21,305,4,cooperate,0.10344827586206896,lra_q
NetworkRewiring_Test,21,305,5,defect,1.5517241379310345,lra_q
NetworkRewiring_Test,21,305,6,defect,1.1379310344827587,lra_q
NetworkRewiring_Test,21,305,7,defect,1.0,lra_q
NetworkRewiring_Test,21,305,8,defect,1.4137931034482758,lra_q
NetworkRewiring_Test,21,305,9,defect,1.2758620689655173,lra_q
NetworkRewiring_Test,21,305,10,cooperate,0.20689655172413793,lra_q
NetworkRewiring_Test,21,305,11,cooperate,0.20689655172413793,lra_q
NetworkRewiring_Test,21,305,12,cooperate,0.20689655172413793,lra_q
NetworkRewiring_Test,21,305,13,defect,1.1379310344827587,lra_q
NetworkRewiring_Test,21,305,14,cooperate,0.20689655172413793,lra_q
NetworkRewiring_Test,21,305,15,cooperate,0.41379310344827586,tit_for_tat
NetworkRewiring_Test,21,305,16,defect,1.4137931034482758,tit_for_tat
NetworkRewiring_Test,21,305,17,cooperate,0.3103448275862069,tit_for_tat
NetworkRewiring_Test,21,305,18,defect,1.2758620689655173,tit_for_tat
NetworkRewiring_Test,21,305,19,cooperate,0.10344827586206896,tit_for_tat
NetworkRewiring_Test,21,305,20,defect,1.2758620689655173,tit_for_tat
NetworkRewiring_Test,21,305,21,defect,1.1379310344827587,tit_for_tat
NetworkRewiring_Test,21,305,22,defect,1.4137931034482758,tit_for_tat
NetworkRewiring_Test,21,305,23,defect,1.2758620689655173,tit_for_tat
NetworkRewiring_Test,21,305,24,cooperate,0.0,tit_for_tat
NetworkRewiring_Test,21,305,25,cooperate,0.5172413793103449,tit_for_tat
NetworkRewiring_Test,21,305,26,defect,1.4137931034482758,tit_for_tat
NetworkRewiring_Test,21,305,27,cooperate,0.3103448275862069,tit_for_tat
NetworkRewiring_Test,21,305,28,cooperate,0.41379310344827586,tit_for_tat
NetworkRewiring_Test,21,305,29,cooperate,0.41379310344827586,tit_for_tat
NetworkRewiring_Test,21,306,0,defect,1.5517241379310345,lra_q
NetworkRewiring_Test,21,306,1,defect,1.0,lra_q
NetworkRewiring_Test,21,306,2,defect,1.5517241379310345,lra_q
NetworkRewiring_Test,21,306,3,defect,1.0,lra_q
NetworkRewiring_Test,21,306,4,defect,1.1379310344827587,lra_q
NetworkRewiring_Test,21,306,5,defect,1.4137931034482758,lra_q
NetworkRewiring_Test,21,306,6,defect,1.2758620689655173,lra_q
NetworkRewiring_Test,21,306,7,cooperate,0.0,lra_q
NetworkRewiring_Test,21,306,8,defect,1.2758620689655173,lra_q
NetworkRewiring_Test,21,306,9,defect,1.2758620689655173,lra_q
NetworkRewiring_Test,21,306,10,cooperate,0.3103448275862069,lra_q
NetworkRewiring_Test,21,306,11,defect,1.0,lra_q
NetworkRewiring_Test,21,306,12,defect,1.1379310344827587,lra_q
NetworkRewiring_Test,21,306,13,defect,1.0,lra_q
NetworkRewiring_Test,21,306,14,defect,1.2758620689655173,lra_q
NetworkRewiring_Test,21,306,15,cooperate,0.3103448275862069,tit_for_tat
NetworkRewiring_Test,21,306,16,cooperate,0.20689655172413793,tit_for_tat
NetworkRewiring_Test,21,306,17,cooperate,0.3103448275862069,tit_for_tat
NetworkRewiring_Test,21,306,18,defect,1.4137931034482758,tit_for_tat
NetworkRewiring_Test,21,306,19,cooperate,0.20689655172413793,tit_for_tat
NetworkRewiring_Test,21,306,20,defect,1.4137931034482758,tit_for_tat
NetworkRewiring_Test,21,306,21,defect,1.2758620689655173,tit_for_tat
NetworkRewiring_Test,21,306,22,cooperate,0.20689655172413793,tit_for_tat
NetworkRewiring_Test,21,306,23,cooperate,0.0,tit_for_tat
NetworkRewiring_Test,21,306,24,defect,1.2758620689655173,tit_for_tat
NetworkRewiring_Test,21,306,25,cooperate,0.3103448275862069,tit_for_tat
NetworkRewiring_Test,21,306,26,cooperate,0.10344827586206896,tit_for_tat
NetworkRewiring_Test,21,306,27,cooperate,0.3103448275862069,tit_for_tat
NetworkRewiring_Test,21,306,28,cooperate,0.3103448275862069,tit_for_tat
NetworkRewiring_Test,21,306,29,cooperate,0.3103448275862069,tit_for_tat
NetworkRewiring_Test,21,307,0,defect,1.4137931034482758,lra_q
NetworkRewiring_Test,21,307,1,cooperate,0.0,lra_q
NetworkRewiring_Test,21,307,2,defect,1.2758620689655173,lra_q
NetworkRewiring_Test,21,307,3,defect,1.1379310344827587,lra_q
NetworkRewiring_Test,21,307,4,cooperate,0.0,lra_q
NetworkRewiring_Test,21,307,5,defect,1.5517241379310345,lra_q
NetworkRewiring_Test,21,307,6,cooperate,0.0,lra_q
NetworkRewiring_Test,21,307,7,cooperate,0.10344827586206896,lra_q
NetworkRewiring_Test,21,307,8,cooperate,0.10344827586206896,lra_q
NetworkRewiring_Test,21,307,9,defect,1.1379310344827587,lra_q
NetworkRewiring_Test,21,307,10,defect,1.4137931034482758,lra_q
NetworkRewiring_Test,21,307,11,defect,1.1379310344827587,lra_q
NetworkRewiring_Test,21,307,12,defect,1.0,lra_q
NetworkRewiring_Test,21,307,13,defect,1.1379310344827587,lra_q
NetworkRewiring_Test,21,307,14,defect,1.0,lra_q
NetworkRewiring_Test,21,307,15,defect,1.1379310344827587,tit_for_tat
NetworkRewiring_Test,21,307,16,defect,1.1379310344827587,tit_for_tat
NetworkRewiring_Test,21,307,17,defect,1.1379310344827587,tit_for_tat
NetworkRewiring_Test,21,307,18,defect,1.1379310344827587,tit_for_tat
NetworkRewiring_Test,21,307,19,defect,1.4137931034482758,tit_for_tat
NetworkRewiring_Test,21,307,20,cooperate,0.10344827586206896,tit_for_tat
NetworkRewiring_Test,21,307,21,cooperate,0.10344827586206896,tit_for_tat
NetworkRewiring_Test,21,307,22,cooperate,0.20689655172413793,tit_for_tat
NetworkRewiring_Test,21,307,23,defect,1.1379310344827587,tit_for_tat
NetworkRewiring_Test,21,307,24,cooperate,0.0,tit_for_tat
NetworkRewiring_Test,21,307,25,defect,1.4137931034482758,tit_for_tat
NetworkRewiring_Test,21,307,26,defect,1.1379310344827587,tit_for_tat
NetworkRewiring_Test,21,307,27,cooperate,0.20689655172413793,tit_for_tat
NetworkRewiring_Test,21,307,28,cooperate,0.20689655172413793,tit_for_tat
NetworkRewiring_Test,21,307,29,cooperate,0.20689655172413793,tit_for_tat
NetworkRewiring_Test,21,308,0,cooperate,0.41379310344827586,lra_q
NetworkRewiring_Test,21,308,1,cooperate,0.0,lra_q
NetworkRewiring_Test,21,308,2,defect,1.2758620689655173,lra_q
NetworkRewiring_Test,21,308,3,defect,1.1379310344827587,lra_q
NetworkRewiring_Test,21,308,4,cooperate,0.10344827586206896,lra_q
NetworkRewiring_Test,21,308,5,defect,1.4137931034482758,lra_q
NetworkRewiring_Test,21,308,6,defect,1.0,lra_q
NetworkRewiring_Test,21,308,7,defect,1.1379310344827587,lra_q
NetworkRewiring_Test,21,308,8,cooperate,0.10344827586206896,lra_q
NetworkRewiring_Test,21,308,9,defect,1.0,lra_q
NetworkRewiring_Test,21,308,10,defect,1.5517241379310345,lra_q
NetworkRewiring_Test,21,308,11,defect,1.2758620689655173,lra_q
NetworkRewiring_Test,21,308,12,cooperate,0.0,lra_q
NetworkRewiring_Test,21,308,13,defect,1.1379310344827587,lra_q
NetworkRewiring_Test,21,308,14,cooperate,0.0,lra_q
NetworkRewiring_Test,21,308,15,defect,1.5517241379310345,tit_for_tat
NetworkRewiring_Test,21,308,16,defect,1.0,tit_for_tat
NetworkRewiring_Test,21,308,17,defect,1.1379310344827587,tit_for_tat
NetworkRewiring_Test,21,308,18,defect,1.0,tit_for_tat
NetworkRewiring_Test,21,308,19,defect,1.0,tit_for_tat
NetworkRewiring_Test,21,308,20,defect,1.1379310344827587,tit_for_tat
NetworkRewiring_Test,21,308,21,defect,1.1379310344827587,tit_for_tat
NetworkRewiring_Test,21,308,22,cooperate,0.10344827586206896,tit_for_tat
NetworkRewiring_Test,21,308,23,defect,1.0,tit_for_tat
NetworkRewiring_Test,21,308,24,defect,1.0,tit_for_tat
NetworkRewiring_Test,21,308,25,cooperate,0.41379310344827586,tit_for_tat
NetworkRewiring_Test,21,308,26,defect,1.0,tit_for_tat
NetworkRewiring_Test,21,308,27,cooperate,0.3103448275862069,tit_for_tat
NetworkRewiring_Test,21,308,28,cooperate,0.3103448275862069,tit_for_tat
NetworkRewiring_Test,21,308,29,cooperate,0.3103448275862069,tit_for_tat
NetworkRewiring_Test,21,309,0,defect,1.4137931034482758,lra_q
NetworkRewiring_Test,21,309,1,cooperate,0.0,lra_q
NetworkRewiring_Test,21,309,2,defect,1.2758620689655173,lra_q
NetworkRewiring_Test,21,309,3,defect,1.1379310344827587,lra_q
NetworkRewiring_Test,21,309,4,defect,1.1379310344827587,lra_q
NetworkRewiring_Test,21,309,5,defect,1.1379310344827587,lra_q
NetworkRewiring_Test,21,309,6,defect,1.0,lra_q
NetworkRewiring_Test,21,309,7,defect,1.0,lra_q
NetworkRewiring_Test,21,309,8,defect,1.0,lra_q
NetworkRewiring_Test,21,309,9,defect,1.0,lra_q
NetworkRewiring_Test,21,309,10,defect,1.2758620689655173,lra_q
NetworkRewiring_Test,21,309,11,defect,1.1379310344827587,lra_q
NetworkRewiring_Test,21,309,12,cooperate,0.10344827586206896,lra_q
NetworkRewiring_Test,21,309,13,defect,1.1379310344827587,lra_q
NetworkRewiring_Test,21,309,14,cooperate,0.10344827586206896,lra_q
NetworkRewiring_Test,21,309,15,cooperate,0.3103448275862069,tit_for_tat
NetworkRewiring_Test,21,309,16,defect,1.1379310344827587,tit_for_tat
NetworkRewiring_Test,21,309,17,defect,1.2758620689655173,tit_for_tat
NetworkRewiring_Test,21,309,18,defect,1.0,tit_for_tat
NetworkRewiring_Test,21,309,19,defect,1.0,tit_for_tat
NetworkRewiring_Test,21,309,20,defect,1.1379310344827587,tit_for_tat
NetworkRewiring_Test,21,309,21,defect,1.1379310344827587,tit_for_tat
NetworkRewiring_Test,21,309,22,cooperate,0.10344827586206896,tit_for_tat
NetworkRewiring_Test,21,309,23,defect,1.0,tit_for_tat
NetworkRewiring_Test,21,309,24,defect,1.0,tit_for_tat
NetworkRewiring_Test,21,309,25,cooperate,0.20689655172413793,tit_for_tat
NetworkRewiring_Test,21,309,26,defect,1.0,tit_for_tat
NetworkRewiring_Test,21,309,27,cooperate,0.20689655172413793,tit_for_tat
NetworkRewiring_Test,21,309,28,defect,1.2758620689655173,tit_for_tat
NetworkRewiring_Test,21,309,29,cooperate,0.20689655172413793,tit_for_tat
NetworkRewiring_Test,21,310,0,defect,1.1379310344827587,lra_q
NetworkRewiring_Test,21,310,1,cooperate,0.0,lra_q
NetworkRewiring_Test,21,310,2,defect,1.2758620689655173,lra_q
NetworkRewiring_Test,21,310,3,defect,1.2758620689655173,lra_q
NetworkRewiring_Test,21,310,4,defect,1.1379310344827587,lra_q
NetworkRewiring_Test,21,310,5,cooperate,0.3103448275862069,lra_q
NetworkRewiring_Test,21,310,6,defect,1.1379310344827587,lra_q
NetworkRewiring_Test,21,310,7,cooperate,0.10344827586206896,lra_q
NetworkRewiring_Test,21,310,8,defect,1.2758620689655173,lra_q
NetworkRewiring_Test,21,310,9,defect,1.2758620689655173,lra_q
NetworkRewiring_Test,21,310,10,cooperate,0.20689655172413793,lra_q
NetworkRewiring_Test,21,310,11,defect,1.0,lra_q
NetworkRewiring_Test,21,310,12,defect,1.1379310344827587,lra_q
NetworkRewiring_Test,21,310,13,defect,1.0,lra_q
NetworkRewiring_Test,21,310,14,defect,1.0,lra_q
NetworkRewiring_Test,21,310,15,defect,1.0,tit_for_tat
NetworkRewiring_Test,21,310,16,defect,1.0,tit_for_tat
NetworkRewiring_Test,21,310,17,defect,1.0,tit_for_tat
NetworkRewiring_Test,21,310,18,defect,1.0,tit_for_tat
NetworkRewiring_Test,21,310,19,defect,1.0,tit_for_tat
NetworkRewiring_Test,21,310,20,defect,1.0,tit_for_tat
NetworkRewiring_Test,21,310,21,defect,1.0,tit_for_tat
NetworkRewiring_Test,21,310,22,defect,1.1379310344827587,tit_for_tat
NetworkRewiring_Test,21,310,23,defect,1.0,tit_for_tat
NetworkRewiring_Test,21,310,24,defect,1.0,tit_for_tat
NetworkRewiring_Test,21,310,25,defect,1.2758620689655173,tit_for_tat
NetworkRewiring_Test,21,310,26,defect,1.0,tit_for_tat
NetworkRewiring_Test,21,310,27,defect,1.2758620689655173,tit_for_tat
NetworkRewiring_Test,21,310,28,cooperate,0.3103448275862069,tit_for_tat
NetworkRewiring_Test,21,310,29,cooperate,0.10344827586206896,tit_for_tat
NetworkRewiring_Test,21,311,0,cooperate,0.20689655172413793,lra_q
NetworkRewiring_Test,21,311,1,cooperate,0.0,lra_q
NetworkRewiring_Test,21,311,2,defect,1.2758620689655173,lra_q
NetworkRewiring_Test,21,311,3,defect,1.1379310344827587,lra_q
NetworkRewiring_Test,21,311,4,defect,1.0,lra_q
NetworkRewiring_Test,21,311,5,defect,1.2758620689655173,lra_q
NetworkRewiring_Test,21,311,6,defect,1.0,lra_q
NetworkRewiring_Test,21,311,7,defect,1.1379310344827587,lra_q
NetworkRewiring_Test,21,311,8,cooperate,0.20689655172413793,lra_q
NetworkRewiring_Test,21,311,9,defect,1.1379310344827587,lra_q
NetworkRewiring_Test,21,311,10,cooperate,0.20689655172413793,lra_q
NetworkRewiring_Test,21,311,11,defect,1.1379310344827587,lra_q
NetworkRewiring_Test,21,311,12,defect,1.0,lra_q
NetworkRewiring_Test,21,311,13,defect,1.1379310344827587,lra_q
NetworkRewiring_Test,21,311,14,cooperate,0.0,lra_q
NetworkRewiring_Test,21,311,15,defect,1.2758620689655173,tit_for_tat
NetworkRewiring_Test,21,311,16,defect,1.0,tit_for_tat
NetworkRewiring_Test,21,311,17,defect,1.1379310344827587,tit_for_tat
NetworkRewiring_Test,21,311,18,defect,1.0,tit_for_tat
NetworkRewiring_Test,21,311,19,defect,1.0,tit_for_tat
NetworkRewiring_Test,21,311,20,defect,1.0,tit_for_tat
NetworkRewiring_Test,21,311,21,defect,1.0,tit_for_tat
NetworkRewiring_Test,21,311,22,defect,1.2758620689655173,tit_for_tat
NetworkRewiring_Test,21,311,23,defect,1.0,tit_for_tat
NetworkRewiring_Test,21,311,24,defect,1.0,tit_for_tat
NetworkRewiring_Test,21,311,25,defect,1.4137931034482758,tit_for_tat
NetworkRewiring_Test,21,311,26,defect,1.0,tit_for_tat
NetworkRewiring_Test,21,311,27,defect,1.2758620689655173,tit_for_tat
NetworkRewiring_Test,21,311,28,cooperate,0.3103448275862069,tit_for_tat
NetworkRewiring_Test,21,311,29,cooperate,0.10344827586206896,tit_for_tat
NetworkRewiring_Test,21,312,0,defect,1.4137931034482758,lra_q
NetworkRewiring_Test,21,312,1,cooperate,0.0,lra_q
NetworkRewiring_Test,21,312,2,defect,1.2758620689655173,lra_q
NetworkRewiring_Test,21,312,3,defect,1.1379310344827587,lra_q
NetworkRewiring_Test,21,312,4,cooperate,0.10344827586206896,lra_q
NetworkRewiring_Test,21,312,5,defect,1.5517241379310345,lra_q
NetworkRewiring_Test,21,312,6,defect,1.0,lra_q
NetworkRewiring_Test,21,312,7,defect,1.1379310344827587,lra_q
NetworkRewiring_Test,21,312,8,cooperate,0.10344827586206896,lra_q
NetworkRewiring_Test,21,312,9,defect,1.1379310344827587,lra_q
NetworkRewiring_Test,21,312,10,cooperate,0.3103448275862069,lra_q
NetworkRewiring_Test,21,312,11,defect,1.2758620689655173,lra_q
NetworkRewiring_Test,21,312,12,cooperate,0.0,lra_q
NetworkRewiring_Test,21,312,13,defect,1.1379310344827587,lra_q
NetworkRewiring_Test,21,312,14,cooperate,0.0,lra_q
NetworkRewiring_Test,21,312,15,defect,1.2758620689655173,tit_for_tat
NetworkRewiring_Test,21,312,16,defect,1.0,tit_for_tat
NetworkRewiring_Test,21,312,17,defect,1.1379310344827587,tit_for_tat
NetworkRewiring_Test,21,312,18,defect,1.0,tit_for_tat
NetworkRewiring_Test,21,312,19,defect,1.0,tit_for_tat
NetworkRewiring_Test,21,312,20,defect,1.0,tit_for_tat
NetworkRewiring_Test,21,312,21,defect,1.0,tit_for_tat
NetworkRewiring_Test,21,312,22,defect,1.1379310344827587,tit_for_tat
NetworkRewiring_Test,21,312,23,defect,1.0,tit_for_tat
NetworkRewiring_Test,21,312,24,defect,1.0,tit_for_tat
NetworkRewiring_Test,21,312,25,cooperate,0.41379310344827586,tit_for_tat
NetworkRewiring_Test,21,312,26,defect,1.0,tit_for_tat
NetworkRewiring_Test,21,312,27,cooperate,0.3103448275862069,tit_for_tat
NetworkRewiring_Test,21,312,28,cooperate,0.3103448275862069,tit_for_tat
NetworkRewiring_Test,21,312,29,cooperate,0.3103448275862069,tit_for_tat
NetworkRewiring_Test,21,313,0,defect,1.2758620689655173,lra_q
NetworkRewiring_Test,21,313,1,cooperate,0.0,lra_q
NetworkRewiring_Test,21,313,2,defect,1.2758620689655173,lra_q
NetworkRewiring_Test,21,313,3,defect,1.1379310344827587,lra_q
NetworkRewiring_Test,21,313,4,defect,1.1379310344827587,lra_q
NetworkRewiring_Test,21,313,5,defect,1.1379310344827587,lra_q
NetworkRewiring_Test,21,313,6,defect,1.0,lra_q
NetworkRewiring_Test,21,313,7,defect,1.0,lra_q
NetworkRewiring_Test,21,313,8,defect,1.0,lra_q
NetworkRewiring_Test,21,313,9,defect,1.0,lra_q
NetworkRewiring_Test,21,313,10,defect,1.2758620689655173,lra_q
NetworkRewiring_Test,21,313,11,defect,1.0,lra_q
NetworkRewiring_Test,21,313,12,defect,1.0,lra_q
NetworkRewiring_Test,21,313,13,defect,1.1379310344827587,lra_q
NetworkRewiring_Test,21,313,14,cooperate,0.0,lra_q
NetworkRewiring_Test,21,313,15,defect,1.1379310344827587,tit_for_tat
NetworkRewiring_Test,21,313,16,defect,1.0,tit_for_tat
NetworkRewiring_Test,21,313,17,defect,1.1379310344827587,tit_for_tat
NetworkRewiring_Test,21,313,18,defect,1.0,tit_for_tat
NetworkRewiring_Test,21,313,19,defect,1.0,tit_for_tat
NetworkRewiring_Test,21,313,20,defect,1.0,tit_for_tat
NetworkRewiring_Test,21,313,21,defect,1.0,tit_for_tat
NetworkRewiring_Test,21,313,22,defect,1.0,tit_for_tat
NetworkRewiring_Test,21,313,23,defect,1.0,tit_for_tat
NetworkRewiring_Test,21,313,24,defect,1.0,tit_for_tat
NetworkRewiring_Test,21,313,25,cooperate,0.20689655172413793,tit_for_tat
NetworkRewiring_Test,21,313,26,defect,1.0,tit_for_tat
NetworkRewiring_Test,21,313,27,cooperate,0.3103448275862069,tit_for_tat
NetworkRewiring_Test,21,313,28,cooperate,0.20689655172413793,tit_for_tat
NetworkRewiring_Test,21,313,29,cooperate,0.3103448275862069,tit_for_tat
NetworkRewiring_Test,21,314,0,defect,1.1379310344827587,lra_q
NetworkRewiring_Test,21,314,1,cooperate,0.0,lra_q
NetworkRewiring_Test,21,314,2,defect,1.2758620689655173,lra_q
NetworkRewiring_Test,21,314,3,defect,1.2758620689655173,lra_q
NetworkRewiring_Test,21,314,4,cooperate,0.20689655172413793,lra_q
NetworkRewiring_Test,21,314,5,cooperate,0.5172413793103449,lra_q
NetworkRewiring_Test,21,314,6,cooperate,0.10344827586206896,lra_q
NetworkRewiring_Test,21,314,7,cooperate,0.10344827586206896,lra_q
NetworkRewiring_Test,21,314,8,defect,1.2758620689655173,lra_q
NetworkRewiring_Test,21,314,9,defect,1.2758620689655173,lra_q
NetworkRewiring_Test,21,314,10,cooperate,0.20689655172413793,lra_q
NetworkRewiring_Test,21,314,11,defect,1.1379310344827587,lra_q
NetworkRewiring_Test,21,314,12,cooperate,0.10344827586206896,lra_q
NetworkRewiring_Test,21,314,13,defect,1.2758620689655173,lra_q
NetworkRewiring_Test,21,314,14,cooperate,0.0,lra_q
NetworkRewiring_Test,21,314,15,defect,1.2758620689655173,tit_for_tat
NetworkRewiring_Test,21,314,16,defect,1.1379310344827587,tit_for_tat
NetworkRewiring_Test,21,314,17,defect,1.1379310344827587,tit_for_tat
NetworkRewiring_Test,21,314,18,defect,1.0,tit_for_tat
NetworkRewiring_Test,21,314,19,defect,1.1379310344827587,tit_for_tat
NetworkRewiring_Test,21,314,20,defect,1.0,tit_for_tat
NetworkRewiring_Test,21,314,21,defect,1.0,tit_for_tat
NetworkRewiring_Test,21,314,22,defect,1.1379310344827587,tit_for_tat
NetworkRewiring_Test,21,314,23,defect,1.0,tit_for_tat
NetworkRewiring_Test,21,314,24,defect,1.0,tit_for_tat
NetworkRewiring_Test,21,314,25,cooperate,0.41379310344827586,tit_for_tat
NetworkRewiring_Test,21,314,26,defect,1.0,tit_for_tat
NetworkRewiring_Test,21,314,27,cooperate,0.20689655172413793,tit_for_tat
NetworkRewiring_Test,21,314,28,defect,1.5517241379310345,tit_for_tat
NetworkRewiring_Test,21,314,29,cooperate,0.20689655172413793,tit_for_tat
NetworkRewiring_Test,21,315,0,cooperate,0.20689655172413793,lra_q
NetworkRewiring_Test,21,315,1,cooperate,0.0,lra_q
NetworkRewiring_Test,21,315,2,defect,1.1379310344827587,lra_q
NetworkRewiring_Test,21,315,3,defect,1.1379310344827587,lra_q
NetworkRewiring_Test,21,315,4,defect,1.0,lra_q
NetworkRewiring_Test,21,315,5,defect,1.2758620689655173,lra_q
NetworkRewiring_Test,21,315,6,defect,1.0,lra_q
NetworkRewiring_Test,21,315,7,defect,1.1379310344827587,lra_q
NetworkRewiring_Test,21,315,8,cooperate,0.20689655172413793,lra_q
NetworkRewiring_Test,21,315,9,defect,1.1379310344827587,lra_q
NetworkRewiring_Test,21,315,10,cooperate,0.20689655172413793,lra_q
NetworkRewiring_Test,21,315,11,defect,1.1379310344827587,lra_q
NetworkRewiring_Test,21,315,12,defect,1.0,lra_q
NetworkRewiring_Test,21,315,13,defect,1.1379310344827587,lra_q
NetworkRewiring_Test,21,315,14,cooperate,0.0,lra_q
NetworkRewiring_Test,21,315,15,defect,1.2758620689655173,tit_for_tat
NetworkRewiring_Test,21,315,16,defect,1.0,tit_for_tat
NetworkRewiring_Test,21,315,17,defect,1.1379310344827587,tit_for_tat
NetworkRewiring_Test,21,315,18,defect,1.0,tit_for_tat
NetworkRewiring_Test,21,315,19,defect,1.0,tit_for_tat
NetworkRewiring_Test,21,315,20,defect,1.0,tit_for_tat
NetworkRewiring_Test,21,315,21,defect,1.0,tit_for_tat
NetworkRewiring_Test,21,315,22,defect,1.2758620689655173,tit_for_tat
NetworkRewiring_Test,21,315,23,defect,1.0,tit_for_tat
NetworkRewiring_Test,21,315,24,defect,1.0,tit_for_tat
NetworkRewiring_Test,21,315,25,defect,1.4137931034482758,tit_for_tat
NetworkRewiring_Test,21,315,26,defect,1.0,tit_for_tat
NetworkRewiring_Test,21,315,27,cooperate,0.10344827586206896,tit_for_tat
NetworkRewiring_Test,21,315,28,cooperate,0.3103448275862069,tit_for_tat
NetworkRewiring_Test,21,315,29,defect,1.2758620689655173,tit_for_tat
NetworkRewiring_Test,21,316,0,defect,1.4137931034482758,lra_q
NetworkRewiring_Test,21,316,1,cooperate,0.10344827586206896,lra_q
NetworkRewiring_Test,21,316,2,cooperate,0.20689655172413793,lra_q
NetworkRewiring_Test,21,316,3,defect,1.1379310344827587,lra_q
NetworkRewiring_Test,21,316,4,cooperate,0.0,lra_q
NetworkRewiring_Test,21,316,5,defect,1.5517241379310345,lra_q
NetworkRewiring_Test,21,316,6,cooperate,0.10344827586206896,lra_q
NetworkRewiring_Test,21,316,7,defect,1.1379310344827587,lra_q
NetworkRewiring_Test,21,316,8,cooperate,0.10344827586206896,lra_q
NetworkRewiring_Test,21,316,9,defect,1.1379310344827587,lra_q
NetworkRewiring_Test,21,316,10,cooperate,0.20689655172413793,lra_q
NetworkRewiring_Test,21,316,11,defect,1.4137931034482758,lra_q
NetworkRewiring_Test,21,316,12,cooperate,0.10344827586206896,lra_q
NetworkRewiring_Test,21,316,13,cooperate,0.20689655172413793,lra_q
NetworkRewiring_Test,21,316,14,cooperate,0.20689655172413793,lra_q
NetworkRewiring_Test,21,316,15,cooperate,0.3103448275862069,tit_for_tat
NetworkRewiring_Test,21,316,16,defect,1.4137931034482758,tit_for_tat
NetworkRewiring_Test,21,316,17,defect,1.2758620689655173,tit_for_tat
NetworkRewiring_Test,21,316,18,defect,1.0,tit_for_tat
NetworkRewiring_Test,21,316,19,defect,1.1379310344827587,tit_for_tat
NetworkRewiring_Test,21,316,20,defect,1.1379310344827587,tit_for_tat
NetworkRewiring_Test,21,316,21,defect,1.1379310344827587,tit_for_tat
NetworkRewiring_Test,21,316,22,cooperate,0.20689655172413793,tit_for_tat
NetworkRewiring_Test,21,316,23,defect,1.1379310344827587,tit_for_tat
NetworkRewiring_Test,21,316,24,defect,1.0,tit_for_tat
NetworkRewiring_Test,21,316,25,defect,1.4137931034482758,tit_for_tat
NetworkRewiring_Test,21,316,26,defect,1.1379310344827587,tit_for_tat
NetworkRewiring_Test,21,316,27,defect,1.1379310344827587,tit_for_tat
NetworkRewiring_Test,21,316,28,defect,1.2758620689655173,tit_for_tat
NetworkRewiring_Test,21,316,29,cooperate,0.10344827586206896,tit_for_tat
NetworkRewiring_Test,21,317,0,defect,1.1379310344827587,lra_q
NetworkRewiring_Test,21,317,1,defect,1.0,lra_q
NetworkRewiring_Test,21,317,2,defect,1.4137931034482758,lra_q
NetworkRewiring_Test,21,317,3,defect,1.1379310344827587,lra_q
NetworkRewiring_Test,21,317,4,cooperate,0.0,lra_q
NetworkRewiring_Test,21,317,5,defect,1.2758620689655173,lra_q
NetworkRewiring_Test,21,317,6,defect,1.1379310344827587,lra_q
NetworkRewiring_Test,21,317,7,defect,1.0,lra_q
NetworkRewiring_Test,21,317,8,defect,1.2758620689655173,lra_q
NetworkRewiring_Test,21,317,9,defect,1.2758620689655173,lra_q
NetworkRewiring_Test,21,317,10,cooperate,0.10344827586206896,lra_q
NetworkRewiring_Test,21,317,11,cooperate,0.0,lra_q
NetworkRewiring_Test,21,317,12,defect,1.1379310344827587,lra_q
NetworkRewiring_Test,21,317,13,cooperate,0.0,lra_q
NetworkRewiring_Test,21,317,14,defect,1.1379310344827587,lra_q
NetworkRewiring_Test,21,317,15,defect,1.1379310344827587,tit_for_tat
NetworkRewiring_Test,21,317,16,defect,1.0,tit_for_tat
NetworkRewiring_Test,21,317,17,defect,1.1379310344827587,tit_for_tat
NetworkRewiring_Test,21,317,18,defect,1.1379310344827587,tit_for_tat
NetworkRewiring_Test,21,317,19,defect,1.2758620689655173,tit_for_tat
NetworkRewiring_Test,21,317,20,cooperate,0.10344827586206896,tit_for_tat
NetworkRewiring_Test,21,317,21,cooperate,0.10344827586206896,tit_for_tat
NetworkRewiring_Test,21,317,22,cooperate,0.3103448275862069,tit_for_tat
NetworkRewiring_Test,21,317,23,cooperate,0.0,tit_for_tat
NetworkRewiring_Test,21,317,24,defect,1.1379310344827587,tit_for_tat
NetworkRewiring_Test,21,317,25,defect,1.4137931034482758,tit_for_tat
NetworkRewiring_Test,21,317,26,defect,1.0,tit_for_tat
NetworkRewiring_Test,21,317,27,defect,1.1379310344827587,tit_for_tat
NetworkRewiring_Test,21,317,28,defect,1.2758620689655173,tit_for_tat
NetworkRewiring_Test,21,317,29,cooperate,0.0,tit_for_tat
NetworkRewiring_Test,21,318,0,cooperate,0.3103448275862069,lra_q
NetworkRewiring_Test,21,318,1,cooperate,0.10344827586206896,lra_q
NetworkRewiring_Test,21,318,2,cooperate,0.10344827586206896,lra_q
NetworkRewiring_Test,21,318,3,defect,1.1379310344827587,lra_q
NetworkRewiring_Test,21,318,4,cooperate,0.10344827586206896,lra_q
NetworkRewiring_Test,21,318,5,defect,1.5517241379310345,lra_q
NetworkRewiring_Test,21,318,6,defect,1.0,lra_q
NetworkRewiring_Test,21,318,7,cooperate,0.10344827586206896,lra_q
NetworkRewiring_Test,21,318,8,cooperate,0.3103448275862069,lra_q
NetworkRewiring_Test,21,318,9,defect,1.2758620689655173,lra_q
NetworkRewiring_Test,21,318,10,cooperate,0.3103448275862069,lra_q
NetworkRewiring_Test,21,318,11,defect,1.2758620689655173,lra_q
NetworkRewiring_Test,21,318,12,defect,1.0,lra_q
NetworkRewiring_Test,21,318,13,defect,1.0,lra_q
NetworkRewiring_Test,21,318,14,defect,1.0,lra_q
NetworkRewiring_Test,21,318,15,defect,1.1379310344827587,tit_for_tat
NetworkRewiring_Test,21,318,16,defect,1.1379310344827587,tit_for_tat
NetworkRewiring_Test,21,318,17,defect,1.1379310344827587,tit_for_tat
NetworkRewiring_Test,21,318,18,defect,1.1379310344827587,tit_for_tat
NetworkRewiring_Test,21,318,19,defect,1.1379310344827587,tit_for_tat
NetworkRewiring_Test,21,318,20,cooperate,0.0,tit_for_tat
NetworkRewiring_Test,21,318,21,defect,1.0,tit_for_tat
NetworkRewiring_Test,21,318,22,defect,1.4137931034482758,tit_for_tat
NetworkRewiring_Test,21,318,23,defect,1.2758620689655173,tit_for_tat
NetworkRewiring_Test,21,318,24,cooperate,0.0,tit_for_tat
NetworkRewiring_Test,21,318,25,cooperate,0.3103448275862069,tit_for_tat
NetworkRewiring_Test,21,318,26,defect,1.2758620689655173,tit_for_tat
NetworkRewiring_Test,21,318,27,defect,1.2758620689655173,tit_for_tat
NetworkRewiring_Test,21,318,28,cooperate,0.20689655172413793,tit_for_tat
NetworkRewiring_Test,21,318,29,defect,1.4137931034482758,tit_for_tat
NetworkRewiring_Test,21,319,0,defect,1.1379310344827587,lra_q
NetworkRewiring_Test,21,319,1,defect,1.1379310344827587,lra_q
NetworkRewiring_Test,21,319,2,cooperate,0.3103448275862069,lra_q
NetworkRewiring_Test,21,319,3,defect,1.0,lra_q
NetworkRewiring_Test,21,319,4,defect,1.0,lra_q
NetworkRewiring_Test,21,319,5,defect,1.1379310344827587,lra_q
NetworkRewiring_Test,21,319,6,defect,1.0,lra_q
NetworkRewiring_Test,21,319,7,defect,1.1379310344827587,lra_q
NetworkRewiring_Test,21,319,8,defect,1.0,lra_q
NetworkRewiring_Test,21,319,9,cooperate,0.0,lra_q
NetworkRewiring_Test,21,319,10,defect,1.2758620689655173,lra_q
NetworkRewiring_Test,21,319,11,defect,1.4137931034482758,lra_q
NetworkRewiring_Test,21,319,12,cooperate,0.0,lra_q
NetworkRewiring_Test,21,319,13,defect,1.1379310344827587,lra_q
NetworkRewiring_Test,21,319,14,cooperate,0.0,lra_q
NetworkRewiring_Test,21,319,15,defect,1.4137931034482758,tit_for_tat
NetworkRewiring_Test,21,319,16,defect,1.1379310344827587,tit_for_tat
NetworkRewiring_Test,21,319,17,defect,1.1379310344827587,tit_for_tat
NetworkRewiring_Test,21,319,18,defect,1.0,tit_for_tat
NetworkRewiring_Test,21,319,19,defect,1.1379310344827587,tit_for_tat
NetworkRewiring_Test,21,319,20,defect,1.1379310344827587,tit_for_tat
NetworkRewiring_Test,21,319,21,defect,1.1379310344827587,tit_for_tat
NetworkRewiring_Test,21,319,22,cooperate,0.0,tit_for_tat
NetworkRewiring_Test,21,319,23,cooperate,0.10344827586206896,tit_for_tat
NetworkRewiring_Test,21,319,24,defect,1.2758620689655173,tit_for_tat
NetworkRewiring_Test,21,319,25,defect,1.1379310344827587,tit_for_tat
NetworkRewiring_Test,21,319,26,cooperate,0.10344827586206896,tit_for_tat
NetworkRewiring_Test,21,319,27,defect,1.1379310344827587,tit_for_tat
NetworkRewiring_Test,21,319,28,defect,1.1379310344827587,tit_for_tat
NetworkRewiring_Test,21,319,29,cooperate,0.10344827586206896,tit_for_tat
NetworkRewiring_Test,21,320,0,cooperate,0.20689655172413793,lra_q
NetworkRewiring_Test,21,320,1,defect,1.1379310344827587,lra_q
NetworkRewiring_Test,21,320,2,cooperate,0.41379310344827586,lra_q
NetworkRewiring_Test,21,320,3,defect,1.2758620689655173,lra_q
NetworkRewiring_Test,21,320,4,cooperate,0.20689655172413793,lra_q
NetworkRewiring_Test,21,320,5,cooperate,0.3103448275862069,lra_q
NetworkRewiring_Test,21,320,6,defect,1.1379310344827587,lra_q
NetworkRewiring_Test,21,320,7,defect,1.1379310344827587,lra_q
NetworkRewiring_Test,21,320,8,defect,1.4137931034482758,lra_q
NetworkRewiring_Test,21,320,9,defect,1.2758620689655173,lra_q
NetworkRewiring_Test,21,320,10,cooperate,0.20689655172413793,lra_q
NetworkRewiring_Test,21,320,11,cooperate,0.20689655172413793,lra_q
NetworkRewiring_Test,21,320,12,cooperate,0.3103448275862069,lra_q
NetworkRewiring_Test,21,320,13,defect,1.1379310344827587,lra_q
NetworkRewiring_Test,21,320,14,cooperate,0.10344827586206896,lra_q
NetworkRewiring_Test,21,320,15,cooperate,0.3103448275862069,tit_for_tat
NetworkRewiring_Test,21,320,16,defect,1.2758620689655173,tit_for_tat
NetworkRewiring_Test,21,320,17,defect,1.2758620689655173,tit_for_tat
NetworkRewiring_Test,21,320,18,defect,1.0,tit_for_tat
NetworkRewiring_Test,21,320,19,defect,1.1379310344827587,tit_for_tat
NetworkRewiring_Test,21,320,20,defect,1.0,tit_for_tat
NetworkRewiring_Test,21,320,21,defect,1.0,tit_for_tat
NetworkRewiring_Test,21,320,22,defect,1.4137931034482758,tit_for_tat
NetworkRewiring_Test,21,320,23,cooperate,0.20689655172413793,tit_for_tat
NetworkRewiring_Test,21,320,24,cooperate,0.20689655172413793,tit_for_tat
NetworkRewiring_Test,21,320,25,cooperate,0.41379310344827586,tit_for_tat
NetworkRewiring_Test,21,320,26,cooperate,0.20689655172413793,tit_for_tat
NetworkRewiring_Test,21,320,27,defect,1.2758620689655173,tit_for_tat
NetworkRewiring_Test,21,320,28,defect,1.5517241379310345,tit_for_tat
NetworkRewiring_Test,21,320,29,cooperate,0.20689655172413793,tit_for_tat
NetworkRewiring_Test,21,321,0,defect,1.4137931034482758,lra_q
NetworkRewiring_Test,21,321,1,defect,1.0,lra_q
NetworkRewiring_Test,21,321,2,defect,1.2758620689655173,lra_q
NetworkRewiring_Test,21,321,3,defect,1.0,lra_q
NetworkRewiring_Test,21,321,4,defect,1.1379310344827587,lra_q
NetworkRewiring_Test,21,321,5,defect,1.1379310344827587,lra_q
NetworkRewiring_Test,21,321,6,defect,1.0,lra_q
NetworkRewiring_Test,21,321,7,defect,1.0,lra_q
NetworkRewiring_Test,21,321,8,defect,1.0,lra_q
NetworkRewiring_Test,21,321,9,defect,1.0,lra_q
NetworkRewiring_Test,21,321,10,defect,1.2758620689655173,lra_q
NetworkRewiring_Test,21,321,11,defect,1.0,lra_q
NetworkRewiring_Test,21,321,12,defect,1.1379310344827587,lra_q
NetworkRewiring_Test,21,321,13,defect,1.0,lra_q
NetworkRewiring_Test,21,321,14,defect,1.1379310344827587,lra_q
NetworkRewiring_Test,21,321,15,cooperate,0.0,tit_for_tat
NetworkRewiring_Test,21,321,16,defect,1.1379310344827587,tit_for_tat
NetworkRewiring_Test,21,321,17,defect,1.1379310344827587,tit_for_tat
NetworkRewiring_Test,21,321,18,defect,1.0,tit_for_tat
NetworkRewiring_Test,21,321,19,defect,1.0,tit_for_tat
NetworkRewiring_Test,21,321,20,defect,1.0,tit_for_tat
NetworkRewiring_Test,21,321,21,defect,1.0,tit_for_tat
NetworkRewiring_Test,21,321,22,defect,1.1379310344827587,tit_for_tat
NetworkRewiring_Test,21,321,23,cooperate,0.10344827586206896,tit_for_tat
NetworkRewiring_Test,21,321,24,cooperate,0.10344827586206896,tit_for_tat
NetworkRewiring_Test,21,321,25,cooperate,0.10344827586206896,tit_for_tat
NetworkRewiring_Test,21,321,26,defect,1.1379310344827587,tit_for_tat
NetworkRewiring_Test,21,321,27,defect,1.4137931034482758,tit_for_tat
NetworkRewiring_Test,21,321,28,cooperate,0.10344827586206896,tit_for_tat
NetworkRewiring_Test,21,321,29,cooperate,0.20689655172413793,tit_for_tat
NetworkRewiring_Test,21,322,0,cooperate,0.0,lra_q
NetworkRewiring_Test,21,322,1,cooperate,0.10344827586206896,lra_q
NetworkRewiring_Test,21,322,2,defect,1.2758620689655173,lra_q
NetworkRewiring_Test,21,322,3,defect,1.2758620689655173,lra_q
NetworkRewiring_Test,21,322,4,cooperate,0.20689655172413793,lra_q
NetworkRewiring_Test,21,322,5,cooperate,0.41379310344827586,lra_q
NetworkRewiring_Test,21,322,6,cooperate,0.20689655172413793,lra_q
NetworkRewiring_Test,21,322,7,cooperate,0.10344827586206896,lra_q
NetworkRewiring_Test,21,322,8,defect,1.4137931034482758,lra_q
NetworkRewiring_Test,21,322,9,defect,1.2758620689655173,lra_q
NetworkRewiring_Test,21,322,10,cooperate,0.10344827586206896,lra_q
NetworkRewiring_Test,21,322,11,defect,1.0,lra_q
NetworkRewiring_Test,21,322,12,defect,1.1379310344827587,lra_q
NetworkRewiring_Test,21,322,13,defect,1.1379310344827587,lra_q
NetworkRewiring_Test,21,322,14,defect,1.0,lra_q
NetworkRewiring_Test,21,322,15,defect,1.2758620689655173,tit_for_tat
NetworkRewiring_Test,21,322,16,cooperate,0.10344827586206896,tit_for_tat
NetworkRewiring_Test,21,322,17,defect,1.1379310344827587,tit_for_tat
NetworkRewiring_Test,21,322,18,defect,1.1379310344827587,tit_for_tat
NetworkRewiring_Test,21,322,19,defect,1.2758620689655173,tit_for_tat
NetworkRewiring_Test,21,322,20,defect,1.0,tit_for_tat
NetworkRewiring_Test,21,322,21,defect,1.0,tit_for_tat
NetworkRewiring_Test,21,322,22,defect,1.2758620689655173,tit_for_tat
NetworkRewiring_Test,21,322,23,defect,1.0,tit_for_tat
NetworkRewiring_Test,21,322,24,defect,1.1379310344827587,tit_for_tat
NetworkRewiring_Test,21,322,25,defect,1.5517241379310345,tit_for_tat
NetworkRewiring_Test,21,322,26,cooperate,0.0,tit_for_tat
NetworkRewiring_Test,21,322,27,cooperate,0.0,tit_for_tat
NetworkRewiring_Test,21,322,28,defect,1.5517241379310345,tit_for_tat
NetworkRewiring_Test,21,322,29,defect,1.1379310344827587,tit_for_tat
NetworkRewiring_Test,21,323,0,cooperate,0.10344827586206896,lra_q
NetworkRewiring_Test,21,323,1,defect,1.0,lra_q
NetworkRewiring_Test,21,323,2,defect,1.1379310344827587,lra_q
NetworkRewiring_Test,21,323,3,defect,1.0,lra_q
NetworkRewiring_Test,21,323,4,defect,1.0,lra_q
NetworkRewiring_Test,21,323,5,defect,1.4137931034482758,lra_q
NetworkRewiring_Test,21,323,6,cooperate,0.0,lra_q
NetworkRewiring_Test,21,323,7,defect,1.0,lra_q
NetworkRewiring_Test,21,323,8,defect,1.2758620689655173,lra_q
NetworkRewiring_Test,21,323,9,defect,1.1379310344827587,lra_q
NetworkRewiring_Test,21,323,10,cooperate,0.10344827586206896,lra_q
NetworkRewiring_Test,21,323,11,defect,1.0,lra_q
NetworkRewiring_Test,21,323,12,defect,1.0,lra_q
NetworkRewiring_Test,21,323,13,defect,1.2758620689655173,lra_q
NetworkRewiring_Test,21,323,14,cooperate,0.0,lra_q
NetworkRewiring_Test,21,323,15,defect,1.2758620689655173,tit_for_tat
NetworkRewiring_Test,21,323,16,defect,1.1379310344827587,tit_for_tat
NetworkRewiring_Test,21,323,17,defect,1.1379310344827587,tit_for_tat
NetworkRewiring_Test,21,323,18,defect,1.0,tit_for_tat
NetworkRewiring_Test,21,323,19,defect,1.1379310344827587,tit_for_tat
NetworkRewiring_Test,21,323,20,defect,1.0,tit_for_tat
NetworkRewiring_Test,21,323,21,defect,1.0,tit_for_tat
NetworkRewiring_Test,21,323,22,defect,1.2758620689655173,tit_for_tat
NetworkRewiring_Test,21,323,23,defect,1.0,tit_for_tat
NetworkRewiring_Test,21,323,24,defect,1.0,tit_for_tat
NetworkRewiring_Test,21,323,25,defect,1.4137931034482758,tit_for_tat
NetworkRewiring_Test,21,323,26,defect,1.0,tit_for_tat
NetworkRewiring_Test,21,323,27,defect,1.2758620689655173,tit_for_tat
NetworkRewiring_Test,21,323,28,cooperate,0.3103448275862069,tit_for_tat
NetworkRewiring_Test,21,323,29,cooperate,0.10344827586206896,tit_for_tat
NetworkRewiring_Test,21,324,0,cooperate,0.41379310344827586,lra_q
NetworkRewiring_Test,21,324,1,cooperate,0.10344827586206896,lra_q
NetworkRewiring_Test,21,324,2,cooperate,0.10344827586206896,lra_q
NetworkRewiring_Test,21,324,3,defect,1.1379310344827587,lra_q
NetworkRewiring_Test,21,324,4,cooperate,0.20689655172413793,lra_q
NetworkRewiring_Test,21,324,5,defect,1.5517241379310345,lra_q
NetworkRewiring_Test,21,324,6,defect,1.1379310344827587,lra_q
NetworkRewiring_Test,21,324,7,cooperate,0.20689655172413793,lra_q
NetworkRewiring_Test,21,324,8,cooperate,0.3103448275862069,lra_q
NetworkRewiring_Test,21,324,9,cooperate,0.20689655172413793,lra_q
NetworkRewiring_Test,21,324,10,cooperate,0.41379310344827586,lra_q
NetworkRewiring_Test,21,324,11,defect,1.4137931034482758,lra_q
NetworkRewiring_Test,21,324,12,defect,1.1379310344827587,lra_q
NetworkRewiring_Test,21,324,13,defect,1.1379310344827587,lra_q
NetworkRewiring_Test,21,324,14,cooperate,0.20689655172413793,lra_q
NetworkRewiring_Test,21,324,15,cooperate,0.41379310344827586,tit_for_tat
NetworkRewiring_Test,21,324,16,cooperate,0.3103448275862069,tit_for_tat
NetworkRewiring_Test,21,324,17,cooperate,0.3103448275862069,tit_for_tat
NetworkRewiring_Test,21,324,18,defect,1.2758620689655173,tit_for_tat
NetworkRewiring_Test,21,324,19,defect,1.1379310344827587,tit_for_tat
NetworkRewiring_Test,21,324,20,defect,1.1379310344827587,tit_for_tat
NetworkRewiring_Test,21,324,21,defect,1.0,tit_for_tat
NetworkRewiring_Test,21,324,22,defect,1.4137931034482758,tit_for_tat
NetworkRewiring_Test,21,324,23,defect,1.1379310344827587,tit_for_tat
NetworkRewiring_Test,21,324,24,defect,1.0,tit_for_tat
NetworkRewiring_Test,21,324,25,cooperate,0.41379310344827586,tit_for_tat
NetworkRewiring_Test,21,324,26,defect,1.1379310344827587,tit_for_tat
NetworkRewiring_Test,21,324,27,cooperate,0.20689655172413793,tit_for_tat
NetworkRewiring_Test,21,324,28,cooperate,0.3103448275862069,tit_for_tat
NetworkRewiring_Test,21,324,29,defect,1.5517241379310345,tit_for_tat
NetworkRewiring_Test,21,325,0,defect,1.4137931034482758,lra_q
NetworkRewiring_Test,21,325,1,defect,1.0,lra_q
NetworkRewiring_Test,21,325,2,cooperate,0.3103448275862069,lra_q
NetworkRewiring_Test,21,325,3,defect,1.1379310344827587,lra_q
NetworkRewiring_Test,21,325,4,defect,1.0,lra_q
NetworkRewiring_Test,21,325,5,defect,1.1379310344827587,lra_q
NetworkRewiring_Test,21,325,6,cooperate,0.10344827586206896,lra_q
NetworkRewiring_Test,21,325,7,defect,1.1379310344827587,lra_q
NetworkRewiring_Test,21,325,8,cooperate,0.10344827586206896,lra_q
NetworkRewiring_Test,21,325,9,defect,1.1379310344827587,lra_q
NetworkRewiring_Test,21,325,10,defect,1.2758620689655173,lra_q
NetworkRewiring_Test,21,325,11,cooperate,0.20689655172413793,lra_q
NetworkRewiring_Test,21,325,12,defect,1.2758620689655173,lra_q
NetworkRewiring_Test,21,325,13,defect,1.1379310344827587,lra_q
NetworkRewiring_Test,21,325,14,defect,1.1379310344827587,lra_q
NetworkRewiring_Test,21,325,15,cooperate,0.20689655172413793,tit_for_tat
NetworkRewiring_Test,21,325,16,cooperate,0.41379310344827586,tit_for_tat
NetworkRewiring_Test,21,325,17,defect,1.4137931034482758,tit_for_tat
NetworkRewiring_Test,21,325,18,cooperate,0.10344827586206896,tit_for_tat
NetworkRewiring_Test,21,325,19,defect,1.2758620689655173,tit_for_tat
NetworkRewiring_Test,21,325,20,defect,1.2758620689655173,tit_for_tat
NetworkRewiring_Test,21,325,21,defect,1.1379310344827587,tit_for_tat
NetworkRewiring_Test,21,325,22,cooperate,0.10344827586206896,tit_for_tat
NetworkRewiring_Test,21,325,23,defect,1.1379310344827587,tit_for_tat
NetworkRewiring_Test,21,325,24,defect,1.0,tit_for_tat
NetworkRewiring_Test,21,325,25,defect,1.2758620689655173,tit_for_tat
NetworkRewiring_Test,21,325,26,defect,1.1379310344827587,tit_for_tat
NetworkRewiring_Test,21,325,27,cooperate,0.10344827586206896,tit_for_tat
NetworkRewiring_Test,21,325,28,defect,1.2758620689655173,tit_for_tat
NetworkRewiring_Test,21,325,29,cooperate,0.20689655172413793,tit_for_tat
NetworkRewiring_Test,21,326,0,defect,1.0,lra_q
NetworkRewiring_Test,21,326,1,cooperate,0.10344827586206896,lra_q
NetworkRewiring_Test,21,326,2,cooperate,0.20689655172413793,lra_q
NetworkRewiring_Test,21,326,3,defect,1.1379310344827587,lra_q
NetworkRewiring_Test,21,326,4,cooperate,0.10344827586206896,lra_q
NetworkRewiring_Test,21,326,5,defect,1.2758620689655173,lra_q
NetworkRewiring_Test,21,326,6,cooperate,0.10344827586206896,lra_q
NetworkRewiring_Test,21,326,7,defect,1.0,lra_q
NetworkRewiring_Test,21,326,8,defect,1.0,lra_q
NetworkRewiring_Test,21,326,9,defect,1.0,lra_q
NetworkRewiring_Test,21,326,10,defect,1.0,lra_q
NetworkRewiring_Test,21,326,11,defect,1.1379310344827587,lra_q
NetworkRewiring_Test,21,326,12,defect,1.0,lra_q
NetworkRewiring_Test,21,326,13,defect,1.1379310344827587,lra_q
NetworkRewiring_Test,21,326,14,defect,1.0,lra_q
NetworkRewiring_Test,21,326,15,defect,1.1379310344827587,tit_for_tat
NetworkRewiring_Test,21,326,16,cooperate,0.20689655172413793,tit_for_tat
NetworkRewiring_Test,21,326,17,defect,1.1379310344827587,tit_for_tat
NetworkRewiring_Test,21,326,18,defect,1.1379310344827587,tit_for_tat
NetworkRewiring_Test,21,326,19,defect,1.4137931034482758,tit_for_tat
NetworkRewiring_Test,21,326,20,defect,1.0,tit_for_tat
NetworkRewiring_Test,21,326,21,cooperate,0.0,tit_for_tat
NetworkRewiring_Test,21,326,22,defect,1.1379310344827587,tit_for_tat
NetworkRewiring_Test,21,326,23,defect,1.1379310344827587,tit_for_tat
NetworkRewiring_Test,21,326,24,defect,1.1379310344827587,tit_for_tat
NetworkRewiring_Test,21,326,25,defect,1.1379310344827587,tit_for_tat
NetworkRewiring_Test,21,326,26,cooperate,0.10344827586206896,tit_for_tat
NetworkRewiring_Test,21,326,27,defect,1.0,tit_for_tat
NetworkRewiring_Test,21,326,28,defect,1.0,tit_for_tat
NetworkRewiring_Test,21,326,29,defect,1.1379310344827587,tit_for_tat
NetworkRewiring_Test,21,327,0,cooperate,0.0,lra_q
NetworkRewiring_Test,21,327,1,defect,1.1379310344827587,lra_q
NetworkRewiring_Test,21,327,2,defect,1.2758620689655173,lra_q
NetworkRewiring_Test,21,327,3,defect,1.1379310344827587,lra_q
NetworkRewiring_Test,21,327,4,cooperate,0.0,lra_q
NetworkRewiring_Test,21,327,5,defect,1.5517241379310345,lra_q
NetworkRewiring_Test,21,327,6,defect,1.0,lra_q
NetworkRewiring_Test,21,327,7,cooperate,0.0,lra_q
NetworkRewiring_Test,21,327,8,defect,1.5517241379310345,lra_q
NetworkRewiring_Test,21,327,9,defect,1.4137931034482758,lra_q
NetworkRewiring_Test,21,327,10,cooperate,0.0,lra_q
NetworkRewiring_Test,21,327,11,cooperate,0.10344827586206896,lra_q
NetworkRewiring_Test,21,327,12,cooperate,0.10344827586206896,lra_q
NetworkRewiring_Test,21,327,13,defect,1.1379310344827587,lra_q
NetworkRewiring_Test,21,327,14,cooperate,0.0,lra_q
NetworkRewiring_Test,21,327,15,defect,1.4137931034482758,tit_for_tat
NetworkRewiring_Test,21,327,16,defect,1.0,tit_for_tat
NetworkRewiring_Test,21,327,17,defect,1.1379310344827587,tit_for_tat
NetworkRewiring_Test,21,327,18,defect,1.0,tit_for_tat
NetworkRewiring_Test,21,327,19,defect,1.0,tit_for_tat
NetworkRewiring_Test,21,327,20,defect,1.0,tit_for_tat
NetworkRewiring_Test,21,327,21,defect,1.0,tit_for_tat
NetworkRewiring_Test,21,327,22,defect,1.2758620689655173,tit_for_tat
NetworkRewiring_Test,21,327,23,cooperate,0.0,tit_for_tat
NetworkRewiring_Test,21,327,24,defect,1.1379310344827587,tit_for_tat
NetworkRewiring_Test,21,327,25,defect,1.4137931034482758,tit_for_tat
NetworkRewiring_Test,21,327,26,defect,1.0,tit_for_tat
NetworkRewiring_Test,21,327,27,defect,1.0,tit_for_tat
NetworkRewiring_Test,21,327,28,defect,1.2758620689655173,tit_for_tat
NetworkRewiring_Test,21,327,29,defect,1.0,tit_for_tat
NetworkRewiring_Test,21,328,0,cooperate,0.3103448275862069,lra_q
NetworkRewiring_Test,21,328,1,defect,1.1379310344827587,lra_q
NetworkRewiring_Test,21,328,2,defect,1.0,lra_q
NetworkRewiring_Test,21,328,3,defect,1.0,lra_q
NetworkRewiring_Test,21,328,4,cooperate,0.0,lra_q
NetworkRewiring_Test,21,328,5,defect,1.5517241379310345,lra_q
NetworkRewiring_Test,21,328,6,defect,1.0,lra_q
NetworkRewiring_Test,21,328,7,cooperate,0.10344827586206896,lra_q
NetworkRewiring_Test,21,328,8,cooperate,0.3103448275862069,lra_q
NetworkRewiring_Test,21,328,9,defect,1.2758620689655173,lra_q
NetworkRewiring_Test,21,328,10,cooperate,0.20689655172413793,lra_q
NetworkRewiring_Test,21,328,11,defect,1.1379310344827587,lra_q
NetworkRewiring_Test,21,328,12,defect,1.1379310344827587,lra_q
NetworkRewiring_Test,21,328,13,defect,1.1379310344827587,lra_q
NetworkRewiring_Test,21,328,14,cooperate,0.10344827586206896,lra_q
NetworkRewiring_Test,21,328,15,cooperate,0.20689655172413793,tit_for_tat
NetworkRewiring_Test,21,328,16,defect,1.1379310344827587,tit_for_tat
NetworkRewiring_Test,21,328,17,defect,1.2758620689655173,tit_for_tat
NetworkRewiring_Test,21,328,18,defect,1.0,tit_for_tat
NetworkRewiring_Test,21,328,19,defect,1.0,tit_for_tat
NetworkRewiring_Test,21,328,20,defect,1.0,tit_for_tat
NetworkRewiring_Test,21,328,21,defect,1.0,tit_for_tat
NetworkRewiring_Test,21,328,22,defect,1.4137931034482758,tit_for_tat
NetworkRewiring_Test,21,328,23,defect,1.0,tit_for_tat
NetworkRewiring_Test,21,328,24,defect,1.0,tit_for_tat
NetworkRewiring_Test,21,328,25,defect,1.4137931034482758,tit_for_tat
NetworkRewiring_Test,21,328,26,defect,1.0,tit_for_tat
NetworkRewiring_Test,21,328,27,defect,1.1379310344827587,tit_for_tat
NetworkRewiring_Test,21,328,28,cooperate,0.20689655172413793,tit_for_tat
NetworkRewiring_Test,21,328,29,defect,1.1379310344827587,tit_for_tat
NetworkRewiring_Test,21,329,0,defect,1.4137931034482758,lra_q
NetworkRewiring_Test,21,329,1,defect,1.1379310344827587,lra_q
NetworkRewiring_Test,21,329,2,cooperate,0.0,lra_q
NetworkRewiring_Test,21,329,3,defect,1.0,lra_q
NetworkRewiring_Test,21,329,4,cooperate,0.10344827586206896,lra_q
NetworkRewiring_Test,21,329,5,defect,1.4137931034482758,lra_q
NetworkRewiring_Test,21,329,6,defect,1.0,lra_q
NetworkRewiring_Test,21,329,7,defect,1.0,lra_q
NetworkRewiring_Test,21,329,8,defect,1.1379310344827587,lra_q
NetworkRewiring_Test,21,329,9,defect,1.1379310344827587,lra_q
NetworkRewiring_Test,21,329,10,cooperate,0.20689655172413793,lra_q
NetworkRewiring_Test,21,329,11,defect,1.1379310344827587,lra_q
NetworkRewiring_Test,21,329,12,defect,1.1379310344827587,lra_q
NetworkRewiring_Test,21,329,13,defect,1.0,lra_q
NetworkRewiring_Test,21,329,14,defect,1.2758620689655173,lra_q
NetworkRewiring_Test,21,329,15,cooperate,0.10344827586206896,tit_for_tat
NetworkRewiring_Test,21,329,16,defect,1.4137931034482758,tit_for_tat
NetworkRewiring_Test,21,329,17,cooperate,0.10344827586206896,tit_for_tat
NetworkRewiring_Test,21,329,18,defect,1.1379310344827587,tit_for_tat
NetworkRewiring_Test,21,329,19,defect,1.1379310344827587,tit_for_tat
NetworkRewiring_Test,21,329,20,defect,1.1379310344827587,tit_for_tat
NetworkRewiring_Test,21,329,21,defect,1.0,tit_for_tat
NetworkRewiring_Test,21,329,22,defect,1.2758620689655173,tit_for_tat
NetworkRewiring_Test,21,329,23,defect,1.1379310344827587,tit_for_tat
NetworkRewiring_Test,21,329,24,defect,1.0,tit_for_tat
NetworkRewiring_Test,21,329,25,cooperate,0.20689655172413793,tit_for_tat
NetworkRewiring_Test,21,329,26,defect,1.1379310344827587,tit_for_tat
NetworkRewiring_Test,21,329,27,defect,1.2758620689655173,tit_for_tat
NetworkRewiring_Test,21,329,28,cooperate,0.10344827586206896,tit_for_tat
NetworkRewiring_Test,21,329,29,defect,1.4137931034482758,tit_for_tat
NetworkRewiring_Test,21,330,0,defect,1.4137931034482758,lra_q
NetworkRewiring_Test,21,330,1,defect,1.1379310344827587,lra_q
NetworkRewiring_Test,21,330,2,cooperate,0.10344827586206896,lra_q
NetworkRewiring_Test,21,330,3,defect,1.0,lra_q
NetworkRewiring_Test,21,330,4,cooperate,0.0,lra_q
NetworkRewiring_Test,21,330,5,defect,1.5517241379310345,lra_q
NetworkRewiring_Test,21,330,6,defect,1.1379310344827587,lra_q
NetworkRewiring_Test,21,330,7,cooperate,0.0,lra_q
NetworkRewiring_Test,21,330,8,defect,1.2758620689655173,lra_q
NetworkRewiring_Test,21,330,9,defect,1.2758620689655173,lra_q
NetworkRewiring_Test,21,330,10,cooperate,0.20689655172413793,lra_q
NetworkRewiring_Test,21,330,11,defect,1.1379310344827587,lra_q
NetworkRewiring_Test,21,330,12,defect,1.1379310344827587,lra_q
NetworkRewiring_Test,21,330,13,defect,1.0,lra_q
NetworkRewiring_Test,21,330,14,defect,1.1379310344827587,lra_q
NetworkRewiring_Test,21,330,15,cooperate,0.10344827586206896,tit_for_tat
NetworkRewiring_Test,21,330,16,defect,1.4137931034482758,tit_for_tat
NetworkRewiring_Test,21,330,17,defect,1.5517241379310345,tit_for_tat
NetworkRewiring_Test,21,330,18,cooperate,0.20689655172413793,tit_for_tat
NetworkRewiring_Test,21,330,19,cooperate,0.20689655172413793,tit_for_tat
NetworkRewiring_Test,21,330,20,cooperate,0.3103448275862069,tit_for_tat
NetworkRewiring_Test,21,330,21,defect,1.2758620689655173,tit_for_tat
NetworkRewiring_Test,21,330,22,cooperate,0.3103448275862069,tit_for_tat
NetworkRewiring_Test,21,330,23,defect,1.1379310344827587,tit_for_tat
NetworkRewiring_Test,21,330,24,defect,1.0,tit_for_tat
NetworkRewiring_Test,21,330,25,defect,1.5517241379310345,tit_for_tat
NetworkRewiring_Test,21,330,26,defect,1.2758620689655173,tit_for_tat
NetworkRewiring_Test,21,330,27,cooperate,0.20689655172413793,tit_for_tat
NetworkRewiring_Test,21,330,28,cooperate,0.3103448275862069,tit_for_tat
NetworkRewiring_Test,21,330,29,cooperate,0.3103448275862069,tit_for_tat
NetworkRewiring_Test,21,331,0,defect,1.5517241379310345,lra_q
NetworkRewiring_Test,21,331,1,defect,1.1379310344827587,lra_q
NetworkRewiring_Test,21,331,2,cooperate,0.20689655172413793,lra_q
NetworkRewiring_Test,21,331,3,defect,1.0,lra_q
NetworkRewiring_Test,21,331,4,cooperate,0.10344827586206896,lra_q
NetworkRewiring_Test,21,331,5,defect,1.4137931034482758,lra_q
NetworkRewiring_Test,21,331,6,defect,1.0,lra_q
NetworkRewiring_Test,21,331,7,cooperate,0.20689655172413793,lra_q
NetworkRewiring_Test,21,331,8,cooperate,0.20689655172413793,lra_q
NetworkRewiring_Test,21,331,9,cooperate,0.20689655172413793,lra_q
NetworkRewiring_Test,21,331,10,cooperate,0.41379310344827586,lra_q
NetworkRewiring_Test,21,331,11,defect,1.4137931034482758,lra_q
NetworkRewiring_Test,21,331,12,defect,1.1379310344827587,lra_q
NetworkRewiring_Test,21,331,13,defect,1.0,lra_q
NetworkRewiring_Test,21,331,14,defect,1.2758620689655173,lra_q
NetworkRewiring_Test,21,331,15,cooperate,0.20689655172413793,tit_for_tat
NetworkRewiring_Test,21,331,16,defect,1.4137931034482758,tit_for_tat
NetworkRewiring_Test,21,331,17,cooperate,0.20689655172413793,tit_for_tat
NetworkRewiring_Test,21,331,18,defect,1.2758620689655173,tit_for_tat
NetworkRewiring_Test,21,331,19,defect,1.5517241379310345,tit_for_tat
NetworkRewiring_Test,21,331,20,cooperate,0.20689655172413793,tit_for_tat
NetworkRewiring_Test,21,331,21,cooperate,0.10344827586206896,tit_for_tat
NetworkRewiring_Test,21,331,22,cooperate,0.41379310344827586,tit_for_tat
NetworkRewiring_Test,21,331,23,defect,1.1379310344827587,tit_for_tat
NetworkRewiring_Test,21,331,24,defect,1.1379310344827587,tit_for_tat
NetworkRewiring_Test,21,331,25,cooperate,0.41379310344827586,tit_for_tat
NetworkRewiring_Test,21,331,26,cooperate,0.10344827586206896,tit_for_tat
NetworkRewiring_Test,21,331,27,cooperate,0.20689655172413793,tit_for_tat
NetworkRewiring_Test,21,331,28,defect,1.4137931034482758,tit_for_tat
NetworkRewiring_Test,21,331,29,cooperate,0.3103448275862069,tit_for_tat
NetworkRewiring_Test,21,332,0,cooperate,0.20689655172413793,lra_q
NetworkRewiring_Test,21,332,1,defect,1.1379310344827587,lra_q
NetworkRewiring_Test,21,332,2,defect,1.4137931034482758,lra_q
NetworkRewiring_Test,21,332,3,defect,1.1379310344827587,lra_q
NetworkRewiring_Test,21,332,4,cooperate,0.10344827586206896,lra_q
NetworkRewiring_Test,21,332,5,defect,1.1379310344827587,lra_q
NetworkRewiring_Test,21,332,6,defect,1.2758620689655173,lra_q
NetworkRewiring_Test,21,332,7,defect,1.1379310344827587,lra_q
NetworkRewiring_Test,21,332,8,cooperate,0.20689655172413793,lra_q
NetworkRewiring_Test,21,332,9,defect,1.1379310344827587,lra_q
NetworkRewiring_Test,21,332,10,defect,1.2758620689655173,lra_q
NetworkRewiring_Test,21,332,11,cooperate,0.10344827586206896,lra_q
NetworkRewiring_Test,21,332,12,defect,1.1379310344827587,lra_q
NetworkRewiring_Test,21,332,13,defect,1.0,lra_q
NetworkRewiring_Test,21,332,14,defect,1.1379310344827587,lra_q
NetworkRewiring_Test,21,332,15,defect,1.4137931034482758,tit_for_tat
NetworkRewiring_Test,21,332,16,cooperate,0.20689655172413793,tit_for_tat
NetworkRewiring_Test,21,332,17,cooperate,0.41379310344827586,tit_for_tat
NetworkRewiring_Test,21,332,18,cooperate,0.41379310344827586,tit_for_tat
NetworkRewiring_Test,21,332,19,cooperate,0.41379310344827586,tit_for_tat
NetworkRewiring_Test,21,332,20,cooperate,0.3103448275862069,tit_for_tat
NetworkRewiring_Test,21,332,21,cooperate,0.10344827586206896,tit_for_tat
NetworkRewiring_Test,21,332,22,defect,1.4137931034482758,tit_for_tat
NetworkRewiring_Test,21,332,23,cooperate,0.10344827586206896,tit_for_tat
NetworkRewiring_Test,21,332,24,cooperate,0.10344827586206896,tit_for_tat
NetworkRewiring_Test,21,332,25,cooperate,0.3103448275862069,tit_for_tat
NetworkRewiring_Test,21,332,26,defect,1.2758620689655173,tit_for_tat
NetworkRewiring_Test,21,332,27,cooperate,0.10344827586206896,tit_for_tat
NetworkRewiring_Test,21,332,28,defect,1.2758620689655173,tit_for_tat
NetworkRewiring_Test,21,332,29,defect,1.2758620689655173,tit_for_tat
NetworkRewiring_Test,21,333,0,defect,1.4137931034482758,lra_q
NetworkRewiring_Test,21,333,1,defect,1.2758620689655173,lra_q
NetworkRewiring_Test,21,333,2,cooperate,0.10344827586206896,lra_q
NetworkRewiring_Test,21,333,3,cooperate,0.10344827586206896,lra_q
NetworkRewiring_Test,21,333,4,cooperate,0.20689655172413793,lra_q
NetworkRewiring_Test,21,333,5,cooperate,0.41379310344827586,lra_q
NetworkRewiring_Test,21,333,6,cooperate,0.10344827586206896,lra_q
NetworkRewiring_Test,21,333,7,defect,1.2758620689655173,lra_q
NetworkRewiring_Test,21,333,8,cooperate,0.10344827586206896,lra_q
NetworkRewiring_Test,21,333,9,defect,1.1379310344827587,lra_q
NetworkRewiring_Test,21,333,10,cooperate,0.41379310344827586,lra_q
NetworkRewiring_Test,21,333,11,defect,1.4137931034482758,lra_q
NetworkRewiring_Test,21,333,12,defect,1.1379310344827587,lra_q
NetworkRewiring_Test,21,333,13,defect,1.1379310344827587,lra_q
NetworkRewiring_Test,21,333,14,defect,1.0,lra_q
NetworkRewiring_Test,21,333,15,defect,1.1379310344827587,tit_for_tat
NetworkRewiring_Test,21,333,16,defect,1.4137931034482758,tit_for_tat
NetworkRewiring_Test,21,333,17,defect,1.2758620689655173,tit_for_tat
NetworkRewiring_Test,21,333,18,cooperate,0.10344827586206896,tit_for_tat
NetworkRewiring_Test,21,333,19,defect,1.4137931034482758,tit_for_tat
NetworkRewiring_Test,21,333,20,cooperate,0.20689655172413793,tit_for_tat
NetworkRewiring_Test,21,333,21,defect,1.1379310344827587,tit_for_tat
NetworkRewiring_Test,21,333,22,cooperate,0.20689655172413793,tit_for_tat
NetworkRewiring_Test,21,333,23,cooperate,0.10344827586206896,tit_for_tat
NetworkRewiring_Test,21,333,24,defect,1.1379310344827587,tit_for_tat
NetworkRewiring_Test,21,333,25,cooperate,0.20689655172413793,tit_for_tat
NetworkRewiring_Test,21,333,26,defect,1.1379310344827587,tit_for_tat
NetworkRewiring_Test,21,333,27,defect,1.1379310344827587,tit_for_tat
NetworkRewiring_Test,21,333,28,defect,1.2758620689655173,tit_for_tat
NetworkRewiring_Test,21,333,29,defect,1.2758620689655173,tit_for_tat
NetworkRewiring_Test,21,334,0,defect,1.2758620689655173,lra_q
NetworkRewiring_Test,21,334,1,defect,1.0,lra_q
NetworkRewiring_Test,21,334,2,defect,1.1379310344827587,lra_q
NetworkRewiring_Test,21,334,3,defect,1.1379310344827587,lra_q
NetworkRewiring_Test,21,334,4,defect,1.1379310344827587,lra_q
NetworkRewiring_Test,21,334,5,cooperate,0.0,lra_q
NetworkRewiring_Test,21,334,6,defect,1.4137931034482758,lra_q
NetworkRewiring_Test,21,334,7,defect,1.1379310344827587,lra_q
NetworkRewiring_Test,21,334,8,defect,1.0,lra_q
NetworkRewiring_Test,21,334,9,defect,1.0,lra_q
NetworkRewiring_Test,21,334,10,defect,1.2758620689655173,lra_q
NetworkRewiring_Test,21,334,11,defect,1.0,lra_q
NetworkRewiring_Test,21,334,12,defect,1.2758620689655173,lra_q
NetworkRewiring_Test,21,334,13,cooperate,0.10344827586206896,lra_q
NetworkRewiring_Test,21,334,14,cooperate,0.20689655172413793,lra_q
NetworkRewiring_Test,21,334,15,cooperate,0.3103448275862069,tit_for_tat
NetworkRewiring_Test,21,334,16,cooperate,0.10344827586206896,tit_for_tat
NetworkRewiring_Test,21,334,17,defect,1.5517241379310345,tit_for_tat
NetworkRewiring_Test,21,334,18,defect,1.2758620689655173,tit_for_tat
NetworkRewiring_Test,21,334,19,defect,1.1379310344827587,tit_for_tat
NetworkRewiring_Test,21,334,20,cooperate,0.10344827586206896,tit_for_tat
NetworkRewiring_Test,21,334,21,defect,1.1379310344827587,tit_for_tat
NetworkRewiring_Test,21,334,22,cooperate,0.20689655172413793,tit_for_tat
NetworkRewiring_Test,21,334,23,defect,1.1379310344827587,tit_for_tat
NetworkRewiring_Test,21,334,24,cooperate,0.0,tit_for_tat
NetworkRewiring_Test,21,334,25,defect,1.0,tit_for_tat
NetworkRewiring_Test,21,334,26,defect,1.1379310344827587,tit_for_tat
NetworkRewiring_Test,21,334,27,defect,1.0,tit_for_tat
NetworkRewiring_Test,21,334,28,defect,1.1379310344827587,tit_for_tat
NetworkRewiring_Test,21,334,29,defect,1.0,tit_for_tat
NetworkRewiring_Test,21,335,0,defect,1.0,lra_q
NetworkRewiring_Test,21,335,1,cooperate,0.10344827586206896,lra_q
NetworkRewiring_Test,21,335,2,cooperate,0.20689655172413793,lra_q
NetworkRewiring_Test,21,335,3,defect,1.2758620689655173,lra_q
NetworkRewiring_Test,21,335,4,cooperate,0.20689655172413793,lra_q
NetworkRewiring_Test,21,335,5,cooperate,0.20689655172413793,lra_q
NetworkRewiring_Test,21,335,6,defect,1.2758620689655173,lra_q
NetworkRewiring_Test,21,335,7,defect,1.1379310344827587,lra_q
NetworkRewiring_Test,21,335,8,defect,1.1379310344827587,lra_q
NetworkRewiring_Test,21,335,9,defect,1.1379310344827587,lra_q
NetworkRewiring_Test,21,335,10,cooperate,0.10344827586206896,lra_q
NetworkRewiring_Test,21,335,11,defect,1.1379310344827587,lra_q
NetworkRewiring_Test,21,335,12,defect,1.1379310344827587,lra_q
NetworkRewiring_Test,21,335,13,defect,1.0,lra_q
NetworkRewiring_Test,21,335,14,defect,1.0,lra_q
NetworkRewiring_Test,21,335,15,defect,1.1379310344827587,tit_for_tat
NetworkRewiring_Test,21,335,16,cooperate,0.10344827586206896,tit_for_tat
NetworkRewiring_Test,21,335,17,defect,1.1379310344827587,tit_for_tat
NetworkRewiring_Test,21,335,18,defect,1.1379310344827587,tit_for_tat
NetworkRewiring_Test,21,335,19,defect,1.0,tit_for_tat
NetworkRewiring_Test,21,335,20,defect,1.0,tit_for_tat
NetworkRewiring_Test,21,335,21,defect,1.0,tit_for_tat
NetworkRewiring_Test,21,335,22,defect,1.1379310344827587,tit_for_tat
NetworkRewiring_Test,21,335,23,cooperate,0.10344827586206896,tit_for_tat
NetworkRewiring_Test,21,335,24,defect,1.1379310344827587,tit_for_tat
NetworkRewiring_Test,21,335,25,defect,1.2758620689655173,tit_for_tat
NetworkRewiring_Test,21,335,26,defect,1.1379310344827587,tit_for_tat
NetworkRewiring_Test,21,335,27,defect,1.0,tit_for_tat
NetworkRewiring_Test,21,335,28,defect,1.2758620689655173,tit_for_tat
NetworkRewiring_Test,21,335,29,defect,1.1379310344827587,tit_for_tat
NetworkRewiring_Test,21,336,0,cooperate,0.20689655172413793,lra_q
NetworkRewiring_Test,21,336,1,defect,1.0,lra_q
NetworkRewiring_Test,21,336,2,defect,1.0,lra_q
NetworkRewiring_Test,21,336,3,defect,1.1379310344827587,lra_q
NetworkRewiring_Test,21,336,4,defect,1.1379310344827587,lra_q
NetworkRewiring_Test,21,336,5,cooperate,0.3103448275862069,lra_q
NetworkRewiring_Test,21,336,6,cooperate,0.10344827586206896,lra_q
NetworkRewiring_Test,21,336,7,defect,1.1379310344827587,lra_q
NetworkRewiring_Test,21,336,8,defect,1.2758620689655173,lra_q
NetworkRewiring_Test,21,336,9,defect,1.1379310344827587,lra_q
NetworkRewiring_Test,21,336,10,cooperate,0.20689655172413793,lra_q
NetworkRewiring_Test,21,336,11,defect,1.0,lra_q
NetworkRewiring_Test,21,336,12,defect,1.2758620689655173,lra_q
NetworkRewiring_Test,21,336,13,defect,1.2758620689655173,lra_q
NetworkRewiring_Test,21,336,14,cooperate,0.10344827586206896,lra_q
NetworkRewiring_Test,21,336,15,cooperate,0.20689655172413793,tit_for_tat
NetworkRewiring_Test,21,336,16,defect,1.2758620689655173,tit_for_tat
NetworkRewiring_Test,21,336,17,defect,1.2758620689655173,tit_for_tat
NetworkRewiring_Test,21,336,18,defect,1.0,tit_for_tat
NetworkRewiring_Test,21,336,19,defect,1.1379310344827587,tit_for_tat
NetworkRewiring_Test,21,336,20,defect,1.0,tit_for_tat
NetworkRewiring_Test,21,336,21,defect,1.0,tit_for_tat
NetworkRewiring_Test,21,336,22,defect,1.4137931034482758,tit_for_tat
NetworkRewiring_Test,21,336,23,defect,1.1379310344827587,tit_for_tat
NetworkRewiring_Test,21,336,24,cooperate,0.0,tit_for_tat
NetworkRewiring_Test,21,336,25,defect,1.2758620689655173,tit_for_tat
NetworkRewiring_Test,21,336,26,defect,1.1379310344827587,tit_for_tat
NetworkRewiring_Test,21,336,27,defect,1.1379310344827587,tit_for_tat
NetworkRewiring_Test,21,336,28,cooperate,0.3103448275862069,tit_for_tat
NetworkRewiring_Test,21,336,29,defect,1.1379310344827587,tit_for_tat
NetworkRewiring_Test,21,337,0,defect,1.5517241379310345,lra_q
NetworkRewiring_Test,21,337,1,cooperate,0.10344827586206896,lra_q
NetworkRewiring_Test,21,337,2,cooperate,0.10344827586206896,lra_q
NetworkRewiring_Test,21,337,3,defect,1.1379310344827587,lra_q
NetworkRewiring_Test,21,337,4,cooperate,0.20689655172413793,lra_q
NetworkRewiring_Test,21,337,5,defect,1.2758620689655173,lra_q
NetworkRewiring_Test,21,337,6,defect,1.0,lra_q
NetworkRewiring_Test,21,337,7,defect,1.1379310344827587,lra_q
NetworkRewiring_Test,21,337,8,cooperate,0.10344827586206896,lra_q
NetworkRewiring_Test,21,337,9,defect,1.1379310344827587,lra_q
NetworkRewiring_Test,21,337,10,cooperate,0.3103448275862069,lra_q
NetworkRewiring_Test,21,337,11,defect,1.2758620689655173,lra_q
NetworkRewiring_Test,21,337,12,defect,1.1379310344827587,lra_q
NetworkRewiring_Test,21,337,13,defect,1.0,lra_q
NetworkRewiring_Test,21,337,14,defect,1.2758620689655173,lra_q
NetworkRewiring_Test,21,337,15,cooperate,0.20689655172413793,tit_for_tat
NetworkRewiring_Test,21,337,16,defect,1.4137931034482758,tit_for_tat
NetworkRewiring_Test,21,337,17,cooperate,0.10344827586206896,tit_for_tat
NetworkRewiring_Test,21,337,18,defect,1.1379310344827587,tit_for_tat
NetworkRewiring_Test,21,337,19,defect,1.1379310344827587,tit_for_tat
NetworkRewiring_Test,21,337,20,defect,1.2758620689655173,tit_for_tat
NetworkRewiring_Test,21,337,21,defect,1.1379310344827587,tit_for_tat
NetworkRewiring_Test,21,337,22,cooperate,0.20689655172413793,tit_for_tat
NetworkRewiring_Test,21,337,23,defect,1.1379310344827587,tit_for_tat
NetworkRewiring_Test,21,337,24,defect,1.0,tit_for_tat
NetworkRewiring_Test,21,337,25,cooperate,0.41379310344827586,tit_for_tat
NetworkRewiring_Test,21,337,26,defect,1.1379310344827587,tit_for_tat
NetworkRewiring_Test,21,337,27,cooperate,0.20689655172413793,tit_for_tat
NetworkRewiring_Test,21,337,28,defect,1.4137931034482758,tit_for_tat
NetworkRewiring_Test,21,337,29,cooperate,0.3103448275862069,tit_for_tat
NetworkRewiring_Test,21,338,0,defect,1.2758620689655173,lra_q
NetworkRewiring_Test,21,338,1,defect,1.0,lra_q
NetworkRewiring_Test,21,338,2,cooperate,0.20689655172413793,lra_q
NetworkRewiring_Test,21,338,3,defect,1.0,lra_q
NetworkRewiring_Test,21,338,4,defect,1.1379310344827587,lra_q
NetworkRewiring_Test,21,338,5,defect,1.0,lra_q
NetworkRewiring_Test,21,338,6,defect,1.1379310344827587,lra_q
NetworkRewiring_Test,21,338,7,defect,1.0,lra_q
NetworkRewiring_Test,21,338,8,defect,1.0,lra_q
NetworkRewiring_Test,21,338,9,defect,1.0,lra_q
NetworkRewiring_Test,21,338,10,defect,1.1379310344827587,lra_q
NetworkRewiring_Test,21,338,11,defect,1.1379310344827587,lra_q
NetworkRewiring_Test,21,338,12,defect,1.1379310344827587,lra_q
NetworkRewiring_Test,21,338,13,defect,1.0,lra_q
NetworkRewiring_Test,21,338,14,defect,1.1379310344827587,lra_q
NetworkRewiring_Test,21,338,15,cooperate,0.0,tit_for_tat
NetworkRewiring_Test,21,338,16,defect,1.2758620689655173,tit_for_tat
NetworkRewiring_Test,21,338,17,defect,1.2758620689655173,tit_for_tat
NetworkRewiring_Test,21,338,18,defect,1.1379310344827587,tit_for_tat
NetworkRewiring_Test,21,338,19,cooperate,0.10344827586206896,tit_for_tat
NetworkRewiring_Test,21,338,20,defect,1.1379310344827587,tit_for_tat
NetworkRewiring_Test,21,338,21,defect,1.1379310344827587,tit_for_tat
NetworkRewiring_Test,21,338,22,defect,1.1379310344827587,tit_for_tat
NetworkRewiring_Test,21,338,23,defect,1.1379310344827587,tit_for_tat
NetworkRewiring_Test,21,338,24,defect,1.1379310344827587,tit_for_tat
NetworkRewiring_Test,21,338,25,cooperate,0.10344827586206896,tit_for_tat
NetworkRewiring_Test,21,338,26,cooperate,0.20689655172413793,tit_for_tat
NetworkRewiring_Test,21,338,27,defect,1.2758620689655173,tit_for_tat
NetworkRewiring_Test,21,338,28,defect,1.1379310344827587,tit_for_tat
NetworkRewiring_Test,21,338,29,cooperate,0.20689655172413793,tit_for_tat
NetworkRewiring_Test,21,339,0,defect,1.0,lra_q
NetworkRewiring_Test,21,339,1,cooperate,0.10344827586206896,lra_q
NetworkRewiring_Test,21,339,2,defect,1.2758620689655173,lra_q
NetworkRewiring_Test,21,339,3,defect,1.2758620689655173,lra_q
NetworkRewiring_Test,21,339,4,cooperate,0.20689655172413793,lra_q
NetworkRewiring_Test,21,339,5,cooperate,0.20689655172413793,lra_q
NetworkRewiring_Test,21,339,6,defect,1.1379310344827587,lra_q
NetworkRewiring_Test,21,339,7,defect,1.1379310344827587,lra_q
NetworkRewiring_Test,21,339,8,defect,1.1379310344827587,lra_q
NetworkRewiring_Test,21,339,9,defect,1.1379310344827587,lra_q
NetworkRewiring_Test,21,339,10,cooperate,0.10344827586206896,lra_q
NetworkRewiring_Test,21,339,11,defect,1.0,lra_q
NetworkRewiring_Test,21,339,12,defect,1.1379310344827587,lra_q
NetworkRewiring_Test,21,339,13,defect,1.1379310344827587,lra_q
NetworkRewiring_Test,21,339,14,cooperate,0.0,lra_q
NetworkRewiring_Test,21,339,15,defect,1.1379310344827587,tit_for_tat
NetworkRewiring_Test,21,339,16,defect,1.0,tit_for_tat
NetworkRewiring_Test,21,339,17,defect,1.1379310344827587,tit_for_tat
NetworkRewiring_Test,21,339,18,defect,1.0,tit_for_tat
NetworkRewiring_Test,21,339,19,defect,1.1379310344827587,tit_for_tat
NetworkRewiring_Test,21,339,20,defect,1.0,tit_for_tat
NetworkRewiring_Test,21,339,21,defect,1.0,tit_for_tat
NetworkRewiring_Test,21,339,22,defect,1.1379310344827587,tit_for_tat
NetworkRewiring_Test,21,339,23,defect,1.1379310344827587,tit_for_tat
NetworkRewiring_Test,21,339,24,cooperate,0.10344827586206896,tit_for_tat
NetworkRewiring_Test,21,339,25,defect,1.5517241379310345,tit_for_tat
NetworkRewiring_Test,21,339,26,cooperate,0.10344827586206896,tit_for_tat
NetworkRewiring_Test,21,339,27,cooperate,0.10344827586206896,tit_for_tat
NetworkRewiring_Test,21,339,28,defect,1.5517241379310345,tit_for_tat
NetworkRewiring_Test,21,339,29,cooperate,0.10344827586206896,tit_for_tat
NetworkRewiring_Test,21,340,0,cooperate,0.3103448275862069,lra_q
NetworkRewiring_Test,21,340,1,defect,1.0,lra_q
NetworkRewiring_Test,21,340,2,defect,1.2758620689655173,lra_q
NetworkRewiring_Test,21,340,3,defect,1.0,lra_q
NetworkRewiring_Test,21,340,4,defect,1.1379310344827587,lra_q
NetworkRewiring_Test,21,340,5,defect,1.2758620689655173,lra_q
NetworkRewiring_Test,21,340,6,defect,1.0,lra_q
NetworkRewiring_Test,21,340,7,defect,1.0,lra_q
NetworkRewiring_Test,21,340,8,defect,1.2758620689655173,lra_q
NetworkRewiring_Test,21,340,9,defect,1.1379310344827587,lra_q
NetworkRewiring_Test,21,340,10,cooperate,0.3103448275862069,lra_q
NetworkRewiring_Test,21,340,11,defect,1.0,lra_q
NetworkRewiring_Test,21,340,12,defect,1.0,lra_q
NetworkRewiring_Test,21,340,13,defect,1.1379310344827587,lra_q
NetworkRewiring_Test,21,340,14,cooperate,0.0,lra_q
NetworkRewiring_Test,21,340,15,defect,1.4137931034482758,tit_for_tat
NetworkRewiring_Test,21,340,16,defect,1.0,tit_for_tat
NetworkRewiring_Test,21,340,17,defect,1.1379310344827587,tit_for_tat
NetworkRewiring_Test,21,340,18,defect,1.0,tit_for_tat
NetworkRewiring_Test,21,340,19,defect,1.1379310344827587,tit_for_tat
NetworkRewiring_Test,21,340,20,defect,1.1379310344827587,tit_for_tat
NetworkRewiring_Test,21,340,21,defect,1.1379310344827587,tit_for_tat
NetworkRewiring_Test,21,340,22,cooperate,0.20689655172413793,tit_for_tat
NetworkRewiring_Test,21,340,23,cooperate,0.0,tit_for_tat
NetworkRewiring_Test,21,340,24,defect,1.2758620689655173,tit_for_tat
NetworkRewiring_Test,21,340,25,cooperate,0.20689655172413793,tit_for_tat
NetworkRewiring_Test,21,340,26,cooperate,0.0,tit_for_tat
NetworkRewiring_Test,21,340,27,defect,1.2758620689655173,tit_for_tat
NetworkRewiring_Test,21,340,28,cooperate,0.20689655172413793,tit_for_tat
NetworkRewiring_Test,21,340,29,defect,1.2758620689655173,tit_for_tat
NetworkRewiring_Test,21,341,0,cooperate,0.3103448275862069,lra_q
NetworkRewiring_Test,21,341,1,cooperate,0.10344827586206896,lra_q
NetworkRewiring_Test,21,341,2,defect,1.0,lra_q
NetworkRewiring_Test,21,341,3,defect,1.1379310344827587,lra_q
NetworkRewiring_Test,21,341,4,cooperate,0.10344827586206896,lra_q
NetworkRewiring_Test,21,341,5,defect,1.4137931034482758,lra_q
NetworkRewiring_Test,21,341,6,defect,1.0,lra_q
NetworkRewiring_Test,21,341,7,cooperate,0.10344827586206896,lra_q
NetworkRewiring_Test,21,341,8,cooperate,0.20689655172413793,lra_q
NetworkRewiring_Test,21,341,9,defect,1.1379310344827587,lra_q
NetworkRewiring_Test,21,341,10,defect,1.2758620689655173,lra_q
NetworkRewiring_Test,21,341,11,defect,1.2758620689655173,lra_q
NetworkRewiring_Test,21,341,12,cooperate,0.10344827586206896,lra_q
NetworkRewiring_Test,21,341,13,defect,1.1379310344827587,lra_q
NetworkRewiring_Test,21,341,14,cooperate,0.10344827586206896,lra_q
NetworkRewiring_Test,21,341,15,cooperate,0.41379310344827586,tit_for_tat
NetworkRewiring_Test,21,341,16,defect,1.1379310344827587,tit_for_tat
NetworkRewiring_Test,21,341,17,defect,1.4137931034482758,tit_for_tat
NetworkRewiring_Test,21,341,18,defect,1.1379310344827587,tit_for_tat
NetworkRewiring_Test,21,341,19,defect,1.1379310344827587,tit_for_tat
NetworkRewiring_Test,21,341,20,cooperate,0.10344827586206896,tit_for_tat
NetworkRewiring_Test,21,341,21,defect,1.1379310344827587,tit_for_tat
NetworkRewiring_Test,21,341,22,cooperate,0.3103448275862069,tit_for_tat
NetworkRewiring_Test,21,341,23,defect,1.1379310344827587,tit_for_tat
NetworkRewiring_Test,21,341,24,cooperate,0.0,tit_for_tat
NetworkRewiring_Test,21,341,25,defect,1.4137931034482758,tit_for_tat
NetworkRewiring_Test,21,341,26,defect,1.1379310344827587,tit_for_tat
NetworkRewiring_Test,21,341,27,cooperate,0.0,tit_for_tat
NetworkRewiring_Test,21,341,28,defect,1.2758620689655173,tit_for_tat
NetworkRewiring_Test,21,341,29,defect,1.1379310344827587,tit_for_tat
NetworkRewiring_Test,21,342,0,cooperate,0.3103448275862069,lra_q
NetworkRewiring_Test,21,342,1,cooperate,0.10344827586206896,lra_q
NetworkRewiring_Test,21,342,2,cooperate,0.20689655172413793,lra_q
NetworkRewiring_Test,21,342,3,defect,1.1379310344827587,lra_q
NetworkRewiring_Test,21,342,4,cooperate,0.10344827586206896,lra_q
NetworkRewiring_Test,21,342,5,defect,1.2758620689655173,lra_q
NetworkRewiring_Test,21,342,6,defect,1.0,lra_q
NetworkRewiring_Test,21,342,7,defect,1.1379310344827587,lra_q
NetworkRewiring_Test,21,342,8,cooperate,0.20689655172413793,lra_q
NetworkRewiring_Test,21,342,9,defect,1.1379310344827587,lra_q
NetworkRewiring_Test,21,342,10,cooperate,0.20689655172413793,lra_q
NetworkRewiring_Test,21,342,11,defect,1.2758620689655173,lra_q
NetworkRewiring_Test,21,342,12,defect,1.1379310344827587,lra_q
NetworkRewiring_Test,21,342,13,defect,1.0,lra_q
NetworkRewiring_Test,21,342,14,defect,1.1379310344827587,lra_q
NetworkRewiring_Test,21,342,15,cooperate,0.20689655172413793,tit_for_tat
NetworkRewiring_Test,21,342,16,defect,1.2758620689655173,tit_for_tat
NetworkRewiring_Test,21,342,17,defect,1.1379310344827587,tit_for_tat
NetworkRewiring_Test,21,342,18,defect,1.0,tit_for_tat
NetworkRewiring_Test,21,342,19,defect,1.2758620689655173,tit_for_tat
NetworkRewiring_Test,21,342,20,defect,1.1379310344827587,tit_for_tat
NetworkRewiring_Test,21,342,21,cooperate,0.10344827586206896,tit_for_tat
NetworkRewiring_Test,21,342,22,cooperate,0.41379310344827586,tit_for_tat
NetworkRewiring_Test,21,342,23,cooperate,0.10344827586206896,tit_for_tat
NetworkRewiring_Test,21,342,24,defect,1.2758620689655173,tit_for_tat
NetworkRewiring_Test,21,342,25,defect,1.4137931034482758,tit_for_tat
NetworkRewiring_Test,21,342,26,cooperate,0.10344827586206896,tit_for_tat
NetworkRewiring_Test,21,342,27,defect,1.0,tit_for_tat
NetworkRewiring_Test,21,342,28,defect,1.2758620689655173,tit_for_tat
NetworkRewiring_Test,21,342,29,defect,1.1379310344827587,tit_for_tat
NetworkRewiring_Test,21,343,0,defect,1.4137931034482758,lra_q
NetworkRewiring_Test,21,343,1,cooperate,0.20689655172413793,lra_q
NetworkRewiring_Test,21,343,2,defect,1.2758620689655173,lra_q
NetworkRewiring_Test,21,343,3,cooperate,0.10344827586206896,lra_q
NetworkRewiring_Test,21,343,4,cooperate,0.20689655172413793,lra_q
NetworkRewiring_Test,21,343,5,defect,1.5517241379310345,lra_q
NetworkRewiring_Test,21,343,6,defect,1.1379310344827587,lra_q
NetworkRewiring_Test,21,343,7,cooperate,0.10344827586206896,lra_q
NetworkRewiring_Test,21,343,8,cooperate,0.20689655172413793,lra_q
NetworkRewiring_Test,21,343,9,defect,1.2758620689655173,lra_q
NetworkRewiring_Test,21,343,10,cooperate,0.3103448275862069,lra_q
NetworkRewiring_Test,21,343,11,defect,1.2758620689655173,lra_q
NetworkRewiring_Test,21,343,12,defect,1.0,lra_q
NetworkRewiring_Test,21,343,13,defect,1.0,lra_q
NetworkRewiring_Test,21,343,14,defect,1.0,lra_q
NetworkRewiring_Test,21,343,15,defect,1.1379310344827587,tit_for_tat
NetworkRewiring_Test,21,343,16,defect,1.0,tit_for_tat
NetworkRewiring_Test,21,343,17,defect,1.1379310344827587,tit_for_tat
NetworkRewiring_Test,21,343,18,defect,1.1379310344827587,tit_for_tat
NetworkRewiring_Test,21,343,19,cooperate,0.10344827586206896,tit_for_tat
NetworkRewiring_Test,21,343,20,defect,1.2758620689655173,tit_for_tat
NetworkRewiring_Test,21,343,21,cooperate,0.20689655172413793,tit_for_tat
NetworkRewiring_Test,21,343,22,cooperate,0.20689655172413793,tit_for_tat
NetworkRewiring_Test,21,343,23,cooperate,0.10344827586206896,tit_for_tat
NetworkRewiring_Test,21,343,24,cooperate,0.10344827586206896,tit_for_tat
NetworkRewiring_Test,21,343,25,cooperate,0.3103448275862069,tit_for_tat
NetworkRewiring_Test,21,343,26,defect,1.2758620689655173,tit_for_tat
NetworkRewiring_Test,21,343,27,defect,1.2758620689655173,tit_for_tat
NetworkRewiring_Test,21,343,28,defect,1.2758620689655173,tit_for_tat
NetworkRewiring_Test,21,343,29,cooperate,0.10344827586206896,tit_for_tat
NetworkRewiring_Test,21,344,0,defect,1.4137931034482758,lra_q
NetworkRewiring_Test,21,344,1,defect,1.0,lra_q
NetworkRewiring_Test,21,344,2,defect,1.1379310344827587,lra_q
NetworkRewiring_Test,21,344,3,defect,1.0,lra_q
NetworkRewiring_Test,21,344,4,defect,1.1379310344827587,lra_q
NetworkRewiring_Test,21,344,5,defect,1.2758620689655173,lra_q
NetworkRewiring_Test,21,344,6,defect,1.0,lra_q
NetworkRewiring_Test,21,344,7,defect,1.1379310344827587,lra_q
NetworkRewiring_Test,21,344,8,cooperate,0.0,lra_q
NetworkRewiring_Test,21,344,9,defect,1.0,lra_q
NetworkRewiring_Test,21,344,10,defect,1.4137931034482758,lra_q
NetworkRewiring_Test,21,344,11,defect,1.2758620689655173,lra_q
NetworkRewiring_Test,21,344,12,cooperate,0.0,lra_q
NetworkRewiring_Test,21,344,13,defect,1.1379310344827587,lra_q
NetworkRewiring_Test,21,344,14,cooperate,0.0,lra_q
NetworkRewiring_Test,21,344,15,defect,1.2758620689655173,tit_for_tat
NetworkRewiring_Test,21,344,16,defect,1.0,tit_for_tat
NetworkRewiring_Test,21,344,17,defect,1.1379310344827587,tit_for_tat
NetworkRewiring_Test,21,344,18,defect,1.0,tit_for_tat
NetworkRewiring_Test,21,344,19,defect,1.1379310344827587,tit_for_tat
NetworkRewiring_Test,21,344,20,defect,1.0,tit_for_tat
NetworkRewiring_Test,21,344,21,cooperate,0.0,tit_for_tat
NetworkRewiring_Test,21,344,22,defect,1.1379310344827587,tit_for_tat
NetworkRewiring_Test,21,344,23,cooperate,0.0,tit_for_tat
NetworkRewiring_Test,21,344,24,defect,1.1379310344827587,tit_for_tat
NetworkRewiring_Test,21,344,25,cooperate,0.10344827586206896,tit_for_tat
NetworkRewiring_Test,21,344,26,defect,1.0,tit_for_tat
NetworkRewiring_Test,21,344,27,cooperate,0.20689655172413793,tit_for_tat
NetworkRewiring_Test,21,344,28,cooperate,0.10344827586206896,tit_for_tat
NetworkRewiring_Test,21,344,29,defect,1.4137931034482758,tit_for_tat
NetworkRewiring_Test,21,345,0,defect,1.1379310344827587,lra_q
NetworkRewiring_Test,21,345,1,cooperate,0.10344827586206896,lra_q
NetworkRewiring_Test,21,345,2,cooperate,0.10344827586206896,lra_q
NetworkRewiring_Test,21,345,3,defect,1.1379310344827587,lra_q
NetworkRewiring_Test,21,345,4,cooperate,0.20689655172413793,lra_q
NetworkRewiring_Test,21,345,5,defect,1.2758620689655173,lra_q
NetworkRewiring_Test,21,345,6,defect,1.0,lra_q
NetworkRewiring_Test,21,345,7,defect,1.0,lra_q
NetworkRewiring_Test,21,345,8,defect,1.0,lra_q
NetworkRewiring_Test,21,345,9,defect,1.0,lra_q
NetworkRewiring_Test,21,345,10,defect,1.1379310344827587,lra_q
NetworkRewiring_Test,21,345,11,defect,1.2758620689655173,lra_q
NetworkRewiring_Test,21,345,12,cooperate,0.0,lra_q
NetworkRewiring_Test,21,345,13,defect,1.1379310344827587,lra_q
NetworkRewiring_Test,21,345,14,cooperate,0.0,lra_q
NetworkRewiring_Test,21,345,15,defect,1.2758620689655173,tit_for_tat
NetworkRewiring_Test,21,345,16,defect,1.1379310344827587,tit_for_tat
NetworkRewiring_Test,21,345,17,defect,1.1379310344827587,tit_for_tat
NetworkRewiring_Test,21,345,18,defect,1.0,tit_for_tat
NetworkRewiring_Test,21,345,19,defect,1.0,tit_for_tat
NetworkRewiring_Test,21,345,20,defect,1.0,tit_for_tat
NetworkRewiring_Test,21,345,21,defect,1.0,tit_for_tat
NetworkRewiring_Test,21,345,22,defect,1.0,tit_for_tat
NetworkRewiring_Test,21,345,23,defect,1.1379310344827587,tit_for_tat
NetworkRewiring_Test,21,345,24,defect,1.0,tit_for_tat
NetworkRewiring_Test,21,345,25,cooperate,0.20689655172413793,tit_for_tat
NetworkRewiring_Test,21,345,26,defect,1.1379310344827587,tit_for_tat
NetworkRewiring_Test,21,345,27,defect,1.2758620689655173,tit_for_tat
NetworkRewiring_Test,21,345,28,defect,1.1379310344827587,tit_for_tat
NetworkRewiring_Test,21,345,29,cooperate,0.20689655172413793,tit_for_tat
NetworkRewiring_Test,21,346,0,cooperate,0.20689655172413793,lra_q
NetworkRewiring_Test,21,346,1,defect,1.0,lra_q
NetworkRewiring_Test,21,346,2,cooperate,0.10344827586206896,lra_q
NetworkRewiring_Test,21,346,3,defect,1.0,lra_q
NetworkRewiring_Test,21,346,4,defect,1.0,lra_q
NetworkRewiring_Test,21,346,5,defect,1.5517241379310345,lra_q
NetworkRewiring_Test,21,346,6,defect,1.0,lra_q
NetworkRewiring_Test,21,346,7,cooperate,0.0,lra_q
NetworkRewiring_Test,21,346,8,defect,1.4137931034482758,lra_q
NetworkRewiring_Test,21,346,9,defect,1.2758620689655173,lra_q
NetworkRewiring_Test,21,346,10,cooperate,0.10344827586206896,lra_q
NetworkRewiring_Test,21,346,11,defect,1.2758620689655173,lra_q
NetworkRewiring_Test,21,346,12,cooperate,0.10344827586206896,lra_q
NetworkRewiring_Test,21,346,13,defect,1.1379310344827587,lra_q
NetworkRewiring_Test,21,346,14,cooperate,0.10344827586206896,lra_q
NetworkRewiring_Test,21,346,15,cooperate,0.3103448275862069,tit_for_tat
NetworkRewiring_Test,21,346,16,defect,1.2758620689655173,tit_for_tat
NetworkRewiring_Test,21,346,17,defect,1.2758620689655173,tit_for_tat
NetworkRewiring_Test,21,346,18,defect,1.0,tit_for_tat
NetworkRewiring_Test,21,346,19,defect,1.0,tit_for_tat
NetworkRewiring_Test,21,346,20,defect,1.0,tit_for_tat
NetworkRewiring_Test,21,346,21,defect,1.0,tit_for_tat
NetworkRewiring_Test,21,346,22,defect,1.4137931034482758,tit_for_tat
NetworkRewiring_Test,21,346,23,defect,1.1379310344827587,tit_for_tat
NetworkRewiring_Test,21,346,24,defect,1.0,tit_for_tat
NetworkRewiring_Test,21,346,25,defect,1.5517241379310345,tit_for_tat
NetworkRewiring_Test,21,346,26,defect,1.1379310344827587,tit_for_tat
NetworkRewiring_Test,21,346,27,cooperate,0.20689655172413793,tit_for_tat
NetworkRewiring_Test,21,346,28,cooperate,0.41379310344827586,tit_for_tat
NetworkRewiring_Test,21,346,29,cooperate,0.3103448275862069,tit_for_tat
NetworkRewiring_Test,21,347,0,defect,1.1379310344827587,lra_q
NetworkRewiring_Test,21,347,1,cooperate,0.10344827586206896,lra_q
NetworkRewiring_Test,21,347,2,cooperate,0.3103448275862069,lra_q
NetworkRewiring_Test,21,347,3,defect,1.1379310344827587,lra_q
NetworkRewiring_Test,21,347,4,cooperate,0.10344827586206896,lra_q
NetworkRewiring_Test,21,347,5,defect,1.5517241379310345,lra_q
NetworkRewiring_Test,21,347,6,defect,1.0,lra_q
NetworkRewiring_Test,21,347,7,cooperate,0.0,lra_q
NetworkRewiring_Test,21,347,8,defect,1.2758620689655173,lra_q
NetworkRewiring_Test,21,347,9,defect,1.2758620689655173,lra_q
NetworkRewiring_Test,21,347,10,cooperate,0.10344827586206896,lra_q
NetworkRewiring_Test,21,347,11,defect,1.1379310344827587,lra_q
NetworkRewiring_Test,21,347,12,defect,1.0,lra_q
NetworkRewiring_Test,21,347,13,defect,1.0,lra_q
NetworkRewiring_Test,21,347,14,defect,1.0,lra_q
NetworkRewiring_Test,21,347,15,defect,1.0,tit_for_tat
NetworkRewiring_Test,21,347,16,defect,1.1379310344827587,tit_for_tat
NetworkRewiring_Test,21,347,17,defect,1.0,tit_for_tat
NetworkRewiring_Test,21,347,18,defect,1.0,tit_for_tat
NetworkRewiring_Test,21,347,19,defect,1.1379310344827587,tit_for_tat
NetworkRewiring_Test,21,347,20,defect,1.0,tit_for_tat
NetworkRewiring_Test,21,347,21,defect,1.0,tit_for_tat
NetworkRewiring_Test,21,347,22,defect,1.1379310344827587,tit_for_tat
NetworkRewiring_Test,21,347,23,cooperate,0.10344827586206896,tit_for_tat
NetworkRewiring_Test,21,347,24,defect,1.2758620689655173,tit_for_tat
NetworkRewiring_Test,21,347,25,defect,1.5517241379310345,tit_for_tat
NetworkRewiring_Test,21,347,26,cooperate,0.10344827586206896,tit_for_tat
NetworkRewiring_Test,21,347,27,cooperate,0.20689655172413793,tit_for_tat
NetworkRewiring_Test,21,347,28,cooperate,0.3103448275862069,tit_for_tat
NetworkRewiring_Test,21,347,29,cooperate,0.3103448275862069,tit_for_tat
NetworkRewiring_Test,21,348,0,cooperate,0.20689655172413793,lra_q
NetworkRewiring_Test,21,348,1,defect,1.1379310344827587,lra_q
NetworkRewiring_Test,21,348,2,cooperate,0.0,lra_q
NetworkRewiring_Test,21,348,3,defect,1.0,lra_q
NetworkRewiring_Test,21,348,4,cooperate,0.10344827586206896,lra_q
NetworkRewiring_Test,21,348,5,defect,1.5517241379310345,lra_q
NetworkRewiring_Test,21,348,6,defect,1.0,lra_q
NetworkRewiring_Test,21,348,7,cooperate,0.10344827586206896,lra_q
NetworkRewiring_Test,21,348,8,cooperate,0.3103448275862069,lra_q
NetworkRewiring_Test,21,348,9,defect,1.2758620689655173,lra_q
NetworkRewiring_Test,21,348,10,cooperate,0.20689655172413793,lra_q
NetworkRewiring_Test,21,348,11,defect,1.4137931034482758,lra_q
NetworkRewiring_Test,21,348,12,cooperate,0.0,lra_q
NetworkRewiring_Test,21,348,13,defect,1.1379310344827587,lra_q
NetworkRewiring_Test,21,348,14,cooperate,0.0,lra_q
NetworkRewiring_Test,21,348,15,defect,1.4137931034482758,tit_for_tat
NetworkRewiring_Test,21,348,16,defect,1.1379310344827587,tit_for_tat
NetworkRewiring_Test,21,348,17,defect,1.1379310344827587,tit_for_tat
NetworkRewiring_Test,21,348,18,defect,1.0,tit_for_tat
NetworkRewiring_Test,21,348,19,defect,1.0,tit_for_tat
NetworkRewiring_Test,21,348,20,defect,1.0,tit_for_tat
NetworkRewiring_Test,21,348,21,defect,1.0,tit_for_tat
NetworkRewiring_Test,21,348,22,defect,1.2758620689655173,tit_for_tat
NetworkRewiring_Test,21,348,23,defect,1.2758620689655173,tit_for_tat
NetworkRewiring_Test,21,348,24,cooperate,0.0,tit_for_tat
NetworkRewiring_Test,21,348,25,cooperate,0.41379310344827586,tit_for_tat
NetworkRewiring_Test,21,348,26,defect,1.2758620689655173,tit_for_tat
NetworkRewiring_Test,21,348,27,cooperate,0.10344827586206896,tit_for_tat
NetworkRewiring_Test,21,348,28,defect,1.4137931034482758,tit_for_tat
NetworkRewiring_Test,21,348,29,defect,1.4137931034482758,tit_for_tat
NetworkRewiring_Test,21,349,0,defect,1.5517241379310345,lra_q
NetworkRewiring_Test,21,349,1,defect,1.1379310344827587,lra_q
NetworkRewiring_Test,21,349,2,defect,1.2758620689655173,lra_q
NetworkRewiring_Test,21,349,3,defect,1.1379310344827587,lra_q
NetworkRewiring_Test,21,349,4,cooperate,0.10344827586206896,lra_q
NetworkRewiring_Test,21,349,5,defect,1.4137931034482758,lra_q
NetworkRewiring_Test,21,349,6,defect,1.0,lra_q
NetworkRewiring_Test,21,349,7,defect,1.0,lra_q
NetworkRewiring_Test,21,349,8,defect,1.2758620689655173,lra_q
NetworkRewiring_Test,21,349,9,defect,1.2758620689655173,lra_q
NetworkRewiring_Test,21,349,10,cooperate,0.3103448275862069,lra_q
NetworkRewiring_Test,21,349,11,cooperate,0.0,lra_q
NetworkRewiring_Test,21,349,12,defect,1.2758620689655173,lra_q
NetworkRewiring_Test,21,349,13,defect,1.1379310344827587,lra_q
NetworkRewiring_Test,21,349,14,cooperate,0.10344827586206896,lra_q
NetworkRewiring_Test,21,349,15,cooperate,0.20689655172413793,tit_for_tat
NetworkRewiring_Test,21,349,16,defect,1.1379310344827587,tit_for_tat
NetworkRewiring_Test,21,349,17,defect,1.2758620689655173,tit_for_tat
NetworkRewiring_Test,21,349,18,defect,1.0,tit_for_tat
NetworkRewiring_Test,21,349,19,defect,1.0,tit_for_tat
NetworkRewiring_Test,21,349,20,defect,1.1379310344827587,tit_for_tat
NetworkRewiring_Test,21,349,21,defect,1.1379310344827587,tit_for_tat
NetworkRewiring_Test,21,349,22,cooperate,0.20689655172413793,tit_for_tat
NetworkRewiring_Test,21,349,23,cooperate,0.0,tit_for_tat
NetworkRewiring_Test,21,349,24,defect,1.1379310344827587,tit_for_tat
NetworkRewiring_Test,21,349,25,cooperate,0.20689655172413793,tit_for_tat
NetworkRewiring_Test,21,349,26,defect,1.0,tit_for_tat
NetworkRewiring_Test,21,349,27,defect,1.2758620689655173,tit_for_tat
NetworkRewiring_Test,21,349,28,cooperate,0.10344827586206896,tit_for_tat
NetworkRewiring_Test,21,349,29,defect,1.2758620689655173,tit_for_tat
NetworkRewiring_Test,21,350,0,defect,1.2758620689655173,lra_q
NetworkRewiring_Test,21,350,1,defect,1.1379310344827587,lra_q
NetworkRewiring_Test,21,350,2,defect,1.1379310344827587,lra_q
NetworkRewiring_Test,21,350,3,defect,1.0,lra_q
NetworkRewiring_Test,21,350,4,cooperate,0.0,lra_q
NetworkRewiring_Test,21,350,5,defect,1.1379310344827587,lra_q
NetworkRewiring_Test,21,350,6,defect,1.0,lra_q
NetworkRewiring_Test,21,350,7,defect,1.1379310344827587,lra_q
NetworkRewiring_Test,21,350,8,cooperate,0.0,lra_q
NetworkRewiring_Test,21,350,9,defect,1.0,lra_q
NetworkRewiring_Test,21,350,10,defect,1.2758620689655173,lra_q
NetworkRewiring_Test,21,350,11,defect,1.1379310344827587,lra_q
NetworkRewiring_Test,21,350,12,defect,1.0,lra_q
NetworkRewiring_Test,21,350,13,defect,1.0,lra_q
NetworkRewiring_Test,21,350,14,defect,1.0,lra_q
NetworkRewiring_Test,21,350,15,defect,1.1379310344827587,tit_for_tat
NetworkRewiring_Test,21,350,16,defect,1.0,tit_for_tat
NetworkRewiring_Test,21,350,17,defect,1.0,tit_for_tat
NetworkRewiring_Test,21,350,18,defect,1.0,tit_for_tat
NetworkRewiring_Test,21,350,19,defect,1.0,tit_for_tat
NetworkRewiring_Test,21,350,20,defect,1.1379310344827587,tit_for_tat
NetworkRewiring_Test,21,350,21,defect,1.1379310344827587,tit_for_tat
NetworkRewiring_Test,21,350,22,cooperate,0.0,tit_for_tat
NetworkRewiring_Test,21,350,23,defect,1.0,tit_for_tat
NetworkRewiring_Test,21,350,24,defect,1.0,tit_for_tat
NetworkRewiring_Test,21,350,25,defect,1.4137931034482758,tit_for_tat
NetworkRewiring_Test,21,350,26,defect,1.0,tit_for_tat
NetworkRewiring_Test,21,350,27,cooperate,0.10344827586206896,tit_for_tat
NetworkRewiring_Test,21,350,28,defect,1.2758620689655173,tit_for_tat
NetworkRewiring_Test,21,350,29,cooperate,0.10344827586206896,tit_for_tat
NetworkRewiring_Test,21,351,0,defect,1.2758620689655173,lra_q
NetworkRewiring_Test,21,351,1,cooperate,0.10344827586206896,lra_q
NetworkRewiring_Test,21,351,2,cooperate,0.0,lra_q
NetworkRewiring_Test,21,351,3,defect,1.2758620689655173,lra_q
NetworkRewiring_Test,21,351,4,cooperate,0.3103448275862069,lra_q
NetworkRewiring_Test,21,351,5,cooperate,0.3103448275862069,lra_q
NetworkRewiring_Test,21,351,6,defect,1.1379310344827587,lra_q
NetworkRewiring_Test,21,351,7,defect,1.1379310344827587,lra_q
NetworkRewiring_Test,21,351,8,defect,1.1379310344827587,lra_q
NetworkRewiring_Test,21,351,9,defect,1.1379310344827587,lra_q
NetworkRewiring_Test,21,351,10,cooperate,0.3103448275862069,lra_q
NetworkRewiring_Test,21,351,11,defect,1.1379310344827587,lra_q
NetworkRewiring_Test,21,351,12,defect,1.1379310344827587,lra_q
NetworkRewiring_Test,21,351,13,defect,1.1379310344827587,lra_q
NetworkRewiring_Test,21,351,14,cooperate,0.0,lra_q
NetworkRewiring_Test,21,351,15,defect,1.1379310344827587,tit_for_tat
NetworkRewiring_Test,21,351,16,defect,1.1379310344827587,tit_for_tat
NetworkRewiring_Test,21,351,17,defect,1.1379310344827587,tit_for_tat
NetworkRewiring_Test,21,351,18,defect,1.0,tit_for_tat
NetworkRewiring_Test,21,351,19,defect,1.1379310344827587,tit_for_tat
NetworkRewiring_Test,21,351,20,defect,1.0,tit_for_tat
NetworkRewiring_Test,21,351,21,cooperate,0.0,tit_for_tat
NetworkRewiring_Test,21,351,22,defect,1.2758620689655173,tit_for_tat
NetworkRewiring_Test,21,351,23,defect,1.1379310344827587,tit_for_tat
NetworkRewiring_Test,21,351,24,defect,1.0,tit_for_tat
NetworkRewiring_Test,21,351,25,cooperate,0.3103448275862069,tit_for_tat
NetworkRewiring_Test,21,351,26,defect,1.1379310344827587,tit_for_tat
NetworkRewiring_Test,21,351,27,cooperate,0.20689655172413793,tit_for_tat
NetworkRewiring_Test,21,351,28,cooperate,0.3103448275862069,tit_for_tat
NetworkRewiring_Test,21,351,29,defect,1.5517241379310345,tit_for_tat
NetworkRewiring_Test,21,352,0,defect,1.1379310344827587,lra_q
NetworkRewiring_Test,21,352,1,defect,1.0,lra_q
NetworkRewiring_Test,21,352,2,cooperate,0.20689655172413793,lra_q
NetworkRewiring_Test,21,352,3,defect,1.0,lra_q
NetworkRewiring_Test,21,352,4,defect,1.0,lra_q
NetworkRewiring_Test,21,352,5,defect,1.1379310344827587,lra_q
NetworkRewiring_Test,21,352,6,defect,1.0,lra_q
NetworkRewiring_Test,21,352,7,defect,1.1379310344827587,lra_q
NetworkRewiring_Test,21,352,8,defect,1.0,lra_q
NetworkRewiring_Test,21,352,9,cooperate,0.0,lra_q
NetworkRewiring_Test,21,352,10,defect,1.2758620689655173,lra_q
NetworkRewiring_Test,21,352,11,defect,1.2758620689655173,lra_q
NetworkRewiring_Test,21,352,12,defect,1.0,lra_q
NetworkRewiring_Test,21,352,13,defect,1.1379310344827587,lra_q
NetworkRewiring_Test,21,352,14,cooperate,0.0,lra_q
NetworkRewiring_Test,21,352,15,defect,1.1379310344827587,tit_for_tat
NetworkRewiring_Test,21,352,16,defect,1.1379310344827587,tit_for_tat
NetworkRewiring_Test,21,352,17,defect,1.1379310344827587,tit_for_tat
NetworkRewiring_Test,21,352,18,defect,1.0,tit_for_tat
NetworkRewiring_Test,21,352,19,defect,1.0,tit_for_tat
NetworkRewiring_Test,21,352,20,defect,1.0,tit_for_tat
NetworkRewiring_Test,21,352,21,defect,1.0,tit_for_tat
NetworkRewiring_Test,21,352,22,defect,1.0,tit_for_tat
NetworkRewiring_Test,21,352,23,cooperate,0.10344827586206896,tit_for_tat
NetworkRewiring_Test,21,352,24,defect,1.1379310344827587,tit_for_tat
NetworkRewiring_Test,21,352,25,defect,1.2758620689655173,tit_for_tat
NetworkRewiring_Test,21,352,26,defect,1.1379310344827587,tit_for_tat
NetworkRewiring_Test,21,352,27,cooperate,0.20689655172413793,tit_for_tat
NetworkRewiring_Test,21,352,28,cooperate,0.20689655172413793,tit_for_tat
NetworkRewiring_Test,21,352,29,cooperate,0.3103448275862069,tit_for_tat
NetworkRewiring_Test,21,353,0,cooperate,0.10344827586206896,lra_q
NetworkRewiring_Test,21,353,1,cooperate,0.10344827586206896,lra_q
NetworkRewiring_Test,21,353,2,defect,1.1379310344827587,lra_q
NetworkRewiring_Test,21,353,3,defect,1.2758620689655173,lra_q
NetworkRewiring_Test,21,353,4,cooperate,0.20689655172413793,lra_q
NetworkRewiring_Test,21,353,5,cooperate,0.20689655172413793,lra_q
NetworkRewiring_Test,21,353,6,defect,1.2758620689655173,lra_q
NetworkRewiring_Test,21,353,7,defect,1.1379310344827587,lra_q
NetworkRewiring_Test,21,353,8,defect,1.2758620689655173,lra_q
NetworkRewiring_Test,21,353,9,defect,1.1379310344827587,lra_q
NetworkRewiring_Test,21,353,10,cooperate,0.10344827586206896,lra_q
NetworkRewiring_Test,21,353,11,defect,1.0,lra_q
NetworkRewiring_Test,21,353,12,defect,1.2758620689655173,lra_q
NetworkRewiring_Test,21,353,13,defect,1.1379310344827587,lra_q
NetworkRewiring_Test,21,353,14,cooperate,0.20689655172413793,lra_q
NetworkRewiring_Test,21,353,15,cooperate,0.41379310344827586,tit_for_tat
NetworkRewiring_Test,21,353,16,cooperate,0.20689655172413793,tit_for_tat
NetworkRewiring_Test,21,353,17,cooperate,0.3103448275862069,tit_for_tat
NetworkRewiring_Test,21,353,18,defect,1.2758620689655173,tit_for_tat
NetworkRewiring_Test,21,353,19,defect,1.1379310344827587,tit_for_tat
NetworkRewiring_Test,21,353,20,defect,1.1379310344827587,tit_for_tat
NetworkRewiring_Test,21,353,21,defect,1.0,tit_for_tat
NetworkRewiring_Test,21,353,22,defect,1.4137931034482758,tit_for_tat
NetworkRewiring_Test,21,353,23,defect,1.0,tit_for_tat
NetworkRewiring_Test,21,353,24,defect,1.0,tit_for_tat
NetworkRewiring_Test,21,353,25,defect,1.5517241379310345,tit_for_tat
NetworkRewiring_Test,21,353,26,defect,1.0,tit_for_tat
NetworkRewiring_Test,21,353,27,cooperate,0.0,tit_for_tat
NetworkRewiring_Test,21,353,28,defect,1.5517241379310345,tit_for_tat
NetworkRewiring_Test,21,353,29,defect,1.1379310344827587,tit_for_tat
NetworkRewiring_Test,21,354,0,cooperate,0.41379310344827586,lra_q
NetworkRewiring_Test,21,354,1,defect,1.1379310344827587,lra_q
NetworkRewiring_Test,21,354,2,cooperate,0.0,lra_q
NetworkRewiring_Test,21,354,3,cooperate,0.0,lra_q
NetworkRewiring_Test,21,354,4,defect,1.1379310344827587,lra_q
NetworkRewiring_Test,21,354,5,defect,1.5517241379310345,lra_q
NetworkRewiring_Test,21,354,6,cooperate,0.10344827586206896,lra_q
NetworkRewiring_Test,21,354,7,defect,1.1379310344827587,lra_q
NetworkRewiring_Test,21,354,8,cooperate,0.20689655172413793,lra_q
NetworkRewiring_Test,21,354,9,defect,1.1379310344827587,lra_q
NetworkRewiring_Test,21,354,10,cooperate,0.41379310344827586,lra_q
NetworkRewiring_Test,21,354,11,defect,1.4137931034482758,lra_q
NetworkRewiring_Test,21,354,12,defect,1.0,lra_q
NetworkRewiring_Test,21,354,13,defect,1.1379310344827587,lra_q
NetworkRewiring_Test,21,354,14,defect,1.1379310344827587,lra_q
NetworkRewiring_Test,21,354,15,defect,1.4137931034482758,tit_for_tat
NetworkRewiring_Test,21,354,16,defect,1.4137931034482758,tit_for_tat
NetworkRewiring_Test,21,354,17,cooperate,0.10344827586206896,tit_for_tat
NetworkRewiring_Test,21,354,18,defect,1.2758620689655173,tit_for_tat
NetworkRewiring_Test,21,354,19,cooperate,0.20689655172413793,tit_for_tat
NetworkRewiring_Test,21,354,20,defect,1.4137931034482758,tit_for_tat
NetworkRewiring_Test,21,354,21,defect,1.2758620689655173,tit_for_tat
NetworkRewiring_Test,21,354,22,cooperate,0.20689655172413793,tit_for_tat
NetworkRewiring_Test,21,354,23,defect,1.1379310344827587,tit_for_tat
NetworkRewiring_Test,21,354,24,defect,1.0,tit_for_tat
NetworkRewiring_Test,21,354,25,cooperate,0.20689655172413793,tit_for_tat
NetworkRewiring_Test,21,354,26,defect,1.2758620689655173,tit_for_tat
NetworkRewiring_Test,21,354,27,defect,1.2758620689655173,tit_for_tat
NetworkRewiring_Test,21,354,28,cooperate,0.20689655172413793,tit_for_tat
NetworkRewiring_Test,21,354,29,defect,1.4137931034482758,tit_for_tat
NetworkRewiring_Test,21,355,0,defect,1.2758620689655173,lra_q
NetworkRewiring_Test,21,355,1,defect,1.1379310344827587,lra_q
NetworkRewiring_Test,21,355,2,cooperate,0.3103448275862069,lra_q
NetworkRewiring_Test,21,355,3,defect,1.1379310344827587,lra_q
NetworkRewiring_Test,21,355,4,cooperate,0.0,lra_q
NetworkRewiring_Test,21,355,5,defect,1.2758620689655173,lra_q
NetworkRewiring_Test,21,355,6,defect,1.1379310344827587,lra_q
NetworkRewiring_Test,21,355,7,defect,1.1379310344827587,lra_q
NetworkRewiring_Test,21,355,8,cooperate,0.10344827586206896,lra_q
NetworkRewiring_Test,21,355,9,defect,1.1379310344827587,lra_q
NetworkRewiring_Test,21,355,10,defect,1.2758620689655173,lra_q
NetworkRewiring_Test,21,355,11,cooperate,0.20689655172413793,lra_q
NetworkRewiring_Test,21,355,12,defect,1.1379310344827587,lra_q
NetworkRewiring_Test,21,355,13,defect,1.0,lra_q
NetworkRewiring_Test,21,355,14,defect,1.0,lra_q
NetworkRewiring_Test,21,355,15,defect,1.1379310344827587,tit_for_tat
NetworkRewiring_Test,21,355,16,cooperate,0.10344827586206896,tit_for_tat
NetworkRewiring_Test,21,355,17,defect,1.1379310344827587,tit_for_tat
NetworkRewiring_Test,21,355,18,defect,1.1379310344827587,tit_for_tat
NetworkRewiring_Test,21,355,19,defect,1.1379310344827587,tit_for_tat
NetworkRewiring_Test,21,355,20,defect,1.0,tit_for_tat
NetworkRewiring_Test,21,355,21,cooperate,0.0,tit_for_tat
NetworkRewiring_Test,21,355,22,defect,1.1379310344827587,tit_for_tat
NetworkRewiring_Test,21,355,23,defect,1.1379310344827587,tit_for_tat
NetworkRewiring_Test,21,355,24,defect,1.0,tit_for_tat
NetworkRewiring_Test,21,355,25,defect,1.4137931034482758,tit_for_tat
NetworkRewiring_Test,21,355,26,defect,1.1379310344827587,tit_for_tat
NetworkRewiring_Test,21,355,27,cooperate,0.20689655172413793,tit_for_tat
NetworkRewiring_Test,21,355,28,cooperate,0.20689655172413793,tit_for_tat
NetworkRewiring_Test,21,355,29,cooperate,0.3103448275862069,tit_for_tat
NetworkRewiring_Test,21,356,0,defect,1.1379310344827587,lra_q
NetworkRewiring_Test,21,356,1,defect,1.1379310344827587,lra_q
NetworkRewiring_Test,21,356,2,defect,1.1379310344827587,lra_q
NetworkRewiring_Test,21,356,3,defect,1.0,lra_q
NetworkRewiring_Test,21,356,4,cooperate,0.10344827586206896,lra_q
NetworkRewiring_Test,21,356,5,defect,1.2758620689655173,lra_q
NetworkRewiring_Test,21,356,6,defect,1.0,lra_q
NetworkRewiring_Test,21,356,7,defect,1.0,lra_q
NetworkRewiring_Test,21,356,8,defect,1.1379310344827587,lra_q
NetworkRewiring_Test,21,356,9,defect,1.1379310344827587,lra_q
NetworkRewiring_Test,21,356,10,cooperate,0.10344827586206896,lra_q
NetworkRewiring_Test,21,356,11,defect,1.0,lra_q
NetworkRewiring_Test,21,356,12,defect,1.0,lra_q
NetworkRewiring_Test,21,356,13,defect,1.1379310344827587,lra_q
NetworkRewiring_Test,21,356,14,cooperate,0.0,lra_q
NetworkRewiring_Test,21,356,15,defect,1.1379310344827587,tit_for_tat
NetworkRewiring_Test,21,356,16,defect,1.0,tit_for_tat
NetworkRewiring_Test,21,356,17,defect,1.1379310344827587,tit_for_tat
NetworkRewiring_Test,21,356,18,defect,1.0,tit_for_tat
NetworkRewiring_Test,21,356,19,defect,1.0,tit_for_tat
NetworkRewiring_Test,21,356,20,defect,1.0,tit_for_tat
NetworkRewiring_Test,21,356,21,defect,1.0,tit_for_tat
NetworkRewiring_Test,21,356,22,defect,1.1379310344827587,tit_for_tat
NetworkRewiring_Test,21,356,23,cooperate,0.0,tit_for_tat
NetworkRewiring_Test,21,356,24,defect,1.1379310344827587,tit_for_tat
NetworkRewiring_Test,21,356,25,cooperate,0.20689655172413793,tit_for_tat
NetworkRewiring_Test,21,356,26,defect,1.0,tit_for_tat
NetworkRewiring_Test,21,356,27,defect,1.1379310344827587,tit_for_tat
NetworkRewiring_Test,21,356,28,defect,1.1379310344827587,tit_for_tat
NetworkRewiring_Test,21,356,29,defect,1.1379310344827587,tit_for_tat
NetworkRewiring_Test,21,357,0,cooperate,0.10344827586206896,lra_q
NetworkRewiring_Test,21,357,1,defect,1.1379310344827587,lra_q
NetworkRewiring_Test,21,357,2,cooperate,0.10344827586206896,lra_q
NetworkRewiring_Test,21,357,3,defect,1.0,lra_q
NetworkRewiring_Test,21,357,4,cooperate,0.10344827586206896,lra_q
NetworkRewiring_Test,21,357,5,defect,1.2758620689655173,lra_q
NetworkRewiring_Test,21,357,6,defect,1.0,lra_q
NetworkRewiring_Test,21,357,7,defect,1.0,lra_q
NetworkRewiring_Test,21,357,8,defect,1.2758620689655173,lra_q
NetworkRewiring_Test,21,357,9,defect,1.1379310344827587,lra_q
NetworkRewiring_Test,21,357,10,cooperate,0.10344827586206896,lra_q
NetworkRewiring_Test,21,357,11,defect,1.1379310344827587,lra_q
NetworkRewiring_Test,21,357,12,defect,1.0,lra_q
NetworkRewiring_Test,21,357,13,defect,1.1379310344827587,lra_q
NetworkRewiring_Test,21,357,14,cooperate,0.0,lra_q
NetworkRewiring_Test,21,357,15,defect,1.2758620689655173,tit_for_tat
NetworkRewiring_Test,21,357,16,defect,1.1379310344827587,tit_for_tat
NetworkRewiring_Test,21,357,17,defect,1.1379310344827587,tit_for_tat
NetworkRewiring_Test,21,357,18,defect,1.0,tit_for_tat
NetworkRewiring_Test,21,357,19,defect,1.0,tit_for_tat
NetworkRewiring_Test,21,357,20,defect,1.0,tit_for_tat
NetworkRewiring_Test,21,357,21,defect,1.0,tit_for_tat
NetworkRewiring_Test,21,357,22,defect,1.2758620689655173,tit_for_tat
NetworkRewiring_Test,21,357,23,defect,1.2758620689655173,tit_for_tat
NetworkRewiring_Test,21,357,24,cooperate,0.0,tit_for_tat
NetworkRewiring_Test,21,357,25,cooperate,0.41379310344827586,tit_for_tat
NetworkRewiring_Test,21,357,26,defect,1.2758620689655173,tit_for_tat
NetworkRewiring_Test,21,357,27,defect,1.2758620689655173,tit_for_tat
NetworkRewiring_Test,21,357,28,defect,1.4137931034482758,tit_for_tat
NetworkRewiring_Test,21,357,29,cooperate,0.20689655172413793,tit_for_tat
NetworkRewiring_Test,21,358,0,cooperate,0.3103448275862069,lra_q
NetworkRewiring_Test,21,358,1,cooperate,0.10344827586206896,lra_q
NetworkRewiring_Test,21,358,2,cooperate,0.3103448275862069,lra_q
NetworkRewiring_Test,21,358,3,defect,1.2758620689655173,lra_q
NetworkRewiring_Test,21,358,4,cooperate,0.20689655172413793,lra_q
NetworkRewiring_Test,21,358,5,cooperate,0.3103448275862069,lra_q
NetworkRewiring_Test,21,358,6,defect,1.1379310344827587,lra_q
NetworkRewiring_Test,21,358,7,defect,1.2758620689655173,lra_q
NetworkRewiring_Test,21,358,8,cooperate,0.20689655172413793,lra_q
NetworkRewiring_Test,21,358,9,defect,1.1379310344827587,lra_q
NetworkRewiring_Test,21,358,10,cooperate,0.41379310344827586,lra_q
NetworkRewiring_Test,21,358,11,defect,1.2758620689655173,lra_q
NetworkRewiring_Test,21,358,12,defect,1.1379310344827587,lra_q
NetworkRewiring_Test,21,358,13,defect,1.1379310344827587,lra_q
NetworkRewiring_Test,21,358,14,cooperate,0.0,lra_q
NetworkRewiring_Test,21,358,15,defect,1.4137931034482758,tit_for_tat
NetworkRewiring_Test,21,358,16,defect,1.1379310344827587,tit_for_tat
NetworkRewiring_Test,21,358,17,defect,1.1379310344827587,tit_for_tat
NetworkRewiring_Test,21,358,18,defect,1.0,tit_for_tat
NetworkRewiring_Test,21,358,19,defect,1.1379310344827587,tit_for_tat
NetworkRewiring_Test,21,358,20,defect,1.1379310344827587,tit_for_tat
NetworkRewiring_Test,21,358,21,defect,1.1379310344827587,tit_for_tat
NetworkRewiring_Test,21,358,22,cooperate,0.20689655172413793,tit_for_tat
NetworkRewiring_Test,21,358,23,cooperate,0.10344827586206896,tit_for_tat
NetworkRewiring_Test,21,358,24,defect,1.2758620689655173,tit_for_tat
NetworkRewiring_Test,21,358,25,defect,1.5517241379310345,tit_for_tat
NetworkRewiring_Test,21,358,26,cooperate,0.10344827586206896,tit_for_tat
NetworkRewiring_Test,21,358,27,defect,1.2758620689655173,tit_for_tat
NetworkRewiring_Test,21,358,28,cooperate,0.41379310344827586,tit_for_tat
NetworkRewiring_Test,21,358,29,cooperate,0.20689655172413793,tit_for_tat
NetworkRewiring_Test,21,359,0,defect,1.4137931034482758,lra_q
NetworkRewiring_Test,21,359,1,defect,1.0,lra_q
NetworkRewiring_Test,21,359,2,defect,1.1379310344827587,lra_q
NetworkRewiring_Test,21,359,3,defect,1.1379310344827587,lra_q
NetworkRewiring_Test,21,359,4,defect,1.2758620689655173,lra_q
NetworkRewiring_Test,21,359,5,cooperate,0.10344827586206896,lra_q
NetworkRewiring_Test,21,359,6,defect,1.2758620689655173,lra_q
NetworkRewiring_Test,21,359,7,defect,1.2758620689655173,lra_q
NetworkRewiring_Test,21,359,8,cooperate,0.0,lra_q
NetworkRewiring_Test,21,359,9,defect,1.0,lra_q
NetworkRewiring_Test,21,359,10,defect,1.5517241379310345,lra_q
NetworkRewiring_Test,21,359,11,defect,1.1379310344827587,lra_q
NetworkRewiring_Test,21,359,12,defect,1.1379310344827587,lra_q
NetworkRewiring_Test,21,359,13,cooperate,0.10344827586206896,lra_q
NetworkRewiring_Test,21,359,14,cooperate,0.10344827586206896,lra_q
NetworkRewiring_Test,21,359,15,defect,1.1379310344827587,tit_for_tat
NetworkRewiring_Test,21,359,16,defect,1.0,tit_for_tat
NetworkRewiring_Test,21,359,17,defect,1.1379310344827587,tit_for_tat
NetworkRewiring_Test,21,359,18,defect,1.0,tit_for_tat
NetworkRewiring_Test,21,359,19,defect,1.1379310344827587,tit_for_tat
NetworkRewiring_Test,21,359,20,defect,1.0,tit_for_tat
NetworkRewiring_Test,21,359,21,defect,1.0,tit_for_tat
NetworkRewiring_Test,21,359,22,defect,1.0,tit_for_tat
NetworkRewiring_Test,21,359,23,defect,1.1379310344827587,tit_for_tat
NetworkRewiring_Test,21,359,24,cooperate,0.10344827586206896,tit_for_tat
NetworkRewiring_Test,21,359,25,cooperate,0.10344827586206896,tit_for_tat
NetworkRewiring_Test,21,359,26,cooperate,0.10344827586206896,tit_for_tat
NetworkRewiring_Test,21,359,27,cooperate,0.20689655172413793,tit_for_tat
NetworkRewiring_Test,21,359,28,cooperate,0.20689655172413793,tit_for_tat
NetworkRewiring_Test,21,359,29,defect,1.4137931034482758,tit_for_tat
NetworkRewiring_Test,21,360,0,defect,1.1379310344827587,lra_q
NetworkRewiring_Test,21,360,1,cooperate,0.0,lra_q
NetworkRewiring_Test,21,360,2,cooperate,0.10344827586206896,lra_q
NetworkRewiring_Test,21,360,3,defect,1.2758620689655173,lra_q
NetworkRewiring_Test,21,360,4,defect,1.4137931034482758,lra_q
NetworkRewiring_Test,21,360,5,cooperate,0.20689655172413793,lra_q
NetworkRewiring_Test,21,360,6,cooperate,0.10344827586206896,lra_q
NetworkRewiring_Test,21,360,7,cooperate,0.10344827586206896,lra_q
NetworkRewiring_Test,21,360,8,defect,1.1379310344827587,lra_q
NetworkRewiring_Test,21,360,9,defect,1.1379310344827587,lra_q
NetworkRewiring_Test,21,360,10,defect,1.2758620689655173,lra_q
NetworkRewiring_Test,21,360,11,defect,1.1379310344827587,lra_q
NetworkRewiring_Test,21,360,12,defect,1.1379310344827587,lra_q
NetworkRewiring_Test,21,360,13,defect,1.1379310344827587,lra_q
NetworkRewiring_Test,21,360,14,defect,1.1379310344827587,lra_q
NetworkRewiring_Test,21,360,15,defect,1.1379310344827587,tit_for_tat
NetworkRewiring_Test,21,360,16,defect,1.4137931034482758,tit_for_tat
NetworkRewiring_Test,21,360,17,cooperate,0.0,tit_for_tat
NetworkRewiring_Test,21,360,18,defect,1.1379310344827587,tit_for_tat
NetworkRewiring_Test,21,360,19,defect,1.2758620689655173,tit_for_tat
NetworkRewiring_Test,21,360,20,defect,1.1379310344827587,tit_for_tat
NetworkRewiring_Test,21,360,21,defect,1.0,tit_for_tat
NetworkRewiring_Test,21,360,22,defect,1.0,tit_for_tat
NetworkRewiring_Test,21,360,23,defect,1.2758620689655173,tit_for_tat
NetworkRewiring_Test,21,360,24,cooperate,0.0,tit_for_tat
NetworkRewiring_Test,21,360,25,cooperate,0.10344827586206896,tit_for_tat
NetworkRewiring_Test,21,360,26,defect,1.2758620689655173,tit_for_tat
NetworkRewiring_Test,21,360,27,defect,1.2758620689655173,tit_for_tat
NetworkRewiring_Test,21,360,28,defect,1.2758620689655173,tit_for_tat
NetworkRewiring_Test,21,360,29,cooperate,0.20689655172413793,tit_for_tat
NetworkRewiring_Test,21,361,0,cooperate,0.0,lra_q
NetworkRewiring_Test,21,361,1,defect,1.0,lra_q
NetworkRewiring_Test,21,361,2,defect,1.5517241379310345,lra_q
NetworkRewiring_Test,21,361,3,defect,1.0,lra_q
NetworkRewiring_Test,21,361,4,defect,1.0,lra_q
NetworkRewiring_Test,21,361,5,defect,1.1379310344827587,lra_q
NetworkRewiring_Test,21,361,6,defect,1.1379310344827587,lra_q
NetworkRewiring_Test,21,361,7,defect,1.0,lra_q
NetworkRewiring_Test,21,361,8,defect,1.2758620689655173,lra_q
NetworkRewiring_Test,21,361,9,defect,1.1379310344827587,lra_q
NetworkRewiring_Test,21,361,10,cooperate,0.0,lra_q
NetworkRewiring_Test,21,361,11,defect,1.0,lra_q
NetworkRewiring_Test,21,361,12,defect,1.0,lra_q
NetworkRewiring_Test,21,361,13,defect,1.0,lra_q
NetworkRewiring_Test,21,361,14,defect,1.0,lra_q
NetworkRewiring_Test,21,361,15,defect,1.2758620689655173,tit_for_tat
NetworkRewiring_Test,21,361,16,cooperate,0.0,tit_for_tat
NetworkRewiring_Test,21,361,17,defect,1.1379310344827587,tit_for_tat
NetworkRewiring_Test,21,361,18,defect,1.1379310344827587,tit_for_tat
NetworkRewiring_Test,21,361,19,defect,1.1379310344827587,tit_for_tat
NetworkRewiring_Test,21,361,20,defect,1.0,tit_for_tat
NetworkRewiring_Test,21,361,21,defect,1.0,tit_for_tat
NetworkRewiring_Test,21,361,22,defect,1.2758620689655173,tit_for_tat
NetworkRewiring_Test,21,361,23,cooperate,0.0,tit_for_tat
NetworkRewiring_Test,21,361,24,defect,1.2758620689655173,tit_for_tat
NetworkRewiring_Test,21,361,25,defect,1.4137931034482758,tit_for_tat
NetworkRewiring_Test,21,361,26,cooperate,0.0,tit_for_tat
NetworkRewiring_Test,21,361,27,defect,1.1379310344827587,tit_for_tat
NetworkRewiring_Test,21,361,28,defect,1.4137931034482758,tit_for_tat
NetworkRewiring_Test,21,361,29,cooperate,0.0,tit_for_tat
NetworkRewiring_Test,21,362,0,cooperate,0.3103448275862069,lra_q
NetworkRewiring_Test,21,362,1,cooperate,0.20689655172413793,lra_q
NetworkRewiring_Test,21,362,2,defect,1.0,lra_q
NetworkRewiring_Test,21,362,3,cooperate,0.20689655172413793,lra_q
NetworkRewiring_Test,21,362,4,cooperate,0.20689655172413793,lra_q
NetworkRewiring_Test,21,362,5,cooperate,0.41379310344827586,lra_q
NetworkRewiring_Test,21,362,6,defect,1.1379310344827587,lra_q
NetworkRewiring_Test,21,362,7,defect,1.2758620689655173,lra_q
NetworkRewiring_Test,21,362,8,cooperate,0.20689655172413793,lra_q
NetworkRewiring_Test,21,362,9,defect,1.1379310344827587,lra_q
NetworkRewiring_Test,21,362,10,cooperate,0.3103448275862069,lra_q
NetworkRewiring_Test,21,362,11,defect,1.2758620689655173,lra_q
NetworkRewiring_Test,21,362,12,defect,1.2758620689655173,lra_q
NetworkRewiring_Test,21,362,13,defect,1.0,lra_q
NetworkRewiring_Test,21,362,14,defect,1.1379310344827587,lra_q
NetworkRewiring_Test,21,362,15,cooperate,0.10344827586206896,tit_for_tat
NetworkRewiring_Test,21,362,16,defect,1.1379310344827587,tit_for_tat
NetworkRewiring_Test,21,362,17,defect,1.1379310344827587,tit_for_tat
NetworkRewiring_Test,21,362,18,defect,1.0,tit_for_tat
NetworkRewiring_Test,21,362,19,defect,1.0,tit_for_tat
NetworkRewiring_Test,21,362,20,defect,1.0,tit_for_tat
NetworkRewiring_Test,21,362,21,defect,1.0,tit_for_tat
NetworkRewiring_Test,21,362,22,defect,1.4137931034482758,tit_for_tat
NetworkRewiring_Test,21,362,23,defect,1.1379310344827587,tit_for_tat
NetworkRewiring_Test,21,362,24,cooperate,0.0,tit_for_tat
NetworkRewiring_Test,21,362,25,defect,1.4137931034482758,tit_for_tat
NetworkRewiring_Test,21,362,26,defect,1.1379310344827587,tit_for_tat
NetworkRewiring_Test,21,362,27,defect,1.1379310344827587,tit_for_tat
NetworkRewiring_Test,21,362,28,cooperate,0.3103448275862069,tit_for_tat
NetworkRewiring_Test,21,362,29,defect,1.1379310344827587,tit_for_tat
NetworkRewiring_Test,21,363,0,defect,1.2758620689655173,lra_q
NetworkRewiring_Test,21,363,1,defect,1.0,lra_q
NetworkRewiring_Test,21,363,2,cooperate,0.20689655172413793,lra_q
NetworkRewiring_Test,21,363,3,defect,1.0,lra_q
NetworkRewiring_Test,21,363,4,defect,1.1379310344827587,lra_q
NetworkRewiring_Test,21,363,5,defect,1.1379310344827587,lra_q
NetworkRewiring_Test,21,363,6,defect,1.1379310344827587,lra_q
NetworkRewiring_Test,21,363,7,cooperate,0.10344827586206896,lra_q
NetworkRewiring_Test,21,363,8,cooperate,0.10344827586206896,lra_q
NetworkRewiring_Test,21,363,9,defect,1.1379310344827587,lra_q
NetworkRewiring_Test,21,363,10,defect,1.2758620689655173,lra_q
NetworkRewiring_Test,21,363,11,defect,1.2758620689655173,lra_q
NetworkRewiring_Test,21,363,12,defect,1.0,lra_q
NetworkRewiring_Test,21,363,13,defect,1.0,lra_q
NetworkRewiring_Test,21,363,14,defect,1.0,lra_q
NetworkRewiring_Test,21,363,15,defect,1.1379310344827587,tit_for_tat
NetworkRewiring_Test,21,363,16,cooperate,0.10344827586206896,tit_for_tat
NetworkRewiring_Test,21,363,17,defect,1.2758620689655173,tit_for_tat
NetworkRewiring_Test,21,363,18,defect,1.1379310344827587,tit_for_tat
NetworkRewiring_Test,21,363,19,defect,1.0,tit_for_tat
NetworkRewiring_Test,21,363,20,defect,1.0,tit_for_tat
NetworkRewiring_Test,21,363,21,defect,1.0,tit_for_tat
NetworkRewiring_Test,21,363,22,defect,1.0,tit_for_tat
NetworkRewiring_Test,21,363,23,cooperate,0.10344827586206896,tit_for_tat
NetworkRewiring_Test,21,363,24,defect,1.1379310344827587,tit_for_tat
NetworkRewiring_Test,21,363,25,cooperate,0.0,tit_for_tat
NetworkRewiring_Test,21,363,26,defect,1.1379310344827587,tit_for_tat
NetworkRewiring_Test,21,363,27,defect,1.1379310344827587,tit_for_tat
NetworkRewiring_Test,21,363,28,defect,1.0,tit_for_tat
NetworkRewiring_Test,21,363,29,defect,1.2758620689655173,tit_for_tat
NetworkRewiring_Test,21,364,0,defect,1.0,lra_q
NetworkRewiring_Test,21,364,1,defect,1.1379310344827587,lra_q
NetworkRewiring_Test,21,364,2,defect,1.0,lra_q
NetworkRewiring_Test,21,364,3,defect,1.1379310344827587,lra_q
NetworkRewiring_Test,21,364,4,cooperate,0.10344827586206896,lra_q
NetworkRewiring_Test,21,364,5,cooperate,0.20689655172413793,lra_q
NetworkRewiring_Test,21,364,6,defect,1.1379310344827587,lra_q
NetworkRewiring_Test,21,364,7,defect,1.1379310344827587,lra_q
NetworkRewiring_Test,21,364,8,defect,1.1379310344827587,lra_q
NetworkRewiring_Test,21,364,9,defect,1.1379310344827587,lra_q
NetworkRewiring_Test,21,364,10,cooperate,0.10344827586206896,lra_q
NetworkRewiring_Test,21,364,11,defect,1.0,lra_q
NetworkRewiring_Test,21,364,12,defect,1.1379310344827587,lra_q
NetworkRewiring_Test,21,364,13,defect,1.1379310344827587,lra_q
NetworkRewiring_Test,21,364,14,cooperate,0.0,lra_q
NetworkRewiring_Test,21,364,15,defect,1.1379310344827587,tit_for_tat
NetworkRewiring_Test,21,364,16,defect,1.0,tit_for_tat
NetworkRewiring_Test,21,364,17,defect,1.1379310344827587,tit_for_tat
NetworkRewiring_Test,21,364,18,defect,1.0,tit_for_tat
NetworkRewiring_Test,21,364,19,defect,1.0,tit_for_tat
NetworkRewiring_Test,21,364,20,defect,1.0,tit_for_tat
NetworkRewiring_Test,21,364,21,defect,1.0,tit_for_tat
NetworkRewiring_Test,21,364,22,defect,1.1379310344827587,tit_for_tat
NetworkRewiring_Test,21,364,23,defect,1.0,tit_for_tat
NetworkRewiring_Test,21,364,24,defect,1.0,tit_for_tat
NetworkRewiring_Test,21,364,25,defect,1.2758620689655173,tit_for_tat
NetworkRewiring_Test,21,364,26,defect,1.0,tit_for_tat
NetworkRewiring_Test,21,364,27,defect,1.0,tit_for_tat
NetworkRewiring_Test,21,364,28,defect,1.2758620689655173,tit_for_tat
NetworkRewiring_Test,21,364,29,defect,1.0,tit_for_tat
NetworkRewiring_Test,21,365,0,cooperate,0.3103448275862069,lra_q
NetworkRewiring_Test,21,365,1,defect,1.1379310344827587,lra_q
NetworkRewiring_Test,21,365,2,cooperate,0.0,lra_q
NetworkRewiring_Test,21,365,3,defect,1.0,lra_q
NetworkRewiring_Test,21,365,4,cooperate,0.10344827586206896,lra_q
NetworkRewiring_Test,21,365,5,defect,1.4137931034482758,lra_q
NetworkRewiring_Test,21,365,6,defect,1.0,lra_q
NetworkRewiring_Test,21,365,7,defect,1.0,lra_q
NetworkRewiring_Test,21,365,8,defect,1.2758620689655173,lra_q
NetworkRewiring_Test,21,365,9,defect,1.1379310344827587,lra_q
NetworkRewiring_Test,21,365,10,cooperate,0.3103448275862069,lra_q
NetworkRewiring_Test,21,365,11,defect,1.1379310344827587,lra_q
NetworkRewiring_Test,21,365,12,defect,1.0,lra_q
NetworkRewiring_Test,21,365,13,defect,1.1379310344827587,lra_q
NetworkRewiring_Test,21,365,14,cooperate,0.0,lra_q
NetworkRewiring_Test,21,365,15,defect,1.4137931034482758,tit_for_tat
NetworkRewiring_Test,21,365,16,defect,1.1379310344827587,tit_for_tat
NetworkRewiring_Test,21,365,17,defect,1.1379310344827587,tit_for_tat
NetworkRewiring_Test,21,365,18,defect,1.0,tit_for_tat
NetworkRewiring_Test,21,365,19,defect,1.0,tit_for_tat
NetworkRewiring_Test,21,365,20,defect,1.1379310344827587,tit_for_tat
NetworkRewiring_Test,21,365,21,defect,1.1379310344827587,tit_for_tat
NetworkRewiring_Test,21,365,22,cooperate,0.20689655172413793,tit_for_tat
NetworkRewiring_Test,21,365,23,defect,1.1379310344827587,tit_for_tat
NetworkRewiring_Test,21,365,24,defect,1.0,tit_for_tat
NetworkRewiring_Test,21,365,25,cooperate,0.3103448275862069,tit_for_tat
NetworkRewiring_Test,21,365,26,defect,1.1379310344827587,tit_for_tat
NetworkRewiring_Test,21,365,27,defect,1.2758620689655173,tit_for_tat
NetworkRewiring_Test,21,365,28,cooperate,0.20689655172413793,tit_for_tat
NetworkRewiring_Test,21,365,29,defect,1.4137931034482758,tit_for_tat
NetworkRewiring_Test,21,366,0,defect,1.2758620689655173,lra_q
NetworkRewiring_Test,21,366,1,defect,1.1379310344827587,lra_q
NetworkRewiring_Test,21,366,2,defect,1.0,lra_q
NetworkRewiring_Test,21,366,3,defect,1.0,lra_q
NetworkRewiring_Test,21,366,4,cooperate,0.10344827586206896,lra_q
NetworkRewiring_Test,21,366,5,defect,1.2758620689655173,lra_q
NetworkRewiring_Test,21,366,6,defect,1.0,lra_q
NetworkRewiring_Test,21,366,7,defect,1.1379310344827587,lra_q
NetworkRewiring_Test,21,366,8,cooperate,0.10344827586206896,lra_q
NetworkRewiring_Test,21,366,9,defect,1.1379310344827587,lra_q
NetworkRewiring_Test,21,366,10,cooperate,0.20689655172413793,lra_q
NetworkRewiring_Test,21,366,11,defect,1.1379310344827587,lra_q
NetworkRewiring_Test,21,366,12,defect,1.0,lra_q
NetworkRewiring_Test,21,366,13,defect,1.1379310344827587,lra_q
NetworkRewiring_Test,21,366,14,cooperate,0.0,lra_q
NetworkRewiring_Test,21,366,15,defect,1.1379310344827587,tit_for_tat
NetworkRewiring_Test,21,366,16,defect,1.0,tit_for_tat
NetworkRewiring_Test,21,366,17,defect,1.1379310344827587,tit_for_tat
NetworkRewiring_Test,21,366,18,defect,1.0,tit_for_tat
NetworkRewiring_Test,21,366,19,defect,1.1379310344827587,tit_for_tat
NetworkRewiring_Test,21,366,20,defect,1.0,tit_for_tat
NetworkRewiring_Test,21,366,21,cooperate,0.0,tit_for_tat
NetworkRewiring_Test,21,366,22,defect,1.2758620689655173,tit_for_tat
NetworkRewiring_Test,21,366,23,defect,1.0,tit_for_tat
NetworkRewiring_Test,21,366,24,defect,1.0,tit_for_tat
NetworkRewiring_Test,21,366,25,cooperate,0.3103448275862069,tit_for_tat
NetworkRewiring_Test,21,366,26,defect,1.0,tit_for_tat
NetworkRewiring_Test,21,366,27,cooperate,0.10344827586206896,tit_for_tat
NetworkRewiring_Test,21,366,28,defect,1.2758620689655173,tit_for_tat
NetworkRewiring_Test,21,366,29,defect,1.2758620689655173,tit_for_tat
NetworkRewiring_Test,21,367,0,defect,1.4137931034482758,lra_q
NetworkRewiring_Test,21,367,1,defect,1.1379310344827587,lra_q
NetworkRewiring_Test,21,367,2,cooperate,0.0,lra_q
NetworkRewiring_Test,21,367,3,defect,1.0,lra_q
NetworkRewiring_Test,21,367,4,cooperate,0.10344827586206896,lra_q
NetworkRewiring_Test,21,367,5,defect,1.4137931034482758,lra_q
NetworkRewiring_Test,21,367,6,defect,1.0,lra_q
NetworkRewiring_Test,21,367,7,defect,1.0,lra_q
NetworkRewiring_Test,21,367,8,defect,1.1379310344827587,lra_q
NetworkRewiring_Test,21,367,9,defect,1.1379310344827587,lra_q
NetworkRewiring_Test,21,367,10,cooperate,0.3103448275862069,lra_q
NetworkRewiring_Test,21,367,11,defect,1.1379310344827587,lra_q
NetworkRewiring_Test,21,367,12,defect,1.0,lra_q
NetworkRewiring_Test,21,367,13,defect,1.1379310344827587,lra_q
NetworkRewiring_Test,21,367,14,cooperate,0.0,lra_q
NetworkRewiring_Test,21,367,15,defect,1.2758620689655173,tit_for_tat
NetworkRewiring_Test,21,367,16,defect,1.1379310344827587,tit_for_tat
NetworkRewiring_Test,21,367,17,defect,1.1379310344827587,tit_for_tat
NetworkRewiring_Test,21,367,18,defect,1.0,tit_for_tat
NetworkRewiring_Test,21,367,19,defect,1.0,tit_for_tat
NetworkRewiring_Test,21,367,20,defect,1.1379310344827587,tit_for_tat
NetworkRewiring_Test,21,367,21,defect,1.1379310344827587,tit_for_tat
NetworkRewiring_Test,21,367,22,cooperate,0.10344827586206896,tit_for_tat
NetworkRewiring_Test,21,367,23,defect,1.1379310344827587,tit_for_tat
NetworkRewiring_Test,21,367,24,defect,1.0,tit_for_tat
NetworkRewiring_Test,21,367,25,cooperate,0.20689655172413793,tit_for_tat
NetworkRewiring_Test,21,367,26,defect,1.1379310344827587,tit_for_tat
NetworkRewiring_Test,21,367,27,defect,1.2758620689655173,tit_for_tat
NetworkRewiring_Test,21,367,28,cooperate,0.10344827586206896,tit_for_tat
NetworkRewiring_Test,21,367,29,defect,1.4137931034482758,tit_for_tat
NetworkRewiring_Test,21,368,0,cooperate,0.0,lra_q
NetworkRewiring_Test,21,368,1,cooperate,0.10344827586206896,lra_q
NetworkRewiring_Test,21,368,2,cooperate,0.20689655172413793,lra_q
NetworkRewiring_Test,21,368,3,defect,1.1379310344827587,lra_q
NetworkRewiring_Test,21,368,4,cooperate,0.10344827586206896,lra_q
NetworkRewiring_Test,21,368,5,defect,1.2758620689655173,lra_q
NetworkRewiring_Test,21,368,6,defect,1.0,lra_q
NetworkRewiring_Test,21,368,7,defect,1.0,lra_q
NetworkRewiring_Test,21,368,8,defect,1.2758620689655173,lra_q
NetworkRewiring_Test,21,368,9,defect,1.1379310344827587,lra_q
NetworkRewiring_Test,21,368,10,cooperate,0.0,lra_q
NetworkRewiring_Test,21,368,11,defect,1.1379310344827587,lra_q
NetworkRewiring_Test,21,368,12,defect,1.0,lra_q
NetworkRewiring_Test,21,368,13,defect,1.1379310344827587,lra_q
NetworkRewiring_Test,21,368,14,cooperate,0.0,lra_q
NetworkRewiring_Test,21,368,15,defect,1.2758620689655173,tit_for_tat
NetworkRewiring_Test,21,368,16,defect,1.1379310344827587,tit_for_tat
NetworkRewiring_Test,21,368,17,defect,1.1379310344827587,tit_for_tat
NetworkRewiring_Test,21,368,18,defect,1.0,tit_for_tat
NetworkRewiring_Test,21,368,19,defect,1.1379310344827587,tit_for_tat
NetworkRewiring_Test,21,368,20,defect,1.0,tit_for_tat
NetworkRewiring_Test,21,368,21,cooperate,0.0,tit_for_tat
NetworkRewiring_Test,21,368,22,defect,1.4137931034482758,tit_for_tat
NetworkRewiring_Test,21,368,23,cooperate,0.10344827586206896,tit_for_tat
NetworkRewiring_Test,21,368,24,defect,1.1379310344827587,tit_for_tat
NetworkRewiring_Test,21,368,25,defect,1.6896551724137931,tit_for_tat
NetworkRewiring_Test,21,368,26,defect,1.1379310344827587,tit_for_tat
NetworkRewiring_Test,21,368,27,cooperate,0.10344827586206896,tit_for_tat
NetworkRewiring_Test,21,368,28,defect,1.5517241379310345,tit_for_tat
NetworkRewiring_Test,21,368,29,cooperate,0.20689655172413793,tit_for_tat
NetworkRewiring_Test,21,369,0,cooperate,0.3103448275862069,lra_q
NetworkRewiring_Test,21,369,1,defect,1.1379310344827587,lra_q
NetworkRewiring_Test,21,369,2,defect,1.1379310344827587,lra_q
NetworkRewiring_Test,21,369,3,defect,1.0,lra_q
NetworkRewiring_Test,21,369,4,cooperate,0.10344827586206896,lra_q
NetworkRewiring_Test,21,369,5,defect,1.4137931034482758,lra_q
NetworkRewiring_Test,21,369,6,defect,1.0,lra_q
NetworkRewiring_Test,21,369,7,defect,1.1379310344827587,lra_q
NetworkRewiring_Test,21,369,8,cooperate,0.20689655172413793,lra_q
NetworkRewiring_Test,21,369,9,defect,1.1379310344827587,lra_q
NetworkRewiring_Test,21,369,10,cooperate,0.3103448275862069,lra_q
NetworkRewiring_Test,21,369,11,defect,1.1379310344827587,lra_q
NetworkRewiring_Test,21,369,12,defect,1.0,lra_q
NetworkRewiring_Test,21,369,13,defect,1.1379310344827587,lra_q
NetworkRewiring_Test,21,369,14,cooperate,0.0,lra_q
NetworkRewiring_Test,21,369,15,defect,1.2758620689655173,tit_for_tat
NetworkRewiring_Test,21,369,16,defect,1.0,tit_for_tat
NetworkRewiring_Test,21,369,17,defect,1.1379310344827587,tit_for_tat
NetworkRewiring_Test,21,369,18,defect,1.0,tit_for_tat
NetworkRewiring_Test,21,369,19,defect,1.0,tit_for_tat
NetworkRewiring_Test,21,369,20,defect,1.0,tit_for_tat
NetworkRewiring_Test,21,369,21,defect,1.0,tit_for_tat
NetworkRewiring_Test,21,369,22,defect,1.2758620689655173,tit_for_tat
NetworkRewiring_Test,21,369,23,defect,1.0,tit_for_tat
NetworkRewiring_Test,21,369,24,defect,1.0,tit_for_tat
NetworkRewiring_Test,21,369,25,cooperate,0.41379310344827586,tit_for_tat
NetworkRewiring_Test,21,369,26,defect,1.0,tit_for_tat
NetworkRewiring_Test,21,369,27,defect,1.4137931034482758,tit_for_tat
NetworkRewiring_Test,21,369,28,cooperate,0.3103448275862069,tit_for_tat
NetworkRewiring_Test,21,369,29,cooperate,0.20689655172413793,tit_for_tat
NetworkRewiring_Test,21,370,0,defect,1.5517241379310345,lra_q
NetworkRewiring_Test,21,370,1,defect,1.1379310344827587,lra_q
NetworkRewiring_Test,21,370,2,cooperate,0.10344827586206896,lra_q
NetworkRewiring_Test,21,370,3,defect,1.0,lra_q
NetworkRewiring_Test,21,370,4,cooperate,0.10344827586206896,lra_q
NetworkRewiring_Test,21,370,5,defect,1.2758620689655173,lra_q
NetworkRewiring_Test,21,370,6,defect,1.0,lra_q
NetworkRewiring_Test,21,370,7,defect,1.1379310344827587,lra_q
NetworkRewiring_Test,21,370,8,cooperate,0.0,lra_q
NetworkRewiring_Test,21,370,9,defect,1.0,lra_q
NetworkRewiring_Test,21,370,10,defect,1.5517241379310345,lra_q
NetworkRewiring_Test,21,370,11,defect,1.2758620689655173,lra_q
NetworkRewiring_Test,21,370,12,defect,1.0,lra_q
NetworkRewiring_Test,21,370,13,defect,1.1379310344827587,lra_q
NetworkRewiring_Test,21,370,14,cooperate,0.0,lra_q
NetworkRewiring_Test,21,370,15,defect,1.2758620689655173,tit_for_tat
NetworkRewiring_Test,21,370,16,defect,1.1379310344827587,tit_for_tat
NetworkRewiring_Test,21,370,17,defect,1.1379310344827587,tit_for_tat
NetworkRewiring_Test,21,370,18,defect,1.0,tit_for_tat
NetworkRewiring_Test,21,370,19,defect,1.0,tit_for_tat
NetworkRewiring_Test,21,370,20,defect,1.1379310344827587,tit_for_tat
NetworkRewiring_Test,21,370,21,defect,1.1379310344827587,tit_for_tat
NetworkRewiring_Test,21,370,22,cooperate,0.0,tit_for_tat
NetworkRewiring_Test,21,370,23,defect,1.1379310344827587,tit_for_tat
NetworkRewiring_Test,21,370,24,defect,1.0,tit_for_tat
NetworkRewiring_Test,21,370,25,cooperate,0.3103448275862069,tit_for_tat
NetworkRewiring_Test,21,370,26,defect,1.1379310344827587,tit_for_tat
NetworkRewiring_Test,21,370,27,cooperate,0.3103448275862069,tit_for_tat
NetworkRewiring_Test,21,370,28,cooperate,0.20689655172413793,tit_for_tat
NetworkRewiring_Test,21,370,29,cooperate,0.41379310344827586,tit_for_tat
NetworkRewiring_Test,21,371,0,defect,1.1379310344827587,lra_q
NetworkRewiring_Test,21,371,1,defect,1.1379310344827587,lra_q
NetworkRewiring_Test,21,371,2,cooperate,0.10344827586206896,lra_q
NetworkRewiring_Test,21,371,3,defect,1.1379310344827587,lra_q
NetworkRewiring_Test,21,371,4,cooperate,0.20689655172413793,lra_q
NetworkRewiring_Test,21,371,5,cooperate,0.10344827586206896,lra_q
NetworkRewiring_Test,21,371,6,defect,1.1379310344827587,lra_q
NetworkRewiring_Test,21,371,7,defect,1.2758620689655173,lra_q
NetworkRewiring_Test,21,371,8,defect,1.0,lra_q
NetworkRewiring_Test,21,371,9,defect,1.0,lra_q
NetworkRewiring_Test,21,371,10,defect,1.2758620689655173,lra_q
NetworkRewiring_Test,21,371,11,defect,1.1379310344827587,lra_q
NetworkRewiring_Test,21,371,12,defect,1.1379310344827587,lra_q
NetworkRewiring_Test,21,371,13,defect,1.1379310344827587,lra_q
NetworkRewiring_Test,21,371,14,cooperate,0.10344827586206896,lra_q
NetworkRewiring_Test,21,371,15,defect,1.2758620689655173,tit_for_tat
NetworkRewiring_Test,21,371,16,defect,1.2758620689655173,tit_for_tat
NetworkRewiring_Test,21,371,17,cooperate,0.10344827586206896,tit_for_tat
NetworkRewiring_Test,21,371,18,defect,1.1379310344827587,tit_for_tat
NetworkRewiring_Test,21,371,19,defect,1.1379310344827587,tit_for_tat
NetworkRewiring_Test,21,371,20,defect,1.0,tit_for_tat
NetworkRewiring_Test,21,371,21,defect,1.0,tit_for_tat
NetworkRewiring_Test,21,371,22,defect,1.0,tit_for_tat
NetworkRewiring_Test,21,371,23,defect,1.1379310344827587,tit_for_tat
NetworkRewiring_Test,21,371,24,defect,1.0,tit_for_tat
NetworkRewiring_Test,21,371,25,cooperate,0.3103448275862069,tit_for_tat
NetworkRewiring_Test,21,371,26,defect,1.1379310344827587,tit_for_tat
NetworkRewiring_Test,21,371,27,cooperate,0.20689655172413793,tit_for_tat
NetworkRewiring_Test,21,371,28,defect,1.4137931034482758,tit_for_tat
NetworkRewiring_Test,21,371,29,cooperate,0.3103448275862069,tit_for_tat
NetworkRewiring_Test,21,372,0,cooperate,0.20689655172413793,lra_q
NetworkRewiring_Test,21,372,1,defect,1.0,lra_q
NetworkRewiring_Test,21,372,2,cooperate,0.20689655172413793,lra_q
NetworkRewiring_Test,21,372,3,defect,1.1379310344827587,lra_q
NetworkRewiring_Test,21,372,4,defect,1.2758620689655173,lra_q
NetworkRewiring_Test,21,372,5,cooperate,0.10344827586206896,lra_q
NetworkRewiring_Test,21,372,6,defect,1.1379310344827587,lra_q
NetworkRewiring_Test,21,372,7,defect,1.2758620689655173,lra_q
NetworkRewiring_Test,21,372,8,defect,1.2758620689655173,lra_q
NetworkRewiring_Test,21,372,9,defect,1.1379310344827587,lra_q
NetworkRewiring_Test,21,372,10,cooperate,0.20689655172413793,lra_q
NetworkRewiring_Test,21,372,11,defect,1.1379310344827587,lra_q
NetworkRewiring_Test,21,372,12,defect,1.2758620689655173,lra_q
NetworkRewiring_Test,21,372,13,defect,1.0,lra_q
NetworkRewiring_Test,21,372,14,defect,1.2758620689655173,lra_q
NetworkRewiring_Test,21,372,15,cooperate,0.20689655172413793,tit_for_tat
NetworkRewiring_Test,21,372,16,defect,1.5517241379310345,tit_for_tat
NetworkRewiring_Test,21,372,17,cooperate,0.20689655172413793,tit_for_tat
NetworkRewiring_Test,21,372,18,cooperate,0.10344827586206896,tit_for_tat
NetworkRewiring_Test,21,372,19,defect,1.4137931034482758,tit_for_tat
NetworkRewiring_Test,21,372,20,defect,1.1379310344827587,tit_for_tat
NetworkRewiring_Test,21,372,21,defect,1.0,tit_for_tat
NetworkRewiring_Test,21,372,22,defect,1.4137931034482758,tit_for_tat
NetworkRewiring_Test,21,372,23,cooperate,0.10344827586206896,tit_for_tat
NetworkRewiring_Test,21,372,24,defect,1.2758620689655173,tit_for_tat
NetworkRewiring_Test,21,372,25,cooperate,0.3103448275862069,tit_for_tat
NetworkRewiring_Test,21,372,26,cooperate,0.10344827586206896,tit_for_tat
NetworkRewiring_Test,21,372,27,cooperate,0.10344827586206896,tit_for_tat
NetworkRewiring_Test,21,372,28,defect,1.5517241379310345,tit_for_tat
NetworkRewiring_Test,21,372,29,defect,1.4137931034482758,tit_for_tat
NetworkRewiring_Test,21,373,0,defect,1.4137931034482758,lra_q
NetworkRewiring_Test,21,373,1,defect,1.0,lra_q
NetworkRewiring_Test,21,373,2,defect,1.5517241379310345,lra_q
NetworkRewiring_Test,21,373,3,defect,1.1379310344827587,lra_q
NetworkRewiring_Test,21,373,4,defect,1.2758620689655173,lra_q
NetworkRewiring_Test,21,373,5,cooperate,0.20689655172413793,lra_q
NetworkRewiring_Test,21,373,6,defect,1.4137931034482758,lra_q
NetworkRewiring_Test,21,373,7,cooperate,0.20689655172413793,lra_q
NetworkRewiring_Test,21,373,8,cooperate,0.20689655172413793,lra_q
NetworkRewiring_Test,21,373,9,defect,1.2758620689655173,lra_q
NetworkRewiring_Test,21,373,10,cooperate,0.41379310344827586,lra_q
NetworkRewiring_Test,21,373,11,defect,1.1379310344827587,lra_q
NetworkRewiring_Test,21,373,12,defect,1.1379310344827587,lra_q
NetworkRewiring_Test,21,373,13,defect,1.0,lra_q
NetworkRewiring_Test,21,373,14,defect,1.0,lra_q
NetworkRewiring_Test,21,373,15,defect,1.2758620689655173,tit_for_tat
NetworkRewiring_Test,21,373,16,cooperate,0.10344827586206896,tit_for_tat
NetworkRewiring_Test,21,373,17,defect,1.5517241379310345,tit_for_tat
NetworkRewiring_Test,21,373,18,cooperate,0.3103448275862069,tit_for_tat
NetworkRewiring_Test,21,373,19,cooperate,0.3103448275862069,tit_for_tat
NetworkRewiring_Test,21,373,20,cooperate,0.3103448275862069,tit_for_tat
NetworkRewiring_Test,21,373,21,defect,1.2758620689655173,tit_for_tat
NetworkRewiring_Test,21,373,22,cooperate,0.20689655172413793,tit_for_tat
NetworkRewiring_Test,21,373,23,cooperate,0.10344827586206896,tit_for_tat
NetworkRewiring_Test,21,373,24,cooperate,0.20689655172413793,tit_for_tat
NetworkRewiring_Test,21,373,25,cooperate,0.20689655172413793,tit_for_tat
NetworkRewiring_Test,21,373,26,cooperate,0.20689655172413793,tit_for_tat
NetworkRewiring_Test,21,373,27,defect,1.2758620689655173,tit_for_tat
NetworkRewiring_Test,21,373,28,defect,1.4137931034482758,tit_for_tat
NetworkRewiring_Test,21,373,29,cooperate,0.10344827586206896,tit_for_tat
NetworkRewiring_Test,21,374,0,defect,1.5517241379310345,lra_q
NetworkRewiring_Test,21,374,1,defect,1.1379310344827587,lra_q
NetworkRewiring_Test,21,374,2,defect,1.2758620689655173,lra_q
NetworkRewiring_Test,21,374,3,defect,1.0,lra_q
NetworkRewiring_Test,21,374,4,cooperate,0.10344827586206896,lra_q
NetworkRewiring_Test,21,374,5,defect,1.2758620689655173,lra_q
NetworkRewiring_Test,21,374,6,defect,1.1379310344827587,lra_q
NetworkRewiring_Test,21,374,7,defect,1.2758620689655173,lra_q
NetworkRewiring_Test,21,374,8,cooperate,0.0,lra_q
NetworkRewiring_Test,21,374,9,defect,1.0,lra_q
NetworkRewiring_Test,21,374,10,defect,1.5517241379310345,lra_q
NetworkRewiring_Test,21,374,11,defect,1.1379310344827587,lra_q
NetworkRewiring_Test,21,374,12,defect,1.0,lra_q
NetworkRewiring_Test,21,374,13,defect,1.1379310344827587,lra_q
NetworkRewiring_Test,21,374,14,cooperate,0.10344827586206896,lra_q
NetworkRewiring_Test,21,374,15,defect,1.4137931034482758,tit_for_tat
NetworkRewiring_Test,21,374,16,defect,1.1379310344827587,tit_for_tat
NetworkRewiring_Test,21,374,17,cooperate,0.20689655172413793,tit_for_tat
NetworkRewiring_Test,21,374,18,defect,1.4137931034482758,tit_for_tat
NetworkRewiring_Test,21,374,19,cooperate,0.41379310344827586,tit_for_tat
NetworkRewiring_Test,21,374,20,cooperate,0.20689655172413793,tit_for_tat
NetworkRewiring_Test,21,374,21,cooperate,0.20689655172413793,tit_for_tat
NetworkRewiring_Test,21,374,22,cooperate,0.20689655172413793,tit_for_tat
NetworkRewiring_Test,21,374,23,cooperate,0.10344827586206896,tit_for_tat
NetworkRewiring_Test,21,374,24,cooperate,0.20689655172413793,tit_for_tat
NetworkRewiring_Test,21,374,25,cooperate,0.10344827586206896,tit_for_tat
NetworkRewiring_Test,21,374,26,cooperate,0.20689655172413793,tit_for_tat
NetworkRewiring_Test,21,374,27,defect,1.2758620689655173,tit_for_tat
NetworkRewiring_Test,21,374,28,cooperate,0.0,tit_for_tat
NetworkRewiring_Test,21,374,29,defect,1.2758620689655173,tit_for_tat
NetworkRewiring_Test,21,375,0,defect,1.2758620689655173,lra_q
NetworkRewiring_Test,21,375,1,defect,1.1379310344827587,lra_q
NetworkRewiring_Test,21,375,2,cooperate,0.20689655172413793,lra_q
NetworkRewiring_Test,21,375,3,defect,1.0,lra_q
NetworkRewiring_Test,21,375,4,cooperate,0.10344827586206896,lra_q
NetworkRewiring_Test,21,375,5,defect,1.2758620689655173,lra_q
NetworkRewiring_Test,21,375,6,defect,1.1379310344827587,lra_q
NetworkRewiring_Test,21,375,7,defect,1.1379310344827587,lra_q
NetworkRewiring_Test,21,375,8,defect,1.1379310344827587,lra_q
NetworkRewiring_Test,21,375,9,defect,1.1379310344827587,lra_q
NetworkRewiring_Test,21,375,10,cooperate,0.10344827586206896,lra_q
NetworkRewiring_Test,21,375,11,defect,1.1379310344827587,lra_q
NetworkRewiring_Test,21,375,12,defect,1.1379310344827587,lra_q
NetworkRewiring_Test,21,375,13,defect,1.0,lra_q
NetworkRewiring_Test,21,375,14,defect,1.2758620689655173,lra_q
NetworkRewiring_Test,21,375,15,cooperate,0.10344827586206896,tit_for_tat
NetworkRewiring_Test,21,375,16,defect,1.5517241379310345,tit_for_tat
NetworkRewiring_Test,21,375,17,cooperate,0.3103448275862069,tit_for_tat
NetworkRewiring_Test,21,375,18,cooperate,0.3103448275862069,tit_for_tat
NetworkRewiring_Test,21,375,19,cooperate,0.5172413793103449,tit_for_tat
NetworkRewiring_Test,21,375,20,cooperate,0.20689655172413793,tit_for_tat
NetworkRewiring_Test,21,375,21,cooperate,0.10344827586206896,tit_for_tat
NetworkRewiring_Test,21,375,22,defect,1.5517241379310345,tit_for_tat
NetworkRewiring_Test,21,375,23,cooperate,0.20689655172413793,tit_for_tat
NetworkRewiring_Test,21,375,24,cooperate,0.20689655172413793,tit_for_tat
NetworkRewiring_Test,21,375,25,cooperate,0.20689655172413793,tit_for_tat
NetworkRewiring_Test,21,375,26,cooperate,0.3103448275862069,tit_for_tat
NetworkRewiring_Test,21,375,27,defect,1.1379310344827587,tit_for_tat
NetworkRewiring_Test,21,375,28,defect,1.1379310344827587,tit_for_tat
NetworkRewiring_Test,21,375,29,defect,1.2758620689655173,tit_for_tat
NetworkRewiring_Test,21,376,0,cooperate,0.10344827586206896,lra_q
NetworkRewiring_Test,21,376,1,defect,1.1379310344827587,lra_q
NetworkRewiring_Test,21,376,2,defect,1.4137931034482758,lra_q
NetworkRewiring_Test,21,376,3,defect,1.0,lra_q
NetworkRewiring_Test,21,376,4,cooperate,0.0,lra_q
NetworkRewiring_Test,21,376,5,defect,1.2758620689655173,lra_q
NetworkRewiring_Test,21,376,6,defect,1.2758620689655173,lra_q
NetworkRewiring_Test,21,376,7,defect,1.1379310344827587,lra_q
NetworkRewiring_Test,21,376,8,defect,1.2758620689655173,lra_q
NetworkRewiring_Test,21,376,9,defect,1.1379310344827587,lra_q
NetworkRewiring_Test,21,376,10,cooperate,0.10344827586206896,lra_q
NetworkRewiring_Test,21,376,11,defect,1.0,lra_q
NetworkRewiring_Test,21,376,12,defect,1.0,lra_q
NetworkRewiring_Test,21,376,13,defect,1.0,lra_q
NetworkRewiring_Test,21,376,14,defect,1.1379310344827587,lra_q
NetworkRewiring_Test,21,376,15,defect,1.5517241379310345,tit_for_tat
NetworkRewiring_Test,21,376,16,cooperate,0.20689655172413793,tit_for_tat
NetworkRewiring_Test,21,376,17,cooperate,0.3103448275862069,tit_for_tat
NetworkRewiring_Test,21,376,18,cooperate,0.41379310344827586,tit_for_tat
NetworkRewiring_Test,21,376,19,cooperate,0.41379310344827586,tit_for_tat
NetworkRewiring_Test,21,376,20,cooperate,0.3103448275862069,tit_for_tat
NetworkRewiring_Test,21,376,21,defect,1.2758620689655173,tit_for_tat
NetworkRewiring_Test,21,376,22,cooperate,0.3103448275862069,tit_for_tat
NetworkRewiring_Test,21,376,23,cooperate,0.10344827586206896,tit_for_tat
NetworkRewiring_Test,21,376,24,cooperate,0.20689655172413793,tit_for_tat
NetworkRewiring_Test,21,376,25,defect,1.5517241379310345,tit_for_tat
NetworkRewiring_Test,21,376,26,cooperate,0.20689655172413793,tit_for_tat
NetworkRewiring_Test,21,376,27,cooperate,0.0,tit_for_tat
NetworkRewiring_Test,21,376,28,defect,1.4137931034482758,tit_for_tat
NetworkRewiring_Test,21,376,29,defect,1.1379310344827587,tit_for_tat
NetworkRewiring_Test,21,377,0,cooperate,0.5172413793103449,lra_q
NetworkRewiring_Test,21,377,1,defect,1.1379310344827587,lra_q
NetworkRewiring_Test,21,377,2,defect,1.2758620689655173,lra_q
NetworkRewiring_Test,21,377,3,defect,1.0,lra_q
NetworkRewiring_Test,21,377,4,cooperate,0.10344827586206896,lra_q
NetworkRewiring_Test,21,377,5,defect,1.5517241379310345,lra_q
NetworkRewiring_Test,21,377,6,cooperate,0.10344827586206896,lra_q
NetworkRewiring_Test,21,377,7,defect,1.1379310344827587,lra_q
NetworkRewiring_Test,21,377,8,cooperate,0.20689655172413793,lra_q
NetworkRewiring_Test,21,377,9,defect,1.1379310344827587,lra_q
NetworkRewiring_Test,21,377,10,cooperate,0.41379310344827586,lra_q
NetworkRewiring_Test,21,377,11,defect,1.1379310344827587,lra_q
NetworkRewiring_Test,21,377,12,defect,1.1379310344827587,lra_q
NetworkRewiring_Test,21,377,13,defect,1.1379310344827587,lra_q
NetworkRewiring_Test,21,377,14,defect,1.1379310344827587,lra_q
NetworkRewiring_Test,21,377,15,cooperate,0.20689655172413793,tit_for_tat
NetworkRewiring_Test,21,377,16,defect,1.4137931034482758,tit_for_tat
NetworkRewiring_Test,21,377,17,defect,1.4137931034482758,tit_for_tat
NetworkRewiring_Test,21,377,18,cooperate,0.20689655172413793,tit_for_tat
NetworkRewiring_Test,21,377,19,cooperate,0.5172413793103449,tit_for_tat
NetworkRewiring_Test,21,377,20,cooperate,0.3103448275862069,tit_for_tat
NetworkRewiring_Test,21,377,21,cooperate,0.20689655172413793,tit_for_tat
NetworkRewiring_Test,21,377,22,cooperate,0.5172413793103449,tit_for_tat
NetworkRewiring_Test,21,377,23,cooperate,0.10344827586206896,tit_for_tat
NetworkRewiring_Test,21,377,24,cooperate,0.20689655172413793,tit_for_tat
NetworkRewiring_Test,21,377,25,cooperate,0.3103448275862069,tit_for_tat
NetworkRewiring_Test,21,377,26,cooperate,0.20689655172413793,tit_for_tat
NetworkRewiring_Test,21,377,27,defect,1.2758620689655173,tit_for_tat
NetworkRewiring_Test,21,377,28,cooperate,0.20689655172413793,tit_for_tat
NetworkRewiring_Test,21,377,29,defect,1.2758620689655173,tit_for_tat
NetworkRewiring_Test,21,378,0,cooperate,0.5172413793103449,lra_q
NetworkRewiring_Test,21,378,1,defect,1.1379310344827587,lra_q
NetworkRewiring_Test,21,378,2,defect,1.2758620689655173,lra_q
NetworkRewiring_Test,21,378,3,defect,1.0,lra_q
NetworkRewiring_Test,21,378,4,cooperate,0.10344827586206896,lra_q
NetworkRewiring_Test,21,378,5,defect,1.4137931034482758,lra_q
NetworkRewiring_Test,21,378,6,defect,1.1379310344827587,lra_q
NetworkRewiring_Test,21,378,7,defect,1.1379310344827587,lra_q
NetworkRewiring_Test,21,378,8,cooperate,0.10344827586206896,lra_q
NetworkRewiring_Test,21,378,9,defect,1.0,lra_q
NetworkRewiring_Test,21,378,10,defect,1.5517241379310345,lra_q
NetworkRewiring_Test,21,378,11,defect,1.2758620689655173,lra_q
NetworkRewiring_Test,21,378,12,cooperate,0.10344827586206896,lra_q
NetworkRewiring_Test,21,378,13,defect,1.0,lra_q
NetworkRewiring_Test,21,378,14,defect,1.1379310344827587,lra_q
NetworkRewiring_Test,21,378,15,cooperate,0.3103448275862069,tit_for_tat
NetworkRewiring_Test,21,378,16,defect,1.1379310344827587,tit_for_tat
NetworkRewiring_Test,21,378,17,defect,1.2758620689655173,tit_for_tat
NetworkRewiring_Test,21,378,18,defect,1.2758620689655173,tit_for_tat
NetworkRewiring_Test,21,378,19,cooperate,0.3103448275862069,tit_for_tat
NetworkRewiring_Test,21,378,20,cooperate,0.20689655172413793,tit_for_tat
NetworkRewiring_Test,21,378,21,cooperate,0.20689655172413793,tit_for_tat
NetworkRewiring_Test,21,378,22,cooperate,0.41379310344827586,tit_for_tat
NetworkRewiring_Test,21,378,23,cooperate,0.10344827586206896,tit_for_tat
NetworkRewiring_Test,21,378,24,cooperate,0.20689655172413793,tit_for_tat
NetworkRewiring_Test,21,378,25,cooperate,0.20689655172413793,tit_for_tat
NetworkRewiring_Test,21,378,26,cooperate,0.20689655172413793,tit_for_tat
NetworkRewiring_Test,21,378,27,defect,1.2758620689655173,tit_for_tat
NetworkRewiring_Test,21,378,28,cooperate,0.10344827586206896,tit_for_tat
NetworkRewiring_Test,21,378,29,defect,1.2758620689655173,tit_for_tat
NetworkRewiring_Test,21,379,0,cooperate,0.3103448275862069,lra_q
NetworkRewiring_Test,21,379,1,defect,1.1379310344827587,lra_q
NetworkRewiring_Test,21,379,2,defect,1.5517241379310345,lra_q
NetworkRewiring_Test,21,379,3,defect,1.0,lra_q
NetworkRewiring_Test,21,379,4,cooperate,0.10344827586206896,lra_q
NetworkRewiring_Test,21,379,5,defect,1.1379310344827587,lra_q
NetworkRewiring_Test,21,379,6,defect,1.1379310344827587,lra_q
NetworkRewiring_Test,21,379,7,defect,1.1379310344827587,lra_q
NetworkRewiring_Test,21,379,8,defect,1.1379310344827587,lra_q
NetworkRewiring_Test,21,379,9,defect,1.0,lra_q
NetworkRewiring_Test,21,379,10,defect,1.2758620689655173,lra_q
NetworkRewiring_Test,21,379,11,defect,1.0,lra_q
NetworkRewiring_Test,21,379,12,defect,1.1379310344827587,lra_q
NetworkRewiring_Test,21,379,13,defect,1.0,lra_q
NetworkRewiring_Test,21,379,14,defect,1.2758620689655173,lra_q
NetworkRewiring_Test,21,379,15,cooperate,0.41379310344827586,tit_for_tat
NetworkRewiring_Test,21,379,16,cooperate,0.20689655172413793,tit_for_tat
NetworkRewiring_Test,21,379,17,cooperate,0.20689655172413793,tit_for_tat
NetworkRewiring_Test,21,379,18,defect,1.4137931034482758,tit_for_tat
NetworkRewiring_Test,21,379,19,defect,1.5517241379310345,tit_for_tat
NetworkRewiring_Test,21,379,20,cooperate,0.10344827586206896,tit_for_tat
NetworkRewiring_Test,21,379,21,cooperate,0.10344827586206896,tit_for_tat
NetworkRewiring_Test,21,379,22,cooperate,0.41379310344827586,tit_for_tat
NetworkRewiring_Test,21,379,23,cooperate,0.10344827586206896,tit_for_tat
NetworkRewiring_Test,21,379,24,cooperate,0.20689655172413793,tit_for_tat
NetworkRewiring_Test,21,379,25,cooperate,0.41379310344827586,tit_for_tat
NetworkRewiring_Test,21,379,26,cooperate,0.10344827586206896,tit_for_tat
NetworkRewiring_Test,21,379,27,cooperate,0.20689655172413793,tit_for_tat
NetworkRewiring_Test,21,379,28,defect,1.4137931034482758,tit_for_tat
NetworkRewiring_Test,21,379,29,cooperate,0.20689655172413793,tit_for_tat
NetworkRewiring_Test,21,380,0,defect,1.1379310344827587,lra_q
NetworkRewiring_Test,21,380,1,defect,1.1379310344827587,lra_q
NetworkRewiring_Test,21,380,2,defect,1.1379310344827587,lra_q
NetworkRewiring_Test,21,380,3,defect,1.1379310344827587,lra_q
NetworkRewiring_Test,21,380,4,cooperate,0.20689655172413793,lra_q
NetworkRewiring_Test,21,380,5,cooperate,0.20689655172413793,lra_q
NetworkRewiring_Test,21,380,6,defect,1.2758620689655173,lra_q
NetworkRewiring_Test,21,380,7,defect,1.2758620689655173,lra_q
NetworkRewiring_Test,21,380,8,defect,1.1379310344827587,lra_q
NetworkRewiring_Test,21,380,9,defect,1.1379310344827587,lra_q
NetworkRewiring_Test,21,380,10,cooperate,0.20689655172413793,lra_q
NetworkRewiring_Test,21,380,11,defect,1.0,lra_q
NetworkRewiring_Test,21,380,12,defect,1.1379310344827587,lra_q
NetworkRewiring_Test,21,380,13,defect,1.0,lra_q
NetworkRewiring_Test,21,380,14,defect,1.1379310344827587,lra_q
NetworkRewiring_Test,21,380,15,defect,1.2758620689655173,tit_for_tat
NetworkRewiring_Test,21,380,16,cooperate,0.20689655172413793,tit_for_tat
NetworkRewiring_Test,21,380,17,cooperate,0.20689655172413793,tit_for_tat
NetworkRewiring_Test,21,380,18,cooperate,0.20689655172413793,tit_for_tat
NetworkRewiring_Test,21,380,19,defect,1.2758620689655173,tit_for_tat
NetworkRewiring_Test,21,380,20,defect,1.1379310344827587,tit_for_tat
NetworkRewiring_Test,21,380,21,defect,1.0,tit_for_tat
NetworkRewiring_Test,21,380,22,defect,1.1379310344827587,tit_for_tat
NetworkRewiring_Test,21,380,23,defect,1.1379310344827587,tit_for_tat
NetworkRewiring_Test,21,380,24,cooperate,0.0,tit_for_tat
NetworkRewiring_Test,21,380,25,cooperate,0.3103448275862069,tit_for_tat
NetworkRewiring_Test,21,380,26,defect,1.1379310344827587,tit_for_tat
NetworkRewiring_Test,21,380,27,cooperate,0.10344827586206896,tit_for_tat
NetworkRewiring_Test,21,380,28,defect,1.4137931034482758,tit_for_tat
NetworkRewiring_Test,21,380,29,defect,1.2758620689655173,tit_for_tat
NetworkRewiring_Test,21,381,0,cooperate,0.10344827586206896,lra_q
NetworkRewiring_Test,21,381,1,cooperate,0.0,lra_q
NetworkRewiring_Test,21,381,2,cooperate,0.20689655172413793,lra_q
NetworkRewiring_Test,21,381,3,defect,1.1379310344827587,lra_q
NetworkRewiring_Test,21,381,4,defect,1.1379310344827587,lra_q
NetworkRewiring_Test,21,381,5,defect,1.4137931034482758,lra_q
NetworkRewiring_Test,21,381,6,cooperate,0.10344827586206896,lra_q
NetworkRewiring_Test,21,381,7,defect,1.0,lra_q
NetworkRewiring_Test,21,381,8,defect,1.2758620689655173,lra_q
NetworkRewiring_Test,21,381,9,defect,1.1379310344827587,lra_q
NetworkRewiring_Test,21,381,10,cooperate,0.0,lra_q
NetworkRewiring_Test,21,381,11,defect,1.1379310344827587,lra_q
NetworkRewiring_Test,21,381,12,defect,1.0,lra_q
NetworkRewiring_Test,21,381,13,defect,1.1379310344827587,lra_q
NetworkRewiring_Test,21,381,14,defect,1.1379310344827587,lra_q
NetworkRewiring_Test,21,381,15,defect,1.2758620689655173,tit_for_tat
NetworkRewiring_Test,21,381,16,cooperate,0.3103448275862069,tit_for_tat
NetworkRewiring_Test,21,381,17,defect,1.2758620689655173,tit_for_tat
NetworkRewiring_Test,21,381,18,cooperate,0.20689655172413793,tit_for_tat
NetworkRewiring_Test,21,381,19,defect,1.4137931034482758,tit_for_tat
NetworkRewiring_Test,21,381,20,cooperate,0.10344827586206896,tit_for_tat
NetworkRewiring_Test,21,381,21,defect,1.0,tit_for_tat
NetworkRewiring_Test,21,381,22,defect,1.4137931034482758,tit_for_tat
NetworkRewiring_Test,21,381,23,cooperate,0.10344827586206896,tit_for_tat
NetworkRewiring_Test,21,381,24,defect,1.1379310344827587,tit_for_tat
NetworkRewiring_Test,21,381,25,defect,1.2758620689655173,tit_for_tat
NetworkRewiring_Test,21,381,26,defect,1.1379310344827587,tit_for_tat
NetworkRewiring_Test,21,381,27,defect,1.1379310344827587,tit_for_tat
NetworkRewiring_Test,21,381,28,cooperate,0.10344827586206896,tit_for_tat
NetworkRewiring_Test,21,381,29,defect,1.2758620689655173,tit_for_tat
NetworkRewiring_Test,21,382,0,cooperate,0.0,lra_q
NetworkRewiring_Test,21,382,1,defect,1.1379310344827587,lra_q
NetworkRewiring_Test,21,382,2,defect,1.2758620689655173,lra_q
NetworkRewiring_Test,21,382,3,defect,1.0,lra_q
NetworkRewiring_Test,21,382,4,cooperate,0.0,lra_q
NetworkRewiring_Test,21,382,5,defect,1.2758620689655173,lra_q
NetworkRewiring_Test,21,382,6,defect,1.1379310344827587,lra_q
NetworkRewiring_Test,21,382,7,defect,1.0,lra_q
NetworkRewiring_Test,21,382,8,defect,1.2758620689655173,lra_q
NetworkRewiring_Test,21,382,9,defect,1.1379310344827587,lra_q
NetworkRewiring_Test,21,382,10,cooperate,0.0,lra_q
NetworkRewiring_Test,21,382,11,defect,1.0,lra_q
NetworkRewiring_Test,21,382,12,defect,1.0,lra_q
NetworkRewiring_Test,21,382,13,defect,1.0,lra_q
NetworkRewiring_Test,21,382,14,defect,1.1379310344827587,lra_q
NetworkRewiring_Test,21,382,15,defect,1.2758620689655173,tit_for_tat
NetworkRewiring_Test,21,382,16,cooperate,0.0,tit_for_tat
NetworkRewiring_Test,21,382,17,defect,1.1379310344827587,tit_for_tat
NetworkRewiring_Test,21,382,18,defect,1.2758620689655173,tit_for_tat
NetworkRewiring_Test,21,382,19,defect,1.1379310344827587,tit_for_tat
NetworkRewiring_Test,21,382,20,cooperate,0.0,tit_for_tat
NetworkRewiring_Test,21,382,21,defect,1.0,tit_for_tat
NetworkRewiring_Test,21,382,22,defect,1.4137931034482758,tit_for_tat
NetworkRewiring_Test,21,382,23,defect,1.1379310344827587,tit_for_tat
NetworkRewiring_Test,21,382,24,cooperate,0.0,tit_for_tat
NetworkRewiring_Test,21,382,25,defect,1.5517241379310345,tit_for_tat
NetworkRewiring_Test,21,382,26,defect,1.1379310344827587,tit_for_tat
NetworkRewiring_Test,21,382,27,defect,1.1379310344827587,tit_for_tat
NetworkRewiring_Test,21,382,28,defect,1.2758620689655173,tit_for_tat
NetworkRewiring_Test,21,382,29,cooperate,0.0,tit_for_tat
NetworkRewiring_Test,21,383,0,cooperate,0.41379310344827586,lra_q
NetworkRewiring_Test,21,383,1,defect,1.1379310344827587,lra_q
NetworkRewiring_Test,21,383,2,defect,1.2758620689655173,lra_q
NetworkRewiring_Test,21,383,3,defect,1.0,lra_q
NetworkRewiring_Test,21,383,4,cooperate,0.10344827586206896,lra_q
NetworkRewiring_Test,21,383,5,defect,1.2758620689655173,lra_q
NetworkRewiring_Test,21,383,6,defect,1.0,lra_q
NetworkRewiring_Test,21,383,7,defect,1.1379310344827587,lra_q
NetworkRewiring_Test,21,383,8,cooperate,0.20689655172413793,lra_q
NetworkRewiring_Test,21,383,9,defect,1.1379310344827587,lra_q
NetworkRewiring_Test,21,383,10,cooperate,0.3103448275862069,lra_q
NetworkRewiring_Test,21,383,11,defect,1.1379310344827587,lra_q
NetworkRewiring_Test,21,383,12,defect,1.1379310344827587,lra_q
NetworkRewiring_Test,21,383,13,defect,1.0,lra_q
NetworkRewiring_Test,21,383,14,defect,1.2758620689655173,lra_q
NetworkRewiring_Test,21,383,15,cooperate,0.20689655172413793,tit_for_tat
NetworkRewiring_Test,21,383,16,defect,1.1379310344827587,tit_for_tat
NetworkRewiring_Test,21,383,17,defect,1.1379310344827587,tit_for_tat
NetworkRewiring_Test,21,383,18,defect,1.0,tit_for_tat
NetworkRewiring_Test,21,383,19,defect,1.1379310344827587,tit_for_tat
NetworkRewiring_Test,21,383,20,defect,1.1379310344827587,tit_for_tat
NetworkRewiring_Test,21,383,21,defect,1.1379310344827587,tit_for_tat
NetworkRewiring_Test,21,383,22,cooperate,0.3103448275862069,tit_for_tat
NetworkRewiring_Test,21,383,23,cooperate,0.0,tit_for_tat
NetworkRewiring_Test,21,383,24,defect,1.2758620689655173,tit_for_tat
NetworkRewiring_Test,21,383,25,cooperate,0.3103448275862069,tit_for_tat
NetworkRewiring_Test,21,383,26,cooperate,0.0,tit_for_tat
NetworkRewiring_Test,21,383,27,defect,1.1379310344827587,tit_for_tat
NetworkRewiring_Test,21,383,28,defect,1.1379310344827587,tit_for_tat
NetworkRewiring_Test,21,383,29,defect,1.1379310344827587,tit_for_tat
NetworkRewiring_Test,21,384,0,defect,1.2758620689655173,lra_q
NetworkRewiring_Test,21,384,1,defect,1.1379310344827587,lra_q
NetworkRewiring_Test,21,384,2,defect,1.0,lra_q
NetworkRewiring_Test,21,384,3,defect,1.0,lra_q
NetworkRewiring_Test,21,384,4,cooperate,0.0,lra_q
NetworkRewiring_Test,21,384,5,defect,1.1379310344827587,lra_q
NetworkRewiring_Test,21,384,6,defect,1.0,lra_q
NetworkRewiring_Test,21,384,7,defect,1.1379310344827587,lra_q
NetworkRewiring_Test,21,384,8,cooperate,0.0,lra_q
NetworkRewiring_Test,21,384,9,defect,1.0,lra_q
NetworkRewiring_Test,21,384,10,defect,1.4137931034482758,lra_q
NetworkRewiring_Test,21,384,11,defect,1.1379310344827587,lra_q
NetworkRewiring_Test,21,384,12,defect,1.0,lra_q
NetworkRewiring_Test,21,384,13,defect,1.1379310344827587,lra_q
NetworkRewiring_Test,21,384,14,cooperate,0.0,lra_q
NetworkRewiring_Test,21,384,15,defect,1.2758620689655173,tit_for_tat
NetworkRewiring_Test,21,384,16,defect,1.0,tit_for_tat
NetworkRewiring_Test,21,384,17,defect,1.1379310344827587,tit_for_tat
NetworkRewiring_Test,21,384,18,defect,1.1379310344827587,tit_for_tat
NetworkRewiring_Test,21,384,19,defect,1.2758620689655173,tit_for_tat
NetworkRewiring_Test,21,384,20,cooperate,0.10344827586206896,tit_for_tat
NetworkRewiring_Test,21,384,21,cooperate,0.10344827586206896,tit_for_tat
NetworkRewiring_Test,21,384,22,cooperate,0.20689655172413793,tit_for_tat
NetworkRewiring_Test,21,384,23,defect,1.1379310344827587,tit_for_tat
NetworkRewiring_Test,21,384,24,cooperate,0.0,tit_for_tat
NetworkRewiring_Test,21,384,25,defect,1.2758620689655173,tit_for_tat
NetworkRewiring_Test,21,384,26,defect,1.1379310344827587,tit_for_tat
NetworkRewiring_Test,21,384,27,cooperate,0.0,tit_for_tat
NetworkRewiring_Test,21,384,28,defect,1.1379310344827587,tit_for_tat
NetworkRewiring_Test,21,384,29,defect,1.1379310344827587,tit_for_tat
NetworkRewiring_Test,21,385,0,defect,1.1379310344827587,lra_q
NetworkRewiring_Test,21,385,1,defect,1.1379310344827587,lra_q
NetworkRewiring_Test,21,385,2,cooperate,0.20689655172413793,lra_q
NetworkRewiring_Test,21,385,3,defect,1.1379310344827587,lra_q
NetworkRewiring_Test,21,385,4,cooperate,0.10344827586206896,lra_q
NetworkRewiring_Test,21,385,5,cooperate,0.3103448275862069,lra_q
NetworkRewiring_Test,21,385,6,cooperate,0.10344827586206896,lra_q
NetworkRewiring_Test,21,385,7,defect,1.1379310344827587,lra_q
NetworkRewiring_Test,21,385,8,defect,1.0,lra_q
NetworkRewiring_Test,21,385,9,defect,1.0,lra_q
NetworkRewiring_Test,21,385,10,defect,1.2758620689655173,lra_q
NetworkRewiring_Test,21,385,11,defect,1.1379310344827587,lra_q
NetworkRewiring_Test,21,385,12,defect,1.1379310344827587,lra_q
NetworkRewiring_Test,21,385,13,defect,1.2758620689655173,lra_q
NetworkRewiring_Test,21,385,14,cooperate,0.0,lra_q
NetworkRewiring_Test,21,385,15,defect,1.1379310344827587,tit_for_tat
NetworkRewiring_Test,21,385,16,defect,1.2758620689655173,tit_for_tat
NetworkRewiring_Test,21,385,17,defect,1.1379310344827587,tit_for_tat
NetworkRewiring_Test,21,385,18,defect,1.1379310344827587,tit_for_tat
NetworkRewiring_Test,21,385,19,defect,1.4137931034482758,tit_for_tat
NetworkRewiring_Test,21,385,20,cooperate,0.0,tit_for_tat
NetworkRewiring_Test,21,385,21,defect,1.0,tit_for_tat
NetworkRewiring_Test,21,385,22,defect,1.1379310344827587,tit_for_tat
NetworkRewiring_Test,21,385,23,cooperate,0.10344827586206896,tit_for_tat
NetworkRewiring_Test,21,385,24,defect,1.2758620689655173,tit_for_tat
NetworkRewiring_Test,21,385,25,defect,1.1379310344827587,tit_for_tat
NetworkRewiring_Test,21,385,26,cooperate,0.10344827586206896,tit_for_tat
NetworkRewiring_Test,21,385,27,defect,1.1379310344827587,tit_for_tat
NetworkRewiring_Test,21,385,28,cooperate,0.10344827586206896,tit_for_tat
NetworkRewiring_Test,21,385,29,defect,1.2758620689655173,tit_for_tat
NetworkRewiring_Test,21,386,0,cooperate,0.0,lra_q
NetworkRewiring_Test,21,386,1,defect,1.1379310344827587,lra_q
NetworkRewiring_Test,21,386,2,defect,1.2758620689655173,lra_q
NetworkRewiring_Test,21,386,3,defect,1.0,lra_q
NetworkRewiring_Test,21,386,4,cooperate,0.0,lra_q
NetworkRewiring_Test,21,386,5,defect,1.2758620689655173,lra_q
NetworkRewiring_Test,21,386,6,defect,1.0,lra_q
NetworkRewiring_Test,21,386,7,defect,1.0,lra_q
NetworkRewiring_Test,21,386,8,defect,1.2758620689655173,lra_q
NetworkRewiring_Test,21,386,9,defect,1.1379310344827587,lra_q
NetworkRewiring_Test,21,386,10,cooperate,0.10344827586206896,lra_q
NetworkRewiring_Test,21,386,11,defect,1.0,lra_q
NetworkRewiring_Test,21,386,12,defect,1.0,lra_q
NetworkRewiring_Test,21,386,13,defect,1.1379310344827587,lra_q
NetworkRewiring_Test,21,386,14,cooperate,0.10344827586206896,lra_q
NetworkRewiring_Test,21,386,15,defect,1.2758620689655173,tit_for_tat
NetworkRewiring_Test,21,386,16,defect,1.0,tit_for_tat
NetworkRewiring_Test,21,386,17,defect,1.1379310344827587,tit_for_tat
NetworkRewiring_Test,21,386,18,defect,1.0,tit_for_tat
NetworkRewiring_Test,21,386,19,defect,1.0,tit_for_tat
NetworkRewiring_Test,21,386,20,defect,1.0,tit_for_tat
NetworkRewiring_Test,21,386,21,defect,1.0,tit_for_tat
NetworkRewiring_Test,21,386,22,defect,1.2758620689655173,tit_for_tat
NetworkRewiring_Test,21,386,23,cooperate,0.10344827586206896,tit_for_tat
NetworkRewiring_Test,21,386,24,cooperate,0.10344827586206896,tit_for_tat
NetworkRewiring_Test,21,386,25,defect,1.6896551724137931,tit_for_tat
NetworkRewiring_Test,21,386,26,defect,1.1379310344827587,tit_for_tat
NetworkRewiring_Test,21,386,27,cooperate,0.10344827586206896,tit_for_tat
NetworkRewiring_Test,21,386,28,defect,1.4137931034482758,tit_for_tat
NetworkRewiring_Test,21,386,29,cooperate,0.10344827586206896,tit_for_tat
NetworkRewiring_Test,21,387,0,cooperate,0.41379310344827586,lra_q
NetworkRewiring_Test,21,387,1,defect,1.1379310344827587,lra_q
NetworkRewiring_Test,21,387,2,defect,1.4137931034482758,lra_q
NetworkRewiring_Test,21,387,3,defect,1.1379310344827587,lra_q
NetworkRewiring_Test,21,387,4,cooperate,0.10344827586206896,lra_q
NetworkRewiring_Test,21,387,5,defect,1.4137931034482758,lra_q
NetworkRewiring_Test,21,387,6,defect,1.0,lra_q
NetworkRewiring_Test,21,387,7,defect,1.1379310344827587,lra_q
NetworkRewiring_Test,21,387,8,cooperate,0.3103448275862069,lra_q
NetworkRewiring_Test,21,387,9,defect,1.2758620689655173,lra_q
NetworkRewiring_Test,21,387,10,cooperate,0.3103448275862069,lra_q
NetworkRewiring_Test,21,387,11,cooperate,0.10344827586206896,lra_q
NetworkRewiring_Test,21,387,12,defect,1.1379310344827587,lra_q
NetworkRewiring_Test,21,387,13,defect,1.0,lra_q
NetworkRewiring_Test,21,387,14,defect,1.1379310344827587,lra_q
NetworkRewiring_Test,21,387,15,defect,1.2758620689655173,tit_for_tat
NetworkRewiring_Test,21,387,16,defect,1.0,tit_for_tat
NetworkRewiring_Test,21,387,17,defect,1.0,tit_for_tat
NetworkRewiring_Test,21,387,18,defect,1.0,tit_for_tat
NetworkRewiring_Test,21,387,19,defect,1.1379310344827587,tit_for_tat
NetworkRewiring_Test,21,387,20,defect,1.1379310344827587,tit_for_tat
NetworkRewiring_Test,21,387,21,defect,1.1379310344827587,tit_for_tat
NetworkRewiring_Test,21,387,22,cooperate,0.20689655172413793,tit_for_tat
NetworkRewiring_Test,21,387,23,cooperate,0.10344827586206896,tit_for_tat
NetworkRewiring_Test,21,387,24,cooperate,0.20689655172413793,tit_for_tat
NetworkRewiring_Test,21,387,25,cooperate,0.3103448275862069,tit_for_tat
NetworkRewiring_Test,21,387,26,cooperate,0.10344827586206896,tit_for_tat
NetworkRewiring_Test,21,387,27,defect,1.2758620689655173,tit_for_tat
NetworkRewiring_Test,21,387,28,cooperate,0.10344827586206896,tit_for_tat
NetworkRewiring_Test,21,387,29,defect,1.2758620689655173,tit_for_tat
NetworkRewiring_Test,21,388,0,defect,1.1379310344827587,lra_q
NetworkRewiring_Test,21,388,1,defect,1.2758620689655173,lra_q
NetworkRewiring_Test,21,388,2,defect,1.1379310344827587,lra_q
NetworkRewiring_Test,21,388,3,cooperate,0.0,lra_q
NetworkRewiring_Test,21,388,4,cooperate,0.0,lra_q
NetworkRewiring_Test,21,388,5,defect,1.4137931034482758,lra_q
NetworkRewiring_Test,21,388,6,defect,1.0,lra_q
NetworkRewiring_Test,21,388,7,defect,1.1379310344827587,lra_q
NetworkRewiring_Test,21,388,8,defect,1.0,lra_q
NetworkRewiring_Test,21,388,9,cooperate,0.0,lra_q
NetworkRewiring_Test,21,388,10,defect,1.2758620689655173,lra_q
NetworkRewiring_Test,21,388,11,defect,1.4137931034482758,lra_q
NetworkRewiring_Test,21,388,12,cooperate,0.0,lra_q
NetworkRewiring_Test,21,388,13,defect,1.0,lra_q
NetworkRewiring_Test,21,388,14,defect,1.0,lra_q
NetworkRewiring_Test,21,388,15,defect,1.2758620689655173,tit_for_tat
NetworkRewiring_Test,21,388,16,defect,1.0,tit_for_tat
NetworkRewiring_Test,21,388,17,defect,1.0,tit_for_tat
NetworkRewiring_Test,21,388,18,defect,1.0,tit_for_tat
NetworkRewiring_Test,21,388,19,defect,1.1379310344827587,tit_for_tat
NetworkRewiring_Test,21,388,20,defect,1.1379310344827587,tit_for_tat
NetworkRewiring_Test,21,388,21,cooperate,0.10344827586206896,tit_for_tat
NetworkRewiring_Test,21,388,22,cooperate,0.10344827586206896,tit_for_tat
NetworkRewiring_Test,21,388,23,defect,1.1379310344827587,tit_for_tat
NetworkRewiring_Test,21,388,24,cooperate,0.0,tit_for_tat
NetworkRewiring_Test,21,388,25,defect,1.4137931034482758,tit_for_tat
NetworkRewiring_Test,21,388,26,defect,1.1379310344827587,tit_for_tat
NetworkRewiring_Test,21,388,27,cooperate,0.10344827586206896,tit_for_tat
NetworkRewiring_Test,21,388,28,defect,1.2758620689655173,tit_for_tat
NetworkRewiring_Test,21,388,29,cooperate,0.10344827586206896,tit_for_tat
NetworkRewiring_Test,21,389,0,cooperate,0.10344827586206896,lra_q
NetworkRewiring_Test,21,389,1,defect,1.1379310344827587,lra_q
NetworkRewiring_Test,21,389,2,cooperate,0.10344827586206896,lra_q
NetworkRewiring_Test,21,389,3,defect,1.1379310344827587,lra_q
NetworkRewiring_Test,21,389,4,cooperate,0.10344827586206896,lra_q
NetworkRewiring_Test,21,389,5,defect,1.2758620689655173,lra_q
NetworkRewiring_Test,21,389,6,defect,1.0,lra_q
NetworkRewiring_Test,21,389,7,defect,1.0,lra_q
NetworkRewiring_Test,21,389,8,defect,1.4137931034482758,lra_q
NetworkRewiring_Test,21,389,9,defect,1.2758620689655173,lra_q
NetworkRewiring_Test,21,389,10,cooperate,0.20689655172413793,lra_q
NetworkRewiring_Test,21,389,11,cooperate,0.10344827586206896,lra_q
NetworkRewiring_Test,21,389,12,defect,1.1379310344827587,lra_q
NetworkRewiring_Test,21,389,13,defect,1.1379310344827587,lra_q
NetworkRewiring_Test,21,389,14,cooperate,0.10344827586206896,lra_q
NetworkRewiring_Test,21,389,15,defect,1.2758620689655173,tit_for_tat
NetworkRewiring_Test,21,389,16,defect,1.1379310344827587,tit_for_tat
NetworkRewiring_Test,21,389,17,defect,1.1379310344827587,tit_for_tat
NetworkRewiring_Test,21,389,18,defect,1.1379310344827587,tit_for_tat
NetworkRewiring_Test,21,389,19,defect,1.1379310344827587,tit_for_tat
NetworkRewiring_Test,21,389,20,cooperate,0.0,tit_for_tat
NetworkRewiring_Test,21,389,21,defect,1.0,tit_for_tat
NetworkRewiring_Test,21,389,22,defect,1.4137931034482758,tit_for_tat
NetworkRewiring_Test,21,389,23,defect,1.1379310344827587,tit_for_tat
NetworkRewiring_Test,21,389,24,defect,1.0,tit_for_tat
NetworkRewiring_Test,21,389,25,cooperate,0.3103448275862069,tit_for_tat
NetworkRewiring_Test,21,389,26,defect,1.1379310344827587,tit_for_tat
NetworkRewiring_Test,21,389,27,defect,1.1379310344827587,tit_for_tat
NetworkRewiring_Test,21,389,28,defect,1.1379310344827587,tit_for_tat
NetworkRewiring_Test,21,389,29,defect,1.2758620689655173,tit_for_tat
NetworkRewiring_Test,21,390,0,defect,1.2758620689655173,lra_q
NetworkRewiring_Test,21,390,1,defect,1.1379310344827587,lra_q
NetworkRewiring_Test,21,390,2,cooperate,0.0,lra_q
NetworkRewiring_Test,21,390,3,defect,1.0,lra_q
NetworkRewiring_Test,21,390,4,cooperate,0.10344827586206896,lra_q
NetworkRewiring_Test,21,390,5,defect,1.2758620689655173,lra_q
NetworkRewiring_Test,21,390,6,defect,1.0,lra_q
NetworkRewiring_Test,21,390,7,defect,1.0,lra_q
NetworkRewiring_Test,21,390,8,defect,1.1379310344827587,lra_q
NetworkRewiring_Test,21,390,9,defect,1.1379310344827587,lra_q
NetworkRewiring_Test,21,390,10,cooperate,0.20689655172413793,lra_q
NetworkRewiring_Test,21,390,11,defect,1.1379310344827587,lra_q
NetworkRewiring_Test,21,390,12,defect,1.0,lra_q
NetworkRewiring_Test,21,390,13,defect,1.0,lra_q
NetworkRewiring_Test,21,390,14,defect,1.1379310344827587,lra_q
NetworkRewiring_Test,21,390,15,defect,1.1379310344827587,tit_for_tat
NetworkRewiring_Test,21,390,16,defect,1.1379310344827587,tit_for_tat
NetworkRewiring_Test,21,390,17,defect,1.0,tit_for_tat
NetworkRewiring_Test,21,390,18,defect,1.0,tit_for_tat
NetworkRewiring_Test,21,390,19,defect,1.0,tit_for_tat
NetworkRewiring_Test,21,390,20,defect,1.1379310344827587,tit_for_tat
NetworkRewiring_Test,21,390,21,defect,1.1379310344827587,tit_for_tat
NetworkRewiring_Test,21,390,22,cooperate,0.10344827586206896,tit_for_tat
NetworkRewiring_Test,21,390,23,defect,1.1379310344827587,tit_for_tat
NetworkRewiring_Test,21,390,24,defect,1.0,tit_for_tat
NetworkRewiring_Test,21,390,25,cooperate,0.3103448275862069,tit_for_tat
NetworkRewiring_Test,21,390,26,defect,1.1379310344827587,tit_for_tat
NetworkRewiring_Test,21,390,27,cooperate,0.10344827586206896,tit_for_tat
NetworkRewiring_Test,21,390,28,defect,1.1379310344827587,tit_for_tat
NetworkRewiring_Test,21,390,29,defect,1.4137931034482758,tit_for_tat
NetworkRewiring_Test,21,391,0,defect,1.0,lra_q
NetworkRewiring_Test,21,391,1,defect,1.1379310344827587,lra_q
NetworkRewiring_Test,21,391,2,cooperate,0.3103448275862069,lra_q
NetworkRewiring_Test,21,391,3,defect,1.0,lra_q
NetworkRewiring_Test,21,391,4,cooperate,0.0,lra_q
NetworkRewiring_Test,21,391,5,defect,1.2758620689655173,lra_q
NetworkRewiring_Test,21,391,6,defect,1.1379310344827587,lra_q
NetworkRewiring_Test,21,391,7,defect,1.1379310344827587,lra_q
NetworkRewiring_Test,21,391,8,defect,1.1379310344827587,lra_q
NetworkRewiring_Test,21,391,9,cooperate,0.10344827586206896,lra_q
NetworkRewiring_Test,21,391,10,cooperate,0.10344827586206896,lra_q
NetworkRewiring_Test,21,391,11,defect,1.2758620689655173,lra_q
NetworkRewiring_Test,21,391,12,defect,1.0,lra_q
NetworkRewiring_Test,21,391,13,defect,1.0,lra_q
NetworkRewiring_Test,21,391,14,defect,1.1379310344827587,lra_q
NetworkRewiring_Test,21,391,15,defect,1.1379310344827587,tit_for_tat
NetworkRewiring_Test,21,391,16,cooperate,0.10344827586206896,tit_for_tat
NetworkRewiring_Test,21,391,17,defect,1.1379310344827587,tit_for_tat
NetworkRewiring_Test,21,391,18,defect,1.1379310344827587,tit_for_tat
NetworkRewiring_Test,21,391,19,defect,1.1379310344827587,tit_for_tat
NetworkRewiring_Test,21,391,20,defect,1.0,tit_for_tat
NetworkRewiring_Test,21,391,21,defect,1.0,tit_for_tat
NetworkRewiring_Test,21,391,22,defect,1.1379310344827587,tit_for_tat
NetworkRewiring_Test,21,391,23,defect,1.1379310344827587,tit_for_tat
NetworkRewiring_Test,21,391,24,defect,1.1379310344827587,tit_for_tat
NetworkRewiring_Test,21,391,25,defect,1.5517241379310345,tit_for_tat
NetworkRewiring_Test,21,391,26,cooperate,0.10344827586206896,tit_for_tat
NetworkRewiring_Test,21,391,27,cooperate,0.10344827586206896,tit_for_tat
NetworkRewiring_Test,21,391,28,defect,1.2758620689655173,tit_for_tat
NetworkRewiring_Test,21,391,29,cooperate,0.20689655172413793,tit_for_tat
NetworkRewiring_Test,21,392,0,cooperate,0.20689655172413793,lra_q
NetworkRewiring_Test,21,392,1,defect,1.2758620689655173,lra_q
NetworkRewiring_Test,21,392,2,defect,1.1379310344827587,lra_q
NetworkRewiring_Test,21,392,3,cooperate,0.0,lra_q
NetworkRewiring_Test,21,392,4,cooperate,0.10344827586206896,lra_q
NetworkRewiring_Test,21,392,5,defect,1.5517241379310345,lra_q
NetworkRewiring_Test,21,392,6,defect,1.0,lra_q
NetworkRewiring_Test,21,392,7,defect,1.1379310344827587,lra_q
NetworkRewiring_Test,21,392,8,defect,1.2758620689655173,lra_q
NetworkRewiring_Test,21,392,9,cooperate,0.10344827586206896,lra_q
NetworkRewiring_Test,21,392,10,cooperate,0.20689655172413793,lra_q
NetworkRewiring_Test,21,392,11,defect,1.2758620689655173,lra_q
NetworkRewiring_Test,21,392,12,defect,1.0,lra_q
NetworkRewiring_Test,21,392,13,defect,1.0,lra_q
NetworkRewiring_Test,21,392,14,defect,1.1379310344827587,lra_q
NetworkRewiring_Test,21,392,15,defect,1.1379310344827587,tit_for_tat
NetworkRewiring_Test,21,392,16,defect,1.0,tit_for_tat
NetworkRewiring_Test,21,392,17,defect,1.0,tit_for_tat
NetworkRewiring_Test,21,392,18,defect,1.0,tit_for_tat
NetworkRewiring_Test,21,392,19,defect,1.0,tit_for_tat
NetworkRewiring_Test,21,392,20,defect,1.0,tit_for_tat
NetworkRewiring_Test,21,392,21,defect,1.0,tit_for_tat
NetworkRewiring_Test,21,392,22,defect,1.2758620689655173,tit_for_tat
NetworkRewiring_Test,21,392,23,defect,1.0,tit_for_tat
NetworkRewiring_Test,21,392,24,defect,1.0,tit_for_tat
NetworkRewiring_Test,21,392,25,cooperate,0.41379310344827586,tit_for_tat
NetworkRewiring_Test,21,392,26,defect,1.0,tit_for_tat
NetworkRewiring_Test,21,392,27,defect,1.4137931034482758,tit_for_tat
NetworkRewiring_Test,21,392,28,cooperate,0.20689655172413793,tit_for_tat
NetworkRewiring_Test,21,392,29,cooperate,0.20689655172413793,tit_for_tat
NetworkRewiring_Test,21,393,0,cooperate,0.20689655172413793,lra_q
NetworkRewiring_Test,21,393,1,defect,1.1379310344827587,lra_q
NetworkRewiring_Test,21,393,2,cooperate,0.0,lra_q
NetworkRewiring_Test,21,393,3,defect,1.0,lra_q
NetworkRewiring_Test,21,393,4,cooperate,0.0,lra_q
NetworkRewiring_Test,21,393,5,defect,1.5517241379310345,lra_q
NetworkRewiring_Test,21,393,6,defect,1.0,lra_q
NetworkRewiring_Test,21,393,7,cooperate,0.10344827586206896,lra_q
NetworkRewiring_Test,21,393,8,cooperate,0.3103448275862069,lra_q
NetworkRewiring_Test,21,393,9,defect,1.2758620689655173,lra_q
NetworkRewiring_Test,21,393,10,cooperate,0.10344827586206896,lra_q
NetworkRewiring_Test,21,393,11,defect,1.2758620689655173,lra_q
NetworkRewiring_Test,21,393,12,defect,1.0,lra_q
NetworkRewiring_Test,21,393,13,defect,1.0,lra_q
NetworkRewiring_Test,21,393,14,defect,1.1379310344827587,lra_q
NetworkRewiring_Test,21,393,15,defect,1.1379310344827587,tit_for_tat
NetworkRewiring_Test,21,393,16,defect,1.1379310344827587,tit_for_tat
NetworkRewiring_Test,21,393,17,defect,1.1379310344827587,tit_for_tat
NetworkRewiring_Test,21,393,18,defect,1.0,tit_for_tat
NetworkRewiring_Test,21,393,19,defect,1.0,tit_for_tat
NetworkRewiring_Test,21,393,20,defect,1.0,tit_for_tat
NetworkRewiring_Test,21,393,21,defect,1.0,tit_for_tat
NetworkRewiring_Test,21,393,22,defect,1.2758620689655173,tit_for_tat
NetworkRewiring_Test,21,393,23,defect,1.1379310344827587,tit_for_tat
NetworkRewiring_Test,21,393,24,defect,1.0,tit_for_tat
NetworkRewiring_Test,21,393,25,defect,1.5517241379310345,tit_for_tat
NetworkRewiring_Test,21,393,26,defect,1.1379310344827587,tit_for_tat
NetworkRewiring_Test,21,393,27,cooperate,0.10344827586206896,tit_for_tat
NetworkRewiring_Test,21,393,28,cooperate,0.20689655172413793,tit_for_tat
NetworkRewiring_Test,21,393,29,defect,1.4137931034482758,tit_for_tat
NetworkRewiring_Test,21,394,0,defect,1.2758620689655173,lra_q
NetworkRewiring_Test,21,394,1,defect,1.1379310344827587,lra_q
NetworkRewiring_Test,21,394,2,cooperate,0.3103448275862069,lra_q
NetworkRewiring_Test,21,394,3,defect,1.1379310344827587,lra_q
NetworkRewiring_Test,21,394,4,cooperate,0.10344827586206896,lra_q
NetworkRewiring_Test,21,394,5,defect,1.4137931034482758,lra_q
NetworkRewiring_Test,21,394,6,defect,1.1379310344827587,lra_q
NetworkRewiring_Test,21,394,7,defect,1.0,lra_q
NetworkRewiring_Test,21,394,8,defect,1.2758620689655173,lra_q
NetworkRewiring_Test,21,394,9,defect,1.2758620689655173,lra_q
NetworkRewiring_Test,21,394,10,cooperate,0.10344827586206896,lra_q
NetworkRewiring_Test,21,394,11,cooperate,0.10344827586206896,lra_q
NetworkRewiring_Test,21,394,12,defect,1.1379310344827587,lra_q
NetworkRewiring_Test,21,394,13,defect,1.0,lra_q
NetworkRewiring_Test,21,394,14,defect,1.1379310344827587,lra_q
NetworkRewiring_Test,21,394,15,defect,1.1379310344827587,tit_for_tat
NetworkRewiring_Test,21,394,16,cooperate,0.10344827586206896,tit_for_tat
NetworkRewiring_Test,21,394,17,defect,1.1379310344827587,tit_for_tat
NetworkRewiring_Test,21,394,18,defect,1.1379310344827587,tit_for_tat
NetworkRewiring_Test,21,394,19,defect,1.0,tit_for_tat
NetworkRewiring_Test,21,394,20,defect,1.0,tit_for_tat
NetworkRewiring_Test,21,394,21,defect,1.0,tit_for_tat
NetworkRewiring_Test,21,394,22,defect,1.1379310344827587,tit_for_tat
NetworkRewiring_Test,21,394,23,cooperate,0.10344827586206896,tit_for_tat
NetworkRewiring_Test,21,394,24,defect,1.1379310344827587,tit_for_tat
NetworkRewiring_Test,21,394,25,cooperate,0.3103448275862069,tit_for_tat
NetworkRewiring_Test,21,394,26,defect,1.1379310344827587,tit_for_tat
NetworkRewiring_Test,21,394,27,cooperate,0.20689655172413793,tit_for_tat
NetworkRewiring_Test,21,394,28,cooperate,0.10344827586206896,tit_for_tat
NetworkRewiring_Test,21,394,29,defect,1.5517241379310345,tit_for_tat
NetworkRewiring_Test,21,395,0,defect,1.2758620689655173,lra_q
NetworkRewiring_Test,21,395,1,cooperate,0.10344827586206896,lra_q
NetworkRewiring_Test,21,395,2,defect,1.2758620689655173,lra_q
NetworkRewiring_Test,21,395,3,defect,1.1379310344827587,lra_q
NetworkRewiring_Test,21,395,4,cooperate,0.20689655172413793,lra_q
NetworkRewiring_Test,21,395,5,defect,1.2758620689655173,lra_q
NetworkRewiring_Test,21,395,6,defect,1.1379310344827587,lra_q
NetworkRewiring_Test,21,395,7,defect,1.1379310344827587,lra_q
NetworkRewiring_Test,21,395,8,cooperate,0.10344827586206896,lra_q
NetworkRewiring_Test,21,395,9,defect,1.1379310344827587,lra_q
NetworkRewiring_Test,21,395,10,cooperate,0.20689655172413793,lra_q
NetworkRewiring_Test,21,395,11,defect,1.1379310344827587,lra_q
NetworkRewiring_Test,21,395,12,defect,1.0,lra_q
NetworkRewiring_Test,21,395,13,cooperate,0.0,lra_q
NetworkRewiring_Test,21,395,14,defect,1.2758620689655173,lra_q
NetworkRewiring_Test,21,395,15,defect,1.0,tit_for_tat
NetworkRewiring_Test,21,395,16,defect,1.1379310344827587,tit_for_tat
NetworkRewiring_Test,21,395,17,defect,1.1379310344827587,tit_for_tat
NetworkRewiring_Test,21,395,18,cooperate,0.0,tit_for_tat
NetworkRewiring_Test,21,395,19,defect,1.1379310344827587,tit_for_tat
NetworkRewiring_Test,21,395,20,defect,1.1379310344827587,tit_for_tat
NetworkRewiring_Test,21,395,21,defect,1.0,tit_for_tat
NetworkRewiring_Test,21,395,22,defect,1.1379310344827587,tit_for_tat
NetworkRewiring_Test,21,395,23,cooperate,0.0,tit_for_tat
NetworkRewiring_Test,21,395,24,defect,1.1379310344827587,tit_for_tat
NetworkRewiring_Test,21,395,25,cooperate,0.41379310344827586,tit_for_tat
NetworkRewiring_Test,21,395,26,defect,1.0,tit_for_tat
NetworkRewiring_Test,21,395,27,cooperate,0.20689655172413793,tit_for_tat
NetworkRewiring_Test,21,395,28,defect,1.2758620689655173,tit_for_tat
NetworkRewiring_Test,21,395,29,cooperate,0.20689655172413793,tit_for_tat
NetworkRewiring_Test,21,396,0,defect,1.2758620689655173,lra_q
NetworkRewiring_Test,21,396,1,defect,1.1379310344827587,lra_q
NetworkRewiring_Test,21,396,2,defect,1.0,lra_q
NetworkRewiring_Test,21,396,3,defect,1.0,lra_q
NetworkRewiring_Test,21,396,4,cooperate,0.10344827586206896,lra_q
NetworkRewiring_Test,21,396,5,defect,1.4137931034482758,lra_q
NetworkRewiring_Test,21,396,6,defect,1.0,lra_q
NetworkRewiring_Test,21,396,7,defect,1.0,lra_q
NetworkRewiring_Test,21,396,8,defect,1.1379310344827587,lra_q
NetworkRewiring_Test,21,396,9,defect,1.1379310344827587,lra_q
NetworkRewiring_Test,21,396,10,cooperate,0.20689655172413793,lra_q
NetworkRewiring_Test,21,396,11,defect,1.0,lra_q
NetworkRewiring_Test,21,396,12,defect,1.0,lra_q
NetworkRewiring_Test,21,396,13,defect,1.1379310344827587,lra_q
NetworkRewiring_Test,21,396,14,cooperate,0.10344827586206896,lra_q
NetworkRewiring_Test,21,396,15,defect,1.1379310344827587,tit_for_tat
NetworkRewiring_Test,21,396,16,defect,1.0,tit_for_tat
NetworkRewiring_Test,21,396,17,defect,1.1379310344827587,tit_for_tat
NetworkRewiring_Test,21,396,18,defect,1.0,tit_for_tat
NetworkRewiring_Test,21,396,19,defect,1.0,tit_for_tat
NetworkRewiring_Test,21,396,20,defect,1.0,tit_for_tat
NetworkRewiring_Test,21,396,21,defect,1.0,tit_for_tat
NetworkRewiring_Test,21,396,22,defect,1.1379310344827587,tit_for_tat
NetworkRewiring_Test,21,396,23,defect,1.1379310344827587,tit_for_tat
NetworkRewiring_Test,21,396,24,cooperate,0.0,tit_for_tat
NetworkRewiring_Test,21,396,25,cooperate,0.3103448275862069,tit_for_tat
NetworkRewiring_Test,21,396,26,defect,1.1379310344827587,tit_for_tat
NetworkRewiring_Test,21,396,27,cooperate,0.20689655172413793,tit_for_tat
NetworkRewiring_Test,21,396,28,cooperate,0.10344827586206896,tit_for_tat
NetworkRewiring_Test,21,396,29,defect,1.4137931034482758,tit_for_tat
NetworkRewiring_Test,21,397,0,defect,1.1379310344827587,lra_q
NetworkRewiring_Test,21,397,1,defect,1.1379310344827587,lra_q
NetworkRewiring_Test,21,397,2,defect,1.2758620689655173,lra_q
NetworkRewiring_Test,21,397,3,defect,1.0,lra_q
NetworkRewiring_Test,21,397,4,cooperate,0.10344827586206896,lra_q
NetworkRewiring_Test,21,397,5,defect,1.4137931034482758,lra_q
NetworkRewiring_Test,21,397,6,defect,1.0,lra_q
NetworkRewiring_Test,21,397,7,cooperate,0.10344827586206896,lra_q
NetworkRewiring_Test,21,397,8,defect,1.2758620689655173,lra_q
NetworkRewiring_Test,21,397,9,defect,1.2758620689655173,lra_q
NetworkRewiring_Test,21,397,10,cooperate,0.10344827586206896,lra_q
NetworkRewiring_Test,21,397,11,defect,1.0,lra_q
NetworkRewiring_Test,21,397,12,defect,1.0,lra_q
NetworkRewiring_Test,21,397,13,defect,1.0,lra_q
NetworkRewiring_Test,21,397,14,defect,1.2758620689655173,lra_q
NetworkRewiring_Test,21,397,15,defect,1.1379310344827587,tit_for_tat
NetworkRewiring_Test,21,397,16,defect,1.1379310344827587,tit_for_tat
NetworkRewiring_Test,21,397,17,cooperate,0.10344827586206896,tit_for_tat
NetworkRewiring_Test,21,397,18,defect,1.1379310344827587,tit_for_tat
NetworkRewiring_Test,21,397,19,defect,1.1379310344827587,tit_for_tat
NetworkRewiring_Test,21,397,20,defect,1.0,tit_for_tat
NetworkRewiring_Test,21,397,21,defect,1.0,tit_for_tat
NetworkRewiring_Test,21,397,22,defect,1.1379310344827587,tit_for_tat
NetworkRewiring_Test,21,397,23,cooperate,0.0,tit_for_tat
NetworkRewiring_Test,21,397,24,defect,1.1379310344827587,tit_for_tat
NetworkRewiring_Test,21,397,25,cooperate,0.3103448275862069,tit_for_tat
NetworkRewiring_Test,21,397,26,defect,1.0,tit_for_tat
NetworkRewiring_Test,21,397,27,defect,1.2758620689655173,tit_for_tat
NetworkRewiring_Test,21,397,28,defect,1.1379310344827587,tit_for_tat
NetworkRewiring_Test,21,397,29,cooperate,0.10344827586206896,tit_for_tat
NetworkRewiring_Test,21,398,0,cooperate,0.3103448275862069,lra_q
NetworkRewiring_Test,21,398,1,defect,1.1379310344827587,lra_q
NetworkRewiring_Test,21,398,2,defect,1.1379310344827587,lra_q
NetworkRewiring_Test,21,398,3,defect,1.0,lra_q
NetworkRewiring_Test,21,398,4,cooperate,0.10344827586206896,lra_q
NetworkRewiring_Test,21,398,5,defect,1.2758620689655173,lra_q
NetworkRewiring_Test,21,398,6,defect,1.2758620689655173,lra_q
NetworkRewiring_Test,21,398,7,defect,1.2758620689655173,lra_q
NetworkRewiring_Test,21,398,8,cooperate,0.20689655172413793,lra_q
NetworkRewiring_Test,21,398,9,defect,1.1379310344827587,lra_q
NetworkRewiring_Test,21,398,10,cooperate,0.41379310344827586,lra_q
NetworkRewiring_Test,21,398,11,defect,1.1379310344827587,lra_q
NetworkRewiring_Test,21,398,12,defect,1.0,lra_q
NetworkRewiring_Test,21,398,13,defect,1.1379310344827587,lra_q
NetworkRewiring_Test,21,398,14,cooperate,0.20689655172413793,lra_q
NetworkRewiring_Test,21,398,15,defect,1.6896551724137931,tit_for_tat
NetworkRewiring_Test,21,398,16,cooperate,0.10344827586206896,tit_for_tat
NetworkRewiring_Test,21,398,17,cooperate,0.3103448275862069,tit_for_tat
NetworkRewiring_Test,21,398,18,defect,1.4137931034482758,tit_for_tat
NetworkRewiring_Test,21,398,19,cooperate,0.10344827586206896,tit_for_tat
NetworkRewiring_Test,21,398,20,defect,1.2758620689655173,tit_for_tat
NetworkRewiring_Test,21,398,21,defect,1.2758620689655173,tit_for_tat
NetworkRewiring_Test,21,398,22,cooperate,0.20689655172413793,tit_for_tat
NetworkRewiring_Test,21,398,23,defect,1.1379310344827587,tit_for_tat
NetworkRewiring_Test,21,398,24,cooperate,0.0,tit_for_tat
NetworkRewiring_Test,21,398,25,cooperate,0.3103448275862069,tit_for_tat
NetworkRewiring_Test,21,398,26,defect,1.2758620689655173,tit_for_tat
NetworkRewiring_Test,21,398,27,defect,1.1379310344827587,tit_for_tat
NetworkRewiring_Test,21,398,28,defect,1.1379310344827587,tit_for_tat
NetworkRewiring_Test,21,398,29,defect,1.1379310344827587,tit_for_tat
NetworkRewiring_Test,21,399,0,defect,1.4137931034482758,lra_q
NetworkRewiring_Test,21,399,1,defect,1.1379310344827587,lra_q
NetworkRewiring_Test,21,399,2,defect,1.2758620689655173,lra_q
NetworkRewiring_Test,21,399,3,defect,1.0,lra_q
NetworkRewiring_Test,21,399,4,cooperate,0.0,lra_q
NetworkRewiring_Test,21,399,5,defect,1.2758620689655173,lra_q
NetworkRewiring_Test,21,399,6,cooperate,0.0,lra_q
NetworkRewiring_Test,21,399,7,defect,1.1379310344827587,lra_q
NetworkRewiring_Test,21,399,8,cooperate,0.0,lra_q
NetworkRewiring_Test,21,399,9,defect,1.0,lra_q
NetworkRewiring_Test,21,399,10,defect,1.4137931034482758,lra_q
NetworkRewiring_Test,21,399,11,defect,1.1379310344827587,lra_q
NetworkRewiring_Test,21,399,12,defect,1.1379310344827587,lra_q
NetworkRewiring_Test,21,399,13,defect,1.2758620689655173,lra_q
NetworkRewiring_Test,21,399,14,cooperate,0.10344827586206896,lra_q
NetworkRewiring_Test,21,399,15,cooperate,0.20689655172413793,tit_for_tat
NetworkRewiring_Test,21,399,16,defect,1.4137931034482758,tit_for_tat
NetworkRewiring_Test,21,399,17,defect,1.4137931034482758,tit_for_tat
NetworkRewiring_Test,21,399,18,cooperate,0.10344827586206896,tit_for_tat
NetworkRewiring_Test,21,399,19,defect,1.6896551724137931,tit_for_tat
NetworkRewiring_Test,21,399,20,cooperate,0.20689655172413793,tit_for_tat
NetworkRewiring_Test,21,399,21,cooperate,0.10344827586206896,tit_for_tat
NetworkRewiring_Test,21,399,22,cooperate,0.3103448275862069,tit_for_tat
NetworkRewiring_Test,21,399,23,cooperate,0.0,tit_for_tat
NetworkRewiring_Test,21,399,24,defect,1.2758620689655173,tit_for_tat
NetworkRewiring_Test,21,399,25,defect,1.2758620689655173,tit_for_tat
NetworkRewiring_Test,21,399,26,cooperate,0.0,tit_for_tat
NetworkRewiring_Test,21,399,27,cooperate,0.0,tit_for_tat
NetworkRewiring_Test,21,399,28,defect,1.1379310344827587,tit_for_tat
NetworkRewiring_Test,21,399,29,defect,1.1379310344827587,tit_for_tat
NetworkRewiring_Test,21,400,0,defect,1.1379310344827587,lra_q
NetworkRewiring_Test,21,400,1,defect,1.1379310344827587,lra_q
NetworkRewiring_Test,21,400,2,defect,1.0,lra_q
NetworkRewiring_Test,21,400,3,defect,1.0,lra_q
NetworkRewiring_Test,21,400,4,cooperate,0.0,lra_q
NetworkRewiring_Test,21,400,5,defect,1.1379310344827587,lra_q
NetworkRewiring_Test,21,400,6,defect,1.1379310344827587,lra_q
NetworkRewiring_Test,21,400,7,defect,1.0,lra_q
NetworkRewiring_Test,21,400,8,defect,1.0,lra_q
NetworkRewiring_Test,21,400,9,defect,1.0,lra_q
NetworkRewiring_Test,21,400,10,defect,1.1379310344827587,lra_q
NetworkRewiring_Test,21,400,11,defect,1.0,lra_q
NetworkRewiring_Test,21,400,12,defect,1.0,lra_q
NetworkRewiring_Test,21,400,13,defect,1.0,lra_q
NetworkRewiring_Test,21,400,14,defect,1.0,lra_q
NetworkRewiring_Test,21,400,15,defect,1.1379310344827587,tit_for_tat
NetworkRewiring_Test,21,400,16,defect,1.0,tit_for_tat
NetworkRewiring_Test,21,400,17,defect,1.1379310344827587,tit_for_tat
NetworkRewiring_Test,21,400,18,defect,1.1379310344827587,tit_for_tat
NetworkRewiring_Test,21,400,19,cooperate,0.0,tit_for_tat
NetworkRewiring_Test,21,400,20,defect,1.2758620689655173,tit_for_tat
NetworkRewiring_Test,21,400,21,defect,1.2758620689655173,tit_for_tat
NetworkRewiring_Test,21,400,22,cooperate,0.0,tit_for_tat
NetworkRewiring_Test,21,400,23,defect,1.1379310344827587,tit_for_tat
NetworkRewiring_Test,21,400,24,cooperate,0.0,tit_for_tat
NetworkRewiring_Test,21,400,25,defect,1.1379310344827587,tit_for_tat
NetworkRewiring_Test,21,400,26,defect,1.2758620689655173,tit_for_tat
NetworkRewiring_Test,21,400,27,defect,1.0,tit_for_tat
NetworkRewiring_Test,21,400,28,defect,1.0,tit_for_tat
NetworkRewiring_Test,21,400,29,defect,1.0,tit_for_tat
NetworkRewiring_Test,21,401,0,cooperate,0.0,lra_q
NetworkRewiring_Test,21,401,1,defect,1.1379310344827587,lra_q
NetworkRewiring_Test,21,401,2,cooperate,0.20689655172413793,lra_q
NetworkRewiring_Test,21,401,3,defect,1.1379310344827587,lra_q
NetworkRewiring_Test,21,401,4,cooperate,0.10344827586206896,lra_q
NetworkRewiring_Test,21,401,5,cooperate,0.20689655172413793,lra_q
NetworkRewiring_Test,21,401,6,defect,1.1379310344827587,lra_q
NetworkRewiring_Test,21,401,7,defect,1.1379310344827587,lra_q
NetworkRewiring_Test,21,401,8,defect,1.2758620689655173,lra_q
NetworkRewiring_Test,21,401,9,defect,1.1379310344827587,lra_q
NetworkRewiring_Test,21,401,10,cooperate,0.10344827586206896,lra_q
NetworkRewiring_Test,21,401,11,defect,1.1379310344827587,lra_q
NetworkRewiring_Test,21,401,12,defect,1.1379310344827587,lra_q
NetworkRewiring_Test,21,401,13,defect,1.0,lra_q
NetworkRewiring_Test,21,401,14,defect,1.1379310344827587,lra_q
NetworkRewiring_Test,21,401,15,defect,1.1379310344827587,tit_for_tat
NetworkRewiring_Test,21,401,16,defect,1.1379310344827587,tit_for_tat
NetworkRewiring_Test,21,401,17,defect,1.0,tit_for_tat
NetworkRewiring_Test,21,401,18,defect,1.1379310344827587,tit_for_tat
NetworkRewiring_Test,21,401,19,defect,1.4137931034482758,tit_for_tat
NetworkRewiring_Test,21,401,20,cooperate,0.0,tit_for_tat
NetworkRewiring_Test,21,401,21,cooperate,0.0,tit_for_tat
NetworkRewiring_Test,21,401,22,defect,1.5517241379310345,tit_for_tat
NetworkRewiring_Test,21,401,23,cooperate,0.10344827586206896,tit_for_tat
NetworkRewiring_Test,21,401,24,defect,1.2758620689655173,tit_for_tat
NetworkRewiring_Test,21,401,25,defect,1.4137931034482758,tit_for_tat
NetworkRewiring_Test,21,401,26,cooperate,0.10344827586206896,tit_for_tat
NetworkRewiring_Test,21,401,27,defect,1.0,tit_for_tat
NetworkRewiring_Test,21,401,28,defect,1.2758620689655173,tit_for_tat
NetworkRewiring_Test,21,401,29,defect,1.1379310344827587,tit_for_tat
NetworkRewiring_Test,21,402,0,cooperate,0.10344827586206896,lra_q
NetworkRewiring_Test,21,402,1,defect,1.1379310344827587,lra_q
NetworkRewiring_Test,21,402,2,defect,1.1379310344827587,lra_q
NetworkRewiring_Test,21,402,3,defect,1.1379310344827587,lra_q
NetworkRewiring_Test,21,402,4,cooperate,0.20689655172413793,lra_q
NetworkRewiring_Test,21,402,5,cooperate,0.20689655172413793,lra_q
NetworkRewiring_Test,21,402,6,defect,1.2758620689655173,lra_q
NetworkRewiring_Test,21,402,7,defect,1.1379310344827587,lra_q
NetworkRewiring_Test,21,402,8,defect,1.2758620689655173,lra_q
NetworkRewiring_Test,21,402,9,defect,1.1379310344827587,lra_q
NetworkRewiring_Test,21,402,10,cooperate,0.20689655172413793,lra_q
NetworkRewiring_Test,21,402,11,defect,1.0,lra_q
NetworkRewiring_Test,21,402,12,defect,1.1379310344827587,lra_q
NetworkRewiring_Test,21,402,13,defect,1.0,lra_q
NetworkRewiring_Test,21,402,14,defect,1.1379310344827587,lra_q
NetworkRewiring_Test,21,402,15,defect,1.1379310344827587,tit_for_tat
NetworkRewiring_Test,21,402,16,defect,1.0,tit_for_tat
NetworkRewiring_Test,21,402,17,defect,1.1379310344827587,tit_for_tat
NetworkRewiring_Test,21,402,18,defect,1.1379310344827587,tit_for_tat
NetworkRewiring_Test,21,402,19,cooperate,0.0,tit_for_tat
NetworkRewiring_Test,21,402,20,defect,1.1379310344827587,tit_for_tat
NetworkRewiring_Test,21,402,21,defect,1.1379310344827587,tit_for_tat
NetworkRewiring_Test,21,402,22,defect,1.2758620689655173,tit_for_tat
NetworkRewiring_Test,21,402,23,cooperate,0.10344827586206896,tit_for_tat
NetworkRewiring_Test,21,402,24,cooperate,0.10344827586206896,tit_for_tat
NetworkRewiring_Test,21,402,25,cooperate,0.3103448275862069,tit_for_tat
NetworkRewiring_Test,21,402,26,defect,1.2758620689655173,tit_for_tat
NetworkRewiring_Test,21,402,27,defect,1.1379310344827587,tit_for_tat
NetworkRewiring_Test,21,402,28,defect,1.2758620689655173,tit_for_tat
NetworkRewiring_Test,21,402,29,defect,1.1379310344827587,tit_for_tat
NetworkRewiring_Test,21,403,0,cooperate,0.20689655172413793,lra_q
NetworkRewiring_Test,21,403,1,defect,1.0,lra_q
NetworkRewiring_Test,21,403,2,defect,1.2758620689655173,lra_q
NetworkRewiring_Test,21,403,3,defect,1.0,lra_q
NetworkRewiring_Test,21,403,4,defect,1.1379310344827587,lra_q
NetworkRewiring_Test,21,403,5,defect,1.2758620689655173,lra_q
NetworkRewiring_Test,21,403,6,cooperate,0.0,lra_q
NetworkRewiring_Test,21,403,7,defect,1.1379310344827587,lra_q
NetworkRewiring_Test,21,403,8,defect,1.2758620689655173,lra_q
NetworkRewiring_Test,21,403,9,defect,1.1379310344827587,lra_q
NetworkRewiring_Test,21,403,10,cooperate,0.20689655172413793,lra_q
NetworkRewiring_Test,21,403,11,defect,1.0,lra_q
NetworkRewiring_Test,21,403,12,defect,1.0,lra_q
NetworkRewiring_Test,21,403,13,defect,1.1379310344827587,lra_q
NetworkRewiring_Test,21,403,14,defect,1.2758620689655173,lra_q
NetworkRewiring_Test,21,403,15,defect,1.4137931034482758,tit_for_tat
NetworkRewiring_Test,21,403,16,defect,1.2758620689655173,tit_for_tat
NetworkRewiring_Test,21,403,17,cooperate,0.0,tit_for_tat
NetworkRewiring_Test,21,403,18,defect,1.1379310344827587,tit_for_tat
NetworkRewiring_Test,21,403,19,defect,1.4137931034482758,tit_for_tat
NetworkRewiring_Test,21,403,20,defect,1.1379310344827587,tit_for_tat
NetworkRewiring_Test,21,403,21,defect,1.1379310344827587,tit_for_tat
NetworkRewiring_Test,21,403,22,cooperate,0.20689655172413793,tit_for_tat
NetworkRewiring_Test,21,403,23,cooperate,0.10344827586206896,tit_for_tat
NetworkRewiring_Test,21,403,24,cooperate,0.20689655172413793,tit_for_tat
NetworkRewiring_Test,21,403,25,cooperate,0.20689655172413793,tit_for_tat
NetworkRewiring_Test,21,403,26,cooperate,0.10344827586206896,tit_for_tat
NetworkRewiring_Test,21,403,27,defect,1.1379310344827587,tit_for_tat
NetworkRewiring_Test,21,403,28,defect,1.1379310344827587,tit_for_tat
NetworkRewiring_Test,21,403,29,defect,1.1379310344827587,tit_for_tat
NetworkRewiring_Test,21,404,0,cooperate,0.20689655172413793,lra_q
NetworkRewiring_Test,21,404,1,defect,1.1379310344827587,lra_q
NetworkRewiring_Test,21,404,2,defect,1.1379310344827587,lra_q
NetworkRewiring_Test,21,404,3,defect,1.0,lra_q
NetworkRewiring_Test,21,404,4,cooperate,0.0,lra_q
NetworkRewiring_Test,21,404,5,defect,1.2758620689655173,lra_q
NetworkRewiring_Test,21,404,6,defect,1.0,lra_q
NetworkRewiring_Test,21,404,7,defect,1.0,lra_q
NetworkRewiring_Test,21,404,8,defect,1.2758620689655173,lra_q
NetworkRewiring_Test,21,404,9,defect,1.1379310344827587,lra_q
NetworkRewiring_Test,21,404,10,cooperate,0.20689655172413793,lra_q
NetworkRewiring_Test,21,404,11,defect,1.0,lra_q
NetworkRewiring_Test,21,404,12,defect,1.1379310344827587,lra_q
NetworkRewiring_Test,21,404,13,defect,1.1379310344827587,lra_q
NetworkRewiring_Test,21,404,14,cooperate,0.20689655172413793,lra_q
NetworkRewiring_Test,21,404,15,cooperate,0.3103448275862069,tit_for_tat
NetworkRewiring_Test,21,404,16,defect,1.1379310344827587,tit_for_tat
NetworkRewiring_Test,21,404,17,defect,1.2758620689655173,tit_for_tat
NetworkRewiring_Test,21,404,18,defect,1.0,tit_for_tat
NetworkRewiring_Test,21,404,19,defect,1.1379310344827587,tit_for_tat
NetworkRewiring_Test,21,404,20,defect,1.1379310344827587,tit_for_tat
NetworkRewiring_Test,21,404,21,cooperate,0.10344827586206896,tit_for_tat
NetworkRewiring_Test,21,404,22,cooperate,0.41379310344827586,tit_for_tat
NetworkRewiring_Test,21,404,23,defect,1.1379310344827587,tit_for_tat
NetworkRewiring_Test,21,404,24,cooperate,0.0,tit_for_tat
NetworkRewiring_Test,21,404,25,defect,1.5517241379310345,tit_for_tat
NetworkRewiring_Test,21,404,26,defect,1.1379310344827587,tit_for_tat
NetworkRewiring_Test,21,404,27,defect,1.1379310344827587,tit_for_tat
NetworkRewiring_Test,21,404,28,defect,1.2758620689655173,tit_for_tat
NetworkRewiring_Test,21,404,29,cooperate,0.0,tit_for_tat
NetworkRewiring_Test,21,405,0,defect,1.1379310344827587,lra_q
NetworkRewiring_Test,21,405,1,defect,1.1379310344827587,lra_q
NetworkRewiring_Test,21,405,2,defect,1.1379310344827587,lra_q
NetworkRewiring_Test,21,405,3,defect,1.0,lra_q
NetworkRewiring_Test,21,405,4,cooperate,0.10344827586206896,lra_q
NetworkRewiring_Test,21,405,5,defect,1.1379310344827587,lra_q
NetworkRewiring_Test,21,405,6,defect,1.0,lra_q
NetworkRewiring_Test,21,405,7,defect,1.0,lra_q
NetworkRewiring_Test,21,405,8,defect,1.0,lra_q
NetworkRewiring_Test,21,405,9,defect,1.0,lra_q
NetworkRewiring_Test,21,405,10,defect,1.2758620689655173,lra_q
NetworkRewiring_Test,21,405,11,defect,1.0,lra_q
NetworkRewiring_Test,21,405,12,defect,1.0,lra_q
NetworkRewiring_Test,21,405,13,defect,1.1379310344827587,lra_q
NetworkRewiring_Test,21,405,14,cooperate,0.0,lra_q
NetworkRewiring_Test,21,405,15,defect,1.1379310344827587,tit_for_tat
NetworkRewiring_Test,21,405,16,defect,1.0,tit_for_tat
NetworkRewiring_Test,21,405,17,defect,1.1379310344827587,tit_for_tat
NetworkRewiring_Test,21,405,18,defect,1.0,tit_for_tat
NetworkRewiring_Test,21,405,19,defect,1.2758620689655173,tit_for_tat
NetworkRewiring_Test,21,405,20,defect,1.0,tit_for_tat
NetworkRewiring_Test,21,405,21,cooperate,0.0,tit_for_tat
NetworkRewiring_Test,21,405,22,defect,1.1379310344827587,tit_for_tat
NetworkRewiring_Test,21,405,23,defect,1.0,tit_for_tat
NetworkRewiring_Test,21,405,24,defect,1.1379310344827587,tit_for_tat
NetworkRewiring_Test,21,405,25,cooperate,0.10344827586206896,tit_for_tat
NetworkRewiring_Test,21,405,26,cooperate,0.0,tit_for_tat
NetworkRewiring_Test,21,405,27,defect,1.1379310344827587,tit_for_tat
NetworkRewiring_Test,21,405,28,defect,1.0,tit_for_tat
NetworkRewiring_Test,21,405,29,defect,1.1379310344827587,tit_for_tat
NetworkRewiring_Test,21,406,0,cooperate,0.10344827586206896,lra_q
NetworkRewiring_Test,21,406,1,defect,1.1379310344827587,lra_q
NetworkRewiring_Test,21,406,2,defect,1.0,lra_q
NetworkRewiring_Test,21,406,3,defect,1.1379310344827587,lra_q
NetworkRewiring_Test,21,406,4,cooperate,0.10344827586206896,lra_q
NetworkRewiring_Test,21,406,5,cooperate,0.20689655172413793,lra_q
NetworkRewiring_Test,21,406,6,defect,1.1379310344827587,lra_q
NetworkRewiring_Test,21,406,7,defect,1.2758620689655173,lra_q
NetworkRewiring_Test,21,406,8,defect,1.2758620689655173,lra_q
NetworkRewiring_Test,21,406,9,defect,1.1379310344827587,lra_q
NetworkRewiring_Test,21,406,10,cooperate,0.3103448275862069,lra_q
NetworkRewiring_Test,21,406,11,defect,1.0,lra_q
NetworkRewiring_Test,21,406,12,defect,1.1379310344827587,lra_q
NetworkRewiring_Test,21,406,13,defect,1.1379310344827587,lra_q
NetworkRewiring_Test,21,406,14,cooperate,0.20689655172413793,lra_q
NetworkRewiring_Test,21,406,15,defect,1.5517241379310345,tit_for_tat
NetworkRewiring_Test,21,406,16,defect,1.1379310344827587,tit_for_tat
NetworkRewiring_Test,21,406,17,cooperate,0.10344827586206896,tit_for_tat
NetworkRewiring_Test,21,406,18,defect,1.1379310344827587,tit_for_tat
NetworkRewiring_Test,21,406,19,defect,1.1379310344827587,tit_for_tat
NetworkRewiring_Test,21,406,20,defect,1.1379310344827587,tit_for_tat
NetworkRewiring_Test,21,406,21,defect,1.1379310344827587,tit_for_tat
NetworkRewiring_Test,21,406,22,cooperate,0.20689655172413793,tit_for_tat
NetworkRewiring_Test,21,406,23,defect,1.1379310344827587,tit_for_tat
NetworkRewiring_Test,21,406,24,cooperate,0.0,tit_for_tat
NetworkRewiring_Test,21,406,25,defect,1.4137931034482758,tit_for_tat
NetworkRewiring_Test,21,406,26,defect,1.1379310344827587,tit_for_tat
NetworkRewiring_Test,21,406,27,defect,1.0,tit_for_tat
NetworkRewiring_Test,21,406,28,defect,1.2758620689655173,tit_for_tat
NetworkRewiring_Test,21,406,29,defect,1.0,tit_for_tat
NetworkRewiring_Test,21,407,0,cooperate,0.10344827586206896,lra_q
NetworkRewiring_Test,21,407,1,defect,1.1379310344827587,lra_q
NetworkRewiring_Test,21,407,2,defect,1.2758620689655173,lra_q
NetworkRewiring_Test,21,407,3,defect,1.0,lra_q
NetworkRewiring_Test,21,407,4,cooperate,0.10344827586206896,lra_q
NetworkRewiring_Test,21,407,5,defect,1.1379310344827587,lra_q
NetworkRewiring_Test,21,407,6,defect,1.2758620689655173,lra_q
NetworkRewiring_Test,21,407,7,defect,1.1379310344827587,lra_q
NetworkRewiring_Test,21,407,8,defect,1.1379310344827587,lra_q
NetworkRewiring_Test,21,407,9,defect,1.0,lra_q
NetworkRewiring_Test,21,407,10,defect,1.2758620689655173,lra_q
NetworkRewiring_Test,21,407,11,defect,1.0,lra_q
NetworkRewiring_Test,21,407,12,defect,1.0,lra_q
NetworkRewiring_Test,21,407,13,defect,1.1379310344827587,lra_q
NetworkRewiring_Test,21,407,14,cooperate,0.10344827586206896,lra_q
NetworkRewiring_Test,21,407,15,defect,1.5517241379310345,tit_for_tat
NetworkRewiring_Test,21,407,16,cooperate,0.20689655172413793,tit_for_tat
NetworkRewiring_Test,21,407,17,cooperate,0.41379310344827586,tit_for_tat
NetworkRewiring_Test,21,407,18,cooperate,0.41379310344827586,tit_for_tat
NetworkRewiring_Test,21,407,19,cooperate,0.41379310344827586,tit_for_tat
NetworkRewiring_Test,21,407,20,cooperate,0.20689655172413793,tit_for_tat
NetworkRewiring_Test,21,407,21,defect,1.1379310344827587,tit_for_tat
NetworkRewiring_Test,21,407,22,defect,1.2758620689655173,tit_for_tat
NetworkRewiring_Test,21,407,23,defect,1.0,tit_for_tat
NetworkRewiring_Test,21,407,24,defect,1.1379310344827587,tit_for_tat
NetworkRewiring_Test,21,407,25,cooperate,0.20689655172413793,tit_for_tat
NetworkRewiring_Test,21,407,26,cooperate,0.10344827586206896,tit_for_tat
NetworkRewiring_Test,21,407,27,defect,1.1379310344827587,tit_for_tat
NetworkRewiring_Test,21,407,28,defect,1.1379310344827587,tit_for_tat
NetworkRewiring_Test,21,407,29,defect,1.1379310344827587,tit_for_tat
NetworkRewiring_Test,21,408,0,cooperate,0.10344827586206896,lra_q
NetworkRewiring_Test,21,408,1,defect,1.1379310344827587,lra_q
NetworkRewiring_Test,21,408,2,defect,1.4137931034482758,lra_q
NetworkRewiring_Test,21,408,3,defect,1.2758620689655173,lra_q
NetworkRewiring_Test,21,408,4,cooperate,0.10344827586206896,lra_q
NetworkRewiring_Test,21,408,5,cooperate,0.41379310344827586,lra_q
NetworkRewiring_Test,21,408,6,cooperate,0.3103448275862069,lra_q
NetworkRewiring_Test,21,408,7,defect,1.4137931034482758,lra_q
NetworkRewiring_Test,21,408,8,defect,1.4137931034482758,lra_q
NetworkRewiring_Test,21,408,9,defect,1.2758620689655173,lra_q
NetworkRewiring_Test,21,408,10,cooperate,0.10344827586206896,lra_q
NetworkRewiring_Test,21,408,11,cooperate,0.10344827586206896,lra_q
NetworkRewiring_Test,21,408,12,cooperate,0.3103448275862069,lra_q
NetworkRewiring_Test,21,408,13,defect,1.1379310344827587,lra_q
NetworkRewiring_Test,21,408,14,defect,1.4137931034482758,lra_q
NetworkRewiring_Test,21,408,15,cooperate,0.41379310344827586,tit_for_tat
NetworkRewiring_Test,21,408,16,cooperate,0.41379310344827586,tit_for_tat
NetworkRewiring_Test,21,408,17,cooperate,0.41379310344827586,tit_for_tat
NetworkRewiring_Test,21,408,18,cooperate,0.3103448275862069,tit_for_tat
NetworkRewiring_Test,21,408,19,cooperate,0.3103448275862069,tit_for_tat
NetworkRewiring_Test,21,408,20,defect,1.2758620689655173,tit_for_tat
NetworkRewiring_Test,21,408,21,defect,1.1379310344827587,tit_for_tat
NetworkRewiring_Test,21,408,22,defect,1.4137931034482758,tit_for_tat
NetworkRewiring_Test,21,408,23,defect,1.0,tit_for_tat
NetworkRewiring_Test,21,408,24,defect,1.0,tit_for_tat
NetworkRewiring_Test,21,408,25,defect,1.5517241379310345,tit_for_tat
NetworkRewiring_Test,21,408,26,defect,1.1379310344827587,tit_for_tat
NetworkRewiring_Test,21,408,27,defect,1.1379310344827587,tit_for_tat
NetworkRewiring_Test,21,408,28,defect,1.4137931034482758,tit_for_tat
NetworkRewiring_Test,21,408,29,cooperate,0.0,tit_for_tat
NetworkRewiring_Test,21,409,0,cooperate,0.3103448275862069,lra_q
NetworkRewiring_Test,21,409,1,defect,1.2758620689655173,lra_q
NetworkRewiring_Test,21,409,2,defect,1.1379310344827587,lra_q
NetworkRewiring_Test,21,409,3,cooperate,0.0,lra_q
NetworkRewiring_Test,21,409,4,cooperate,0.0,lra_q
NetworkRewiring_Test,21,409,5,defect,1.8275862068965516,lra_q
NetworkRewiring_Test,21,409,6,cooperate,0.10344827586206896,lra_q
NetworkRewiring_Test,21,409,7,defect,1.1379310344827587,lra_q
NetworkRewiring_Test,21,409,8,cooperate,0.20689655172413793,lra_q
NetworkRewiring_Test,21,409,9,defect,1.1379310344827587,lra_q
NetworkRewiring_Test,21,409,10,cooperate,0.10344827586206896,lra_q
NetworkRewiring_Test,21,409,11,defect,1.4137931034482758,lra_q
NetworkRewiring_Test,21,409,12,cooperate,0.10344827586206896,lra_q
NetworkRewiring_Test,21,409,13,defect,1.1379310344827587,lra_q
NetworkRewiring_Test,21,409,14,defect,1.4137931034482758,lra_q
NetworkRewiring_Test,21,409,15,cooperate,0.3103448275862069,tit_for_tat
NetworkRewiring_Test,21,409,16,defect,1.4137931034482758,tit_for_tat
NetworkRewiring_Test,21,409,17,cooperate,0.20689655172413793,tit_for_tat
NetworkRewiring_Test,21,409,18,defect,1.2758620689655173,tit_for_tat
NetworkRewiring_Test,21,409,19,cooperate,0.41379310344827586,tit_for_tat
NetworkRewiring_Test,21,409,20,defect,1.1379310344827587,tit_for_tat
NetworkRewiring_Test,21,409,21,cooperate,0.10344827586206896,tit_for_tat
NetworkRewiring_Test,21,409,22,defect,1.5517241379310345,tit_for_tat
NetworkRewiring_Test,21,409,23,defect,1.0,tit_for_tat
NetworkRewiring_Test,21,409,24,defect,1.1379310344827587,tit_for_tat
NetworkRewiring_Test,21,409,25,defect,1.5517241379310345,tit_for_tat
NetworkRewiring_Test,21,409,26,cooperate,0.10344827586206896,tit_for_tat
NetworkRewiring_Test,21,409,27,cooperate,0.10344827586206896,tit_for_tat
NetworkRewiring_Test,21,409,28,cooperate,0.20689655172413793,tit_for_tat
NetworkRewiring_Test,21,409,29,defect,1.2758620689655173,tit_for_tat
NetworkRewiring_Test,21,410,0,defect,1.2758620689655173,lra_q
NetworkRewiring_Test,21,410,1,defect,1.1379310344827587,lra_q
NetworkRewiring_Test,21,410,2,defect,1.1379310344827587,lra_q
NetworkRewiring_Test,21,410,3,defect,1.2758620689655173,lra_q
NetworkRewiring_Test,21,410,4,cooperate,0.20689655172413793,lra_q
NetworkRewiring_Test,21,410,5,cooperate,0.3103448275862069,lra_q
NetworkRewiring_Test,21,410,6,defect,1.1379310344827587,lra_q
NetworkRewiring_Test,21,410,7,defect,1.4137931034482758,lra_q
NetworkRewiring_Test,21,410,8,defect,1.2758620689655173,lra_q
NetworkRewiring_Test,21,410,9,defect,1.2758620689655173,lra_q
NetworkRewiring_Test,21,410,10,cooperate,0.3103448275862069,lra_q
NetworkRewiring_Test,21,410,11,cooperate,0.10344827586206896,lra_q
NetworkRewiring_Test,21,410,12,cooperate,0.20689655172413793,lra_q
NetworkRewiring_Test,21,410,13,defect,1.0,lra_q
NetworkRewiring_Test,21,410,14,defect,1.2758620689655173,lra_q
NetworkRewiring_Test,21,410,15,defect,1.4137931034482758,tit_for_tat
NetworkRewiring_Test,21,410,16,defect,1.2758620689655173,tit_for_tat
NetworkRewiring_Test,21,410,17,cooperate,0.10344827586206896,tit_for_tat
NetworkRewiring_Test,21,410,18,cooperate,0.20689655172413793,tit_for_tat
NetworkRewiring_Test,21,410,19,defect,1.5517241379310345,tit_for_tat
NetworkRewiring_Test,21,410,20,cooperate,0.20689655172413793,tit_for_tat
NetworkRewiring_Test,21,410,21,cooperate,0.10344827586206896,tit_for_tat
NetworkRewiring_Test,21,410,22,cooperate,0.3103448275862069,tit_for_tat
NetworkRewiring_Test,21,410,23,defect,1.0,tit_for_tat
NetworkRewiring_Test,21,410,24,defect,1.0,tit_for_tat
NetworkRewiring_Test,21,410,25,cooperate,0.3103448275862069,tit_for_tat
NetworkRewiring_Test,21,410,26,defect,1.0,tit_for_tat
NetworkRewiring_Test,21,410,27,cooperate,0.10344827586206896,tit_for_tat
NetworkRewiring_Test,21,410,28,defect,1.2758620689655173,tit_for_tat
NetworkRewiring_Test,21,410,29,defect,1.2758620689655173,tit_for_tat
NetworkRewiring_Test,21,411,0,defect,1.2758620689655173,lra_q
NetworkRewiring_Test,21,411,1,cooperate,0.0,lra_q
NetworkRewiring_Test,21,411,2,defect,1.0,lra_q
NetworkRewiring_Test,21,411,3,defect,1.2758620689655173,lra_q
NetworkRewiring_Test,21,411,4,defect,1.2758620689655173,lra_q
NetworkRewiring_Test,21,411,5,cooperate,0.20689655172413793,lra_q
NetworkRewiring_Test,21,411,6,defect,1.1379310344827587,lra_q
NetworkRewiring_Test,21,411,7,cooperate,0.10344827586206896,lra_q
NetworkRewiring_Test,21,411,8,defect,1.0,lra_q
NetworkRewiring_Test,21,411,9,defect,1.1379310344827587,lra_q
NetworkRewiring_Test,21,411,10,defect,1.4137931034482758,lra_q
NetworkRewiring_Test,21,411,11,defect,1.1379310344827587,lra_q
NetworkRewiring_Test,21,411,12,defect,1.1379310344827587,lra_q
NetworkRewiring_Test,21,411,13,defect,1.1379310344827587,lra_q
NetworkRewiring_Test,21,411,14,cooperate,0.0,lra_q
NetworkRewiring_Test,21,411,15,defect,1.2758620689655173,tit_for_tat
NetworkRewiring_Test,21,411,16,defect,1.0,tit_for_tat
NetworkRewiring_Test,21,411,17,defect,1.2758620689655173,tit_for_tat
NetworkRewiring_Test,21,411,18,defect,1.1379310344827587,tit_for_tat
NetworkRewiring_Test,21,411,19,defect,1.1379310344827587,tit_for_tat
NetworkRewiring_Test,21,411,20,cooperate,0.10344827586206896,tit_for_tat
NetworkRewiring_Test,21,411,21,defect,1.1379310344827587,tit_for_tat
NetworkRewiring_Test,21,411,22,cooperate,0.10344827586206896,tit_for_tat
NetworkRewiring_Test,21,411,23,defect,1.0,tit_for_tat
NetworkRewiring_Test,21,411,24,defect,1.0,tit_for_tat
NetworkRewiring_Test,21,411,25,defect,1.1379310344827587,tit_for_tat
NetworkRewiring_Test,21,411,26,defect,1.0,tit_for_tat
NetworkRewiring_Test,21,411,27,cooperate,0.10344827586206896,tit_for_tat
NetworkRewiring_Test,21,411,28,cooperate,0.20689655172413793,tit_for_tat
NetworkRewiring_Test,21,411,29,defect,1.2758620689655173,tit_for_tat
NetworkRewiring_Test,21,412,0,defect,1.0,lra_q
NetworkRewiring_Test,21,412,1,defect,1.0,lra_q
NetworkRewiring_Test,21,412,2,cooperate,0.0,lra_q
NetworkRewiring_Test,21,412,3,defect,1.0,lra_q
NetworkRewiring_Test,21,412,4,defect,1.0,lra_q
NetworkRewiring_Test,21,412,5,defect,1.0,lra_q
NetworkRewiring_Test,21,412,6,defect,1.0,lra_q
NetworkRewiring_Test,21,412,7,defect,1.0,lra_q
NetworkRewiring_Test,21,412,8,defect,1.0,lra_q
NetworkRewiring_Test,21,412,9,defect,1.0,lra_q
NetworkRewiring_Test,21,412,10,defect,1.1379310344827587,lra_q
NetworkRewiring_Test,21,412,11,defect,1.1379310344827587,lra_q
NetworkRewiring_Test,21,412,12,defect,1.0,lra_q
NetworkRewiring_Test,21,412,13,defect,1.1379310344827587,lra_q
NetworkRewiring_Test,21,412,14,cooperate,0.0,lra_q
NetworkRewiring_Test,21,412,15,defect,1.1379310344827587,tit_for_tat
NetworkRewiring_Test,21,412,16,defect,1.1379310344827587,tit_for_tat
NetworkRewiring_Test,21,412,17,defect,1.1379310344827587,tit_for_tat
NetworkRewiring_Test,21,412,18,defect,1.0,tit_for_tat
NetworkRewiring_Test,21,412,19,defect,1.1379310344827587,tit_for_tat
NetworkRewiring_Test,21,412,20,defect,1.0,tit_for_tat
NetworkRewiring_Test,21,412,21,cooperate,0.0,tit_for_tat
NetworkRewiring_Test,21,412,22,defect,1.1379310344827587,tit_for_tat
NetworkRewiring_Test,21,412,23,defect,1.1379310344827587,tit_for_tat
NetworkRewiring_Test,21,412,24,defect,1.0,tit_for_tat
NetworkRewiring_Test,21,412,25,defect,1.0,tit_for_tat
NetworkRewiring_Test,21,412,26,defect,1.1379310344827587,tit_for_tat
NetworkRewiring_Test,21,412,27,defect,1.0,tit_for_tat
NetworkRewiring_Test,21,412,28,defect,1.0,tit_for_tat
NetworkRewiring_Test,21,412,29,defect,1.1379310344827587,tit_for_tat
NetworkRewiring_Test,21,413,0,cooperate,0.0,lra_q
NetworkRewiring_Test,21,413,1,defect,1.1379310344827587,lra_q
NetworkRewiring_Test,21,413,2,defect,1.4137931034482758,lra_q
NetworkRewiring_Test,21,413,3,defect,1.1379310344827587,lra_q
NetworkRewiring_Test,21,413,4,cooperate,0.10344827586206896,lra_q
NetworkRewiring_Test,21,413,5,cooperate,0.20689655172413793,lra_q
NetworkRewiring_Test,21,413,6,defect,1.4137931034482758,lra_q
NetworkRewiring_Test,21,413,7,defect,1.1379310344827587,lra_q
NetworkRewiring_Test,21,413,8,defect,1.2758620689655173,lra_q
NetworkRewiring_Test,21,413,9,defect,1.1379310344827587,lra_q
NetworkRewiring_Test,21,413,10,cooperate,0.20689655172413793,lra_q
NetworkRewiring_Test,21,413,11,defect,1.0,lra_q
NetworkRewiring_Test,21,413,12,defect,1.1379310344827587,lra_q
NetworkRewiring_Test,21,413,13,defect,1.1379310344827587,lra_q
NetworkRewiring_Test,21,413,14,cooperate,0.10344827586206896,lra_q
NetworkRewiring_Test,21,413,15,defect,1.4137931034482758,tit_for_tat
NetworkRewiring_Test,21,413,16,cooperate,0.0,tit_for_tat
NetworkRewiring_Test,21,413,17,defect,1.4137931034482758,tit_for_tat
NetworkRewiring_Test,21,413,18,defect,1.2758620689655173,tit_for_tat
NetworkRewiring_Test,21,413,19,cooperate,0.10344827586206896,tit_for_tat
NetworkRewiring_Test,21,413,20,defect,1.1379310344827587,tit_for_tat
NetworkRewiring_Test,21,413,21,defect,1.1379310344827587,tit_for_tat
NetworkRewiring_Test,21,413,22,defect,1.2758620689655173,tit_for_tat
NetworkRewiring_Test,21,413,23,defect,1.0,tit_for_tat
NetworkRewiring_Test,21,413,24,defect,1.1379310344827587,tit_for_tat
NetworkRewiring_Test,21,413,25,defect,1.5517241379310345,tit_for_tat
NetworkRewiring_Test,21,413,26,cooperate,0.10344827586206896,tit_for_tat
NetworkRewiring_Test,21,413,27,defect,1.1379310344827587,tit_for_tat
NetworkRewiring_Test,21,413,28,defect,1.4137931034482758,tit_for_tat
NetworkRewiring_Test,21,413,29,cooperate,0.0,tit_for_tat
NetworkRewiring_Test,21,414,0,cooperate,0.3103448275862069,lra_q
NetworkRewiring_Test,21,414,1,defect,1.1379310344827587,lra_q
NetworkRewiring_Test,21,414,2,defect,1.0,lra_q
NetworkRewiring_Test,21,414,3,defect,1.0,lra_q
NetworkRewiring_Test,21,414,4,cooperate,0.10344827586206896,lra_q
NetworkRewiring_Test,21,414,5,defect,1.2758620689655173,lra_q
NetworkRewiring_Test,21,414,6,defect,1.0,lra_q
NetworkRewiring_Test,21,414,7,defect,1.1379310344827587,lra_q
NetworkRewiring_Test,21,414,8,defect,1.2758620689655173,lra_q
NetworkRewiring_Test,21,414,9,defect,1.1379310344827587,lra_q
NetworkRewiring_Test,21,414,10,cooperate,0.20689655172413793,lra_q
NetworkRewiring_Test,21,414,11,defect,1.0,lra_q
NetworkRewiring_Test,21,414,12,defect,1.1379310344827587,lra_q
NetworkRewiring_Test,21,414,13,defect,1.0,lra_q
NetworkRewiring_Test,21,414,14,defect,1.4137931034482758,lra_q
NetworkRewiring_Test,21,414,15,cooperate,0.3103448275862069,tit_for_tat
NetworkRewiring_Test,21,414,16,defect,1.2758620689655173,tit_for_tat
NetworkRewiring_Test,21,414,17,cooperate,0.10344827586206896,tit_for_tat
NetworkRewiring_Test,21,414,18,defect,1.2758620689655173,tit_for_tat
NetworkRewiring_Test,21,414,19,defect,1.4137931034482758,tit_for_tat
NetworkRewiring_Test,21,414,20,cooperate,0.10344827586206896,tit_for_tat
NetworkRewiring_Test,21,414,21,cooperate,0.10344827586206896,tit_for_tat
NetworkRewiring_Test,21,414,22,cooperate,0.5172413793103449,tit_for_tat
NetworkRewiring_Test,21,414,23,defect,1.0,tit_for_tat
NetworkRewiring_Test,21,414,24,defect,1.0,tit_for_tat
NetworkRewiring_Test,21,414,25,cooperate,0.3103448275862069,tit_for_tat
NetworkRewiring_Test,21,414,26,defect,1.0,tit_for_tat
NetworkRewiring_Test,21,414,27,defect,1.1379310344827587,tit_for_tat
NetworkRewiring_Test,21,414,28,defect,1.1379310344827587,tit_for_tat
NetworkRewiring_Test,21,414,29,defect,1.1379310344827587,tit_for_tat
NetworkRewiring_Test,21,415,0,defect,1.4137931034482758,lra_q
NetworkRewiring_Test,21,415,1,defect,1.1379310344827587,lra_q
NetworkRewiring_Test,21,415,2,defect,1.0,lra_q
NetworkRewiring_Test,21,415,3,defect,1.0,lra_q
NetworkRewiring_Test,21,415,4,cooperate,0.10344827586206896,lra_q
NetworkRewiring_Test,21,415,5,defect,1.2758620689655173,lra_q
NetworkRewiring_Test,21,415,6,defect,1.0,lra_q
NetworkRewiring_Test,21,415,7,defect,1.0,lra_q
NetworkRewiring_Test,21,415,8,defect,1.1379310344827587,lra_q
NetworkRewiring_Test,21,415,9,defect,1.1379310344827587,lra_q
NetworkRewiring_Test,21,415,10,cooperate,0.20689655172413793,lra_q
NetworkRewiring_Test,21,415,11,defect,1.0,lra_q
NetworkRewiring_Test,21,415,12,defect,1.1379310344827587,lra_q
NetworkRewiring_Test,21,415,13,defect,1.0,lra_q
NetworkRewiring_Test,21,415,14,defect,1.2758620689655173,lra_q
NetworkRewiring_Test,21,415,15,cooperate,0.10344827586206896,tit_for_tat
NetworkRewiring_Test,21,415,16,defect,1.2758620689655173,tit_for_tat
NetworkRewiring_Test,21,415,17,defect,1.2758620689655173,tit_for_tat
NetworkRewiring_Test,21,415,18,cooperate,0.10344827586206896,tit_for_tat
NetworkRewiring_Test,21,415,19,defect,1.2758620689655173,tit_for_tat
NetworkRewiring_Test,21,415,20,cooperate,0.20689655172413793,tit_for_tat
NetworkRewiring_Test,21,415,21,defect,1.1379310344827587,tit_for_tat
NetworkRewiring_Test,21,415,22,cooperate,0.3103448275862069,tit_for_tat
NetworkRewiring_Test,21,415,23,defect,1.0,tit_for_tat
NetworkRewiring_Test,21,415,24,defect,1.0,tit_for_tat
NetworkRewiring_Test,21,415,25,cooperate,0.3103448275862069,tit_for_tat
NetworkRewiring_Test,21,415,26,defect,1.0,tit_for_tat
NetworkRewiring_Test,21,415,27,cooperate,0.10344827586206896,tit_for_tat
NetworkRewiring_Test,21,415,28,defect,1.1379310344827587,tit_for_tat
NetworkRewiring_Test,21,415,29,defect,1.2758620689655173,tit_for_tat
NetworkRewiring_Test,21,416,0,defect,1.0,lra_q
NetworkRewiring_Test,21,416,1,defect,1.1379310344827587,lra_q
NetworkRewiring_Test,21,416,2,defect,1.0,lra_q
NetworkRewiring_Test,21,416,3,defect,1.0,lra_q
NetworkRewiring_Test,21,416,4,cooperate,0.0,lra_q
NetworkRewiring_Test,21,416,5,defect,1.2758620689655173,lra_q
NetworkRewiring_Test,21,416,6,defect,1.0,lra_q
NetworkRewiring_Test,21,416,7,defect,1.1379310344827587,lra_q
NetworkRewiring_Test,21,416,8,defect,1.1379310344827587,lra_q
NetworkRewiring_Test,21,416,9,defect,1.1379310344827587,lra_q
NetworkRewiring_Test,21,416,10,cooperate,0.10344827586206896,lra_q
NetworkRewiring_Test,21,416,11,defect,1.0,lra_q
NetworkRewiring_Test,21,416,12,defect,1.0,lra_q
NetworkRewiring_Test,21,416,13,defect,1.1379310344827587,lra_q
NetworkRewiring_Test,21,416,14,cooperate,0.20689655172413793,lra_q
NetworkRewiring_Test,21,416,15,defect,1.2758620689655173,tit_for_tat
NetworkRewiring_Test,21,416,16,defect,1.2758620689655173,tit_for_tat
NetworkRewiring_Test,21,416,17,cooperate,0.20689655172413793,tit_for_tat
NetworkRewiring_Test,21,416,18,cooperate,0.10344827586206896,tit_for_tat
NetworkRewiring_Test,21,416,19,defect,1.2758620689655173,tit_for_tat
NetworkRewiring_Test,21,416,20,defect,1.1379310344827587,tit_for_tat
NetworkRewiring_Test,21,416,21,defect,1.0,tit_for_tat
NetworkRewiring_Test,21,416,22,defect,1.1379310344827587,tit_for_tat
NetworkRewiring_Test,21,416,23,defect,1.0,tit_for_tat
NetworkRewiring_Test,21,416,24,defect,1.0,tit_for_tat
NetworkRewiring_Test,21,416,25,defect,1.4137931034482758,tit_for_tat
NetworkRewiring_Test,21,416,26,defect,1.0,tit_for_tat
NetworkRewiring_Test,21,416,27,cooperate,0.0,tit_for_tat
NetworkRewiring_Test,21,416,28,defect,1.1379310344827587,tit_for_tat
NetworkRewiring_Test,21,416,29,defect,1.1379310344827587,tit_for_tat
NetworkRewiring_Test,21,417,0,defect,1.1379310344827587,lra_q
NetworkRewiring_Test,21,417,1,defect,1.1379310344827587,lra_q
NetworkRewiring_Test,21,417,2,cooperate,0.0,lra_q
NetworkRewiring_Test,21,417,3,defect,1.0,lra_q
NetworkRewiring_Test,21,417,4,cooperate,0.0,lra_q
NetworkRewiring_Test,21,417,5,defect,1.2758620689655173,lra_q
NetworkRewiring_Test,21,417,6,defect,1.0,lra_q
NetworkRewiring_Test,21,417,7,defect,1.1379310344827587,lra_q
NetworkRewiring_Test,21,417,8,defect,1.1379310344827587,lra_q
NetworkRewiring_Test,21,417,9,defect,1.1379310344827587,lra_q
NetworkRewiring_Test,21,417,10,cooperate,0.10344827586206896,lra_q
NetworkRewiring_Test,21,417,11,defect,1.1379310344827587,lra_q
NetworkRewiring_Test,21,417,12,defect,1.1379310344827587,lra_q
NetworkRewiring_Test,21,417,13,defect,1.1379310344827587,lra_q
NetworkRewiring_Test,21,417,14,cooperate,0.3103448275862069,lra_q
NetworkRewiring_Test,21,417,15,cooperate,0.20689655172413793,tit_for_tat
NetworkRewiring_Test,21,417,16,defect,1.4137931034482758,tit_for_tat
NetworkRewiring_Test,21,417,17,cooperate,0.20689655172413793,tit_for_tat
NetworkRewiring_Test,21,417,18,defect,1.1379310344827587,tit_for_tat
NetworkRewiring_Test,21,417,19,defect,1.1379310344827587,tit_for_tat
NetworkRewiring_Test,21,417,20,defect,1.0,tit_for_tat
NetworkRewiring_Test,21,417,21,defect,1.0,tit_for_tat
NetworkRewiring_Test,21,417,22,defect,1.2758620689655173,tit_for_tat
NetworkRewiring_Test,21,417,23,defect,1.1379310344827587,tit_for_tat
NetworkRewiring_Test,21,417,24,defect,1.0,tit_for_tat
NetworkRewiring_Test,21,417,25,defect,1.2758620689655173,tit_for_tat
NetworkRewiring_Test,21,417,26,defect,1.1379310344827587,tit_for_tat
NetworkRewiring_Test,21,417,27,defect,1.0,tit_for_tat
NetworkRewiring_Test,21,417,28,defect,1.0,tit_for_tat
NetworkRewiring_Test,21,417,29,defect,1.1379310344827587,tit_for_tat
NetworkRewiring_Test,21,418,0,defect,1.1379310344827587,lra_q
NetworkRewiring_Test,21,418,1,defect,1.1379310344827587,lra_q
NetworkRewiring_Test,21,418,2,cooperate,0.20689655172413793,lra_q
NetworkRewiring_Test,21,418,3,defect,1.0,lra_q
NetworkRewiring_Test,21,418,4,cooperate,0.0,lra_q
NetworkRewiring_Test,21,418,5,defect,1.2758620689655173,lra_q
NetworkRewiring_Test,21,418,6,defect,1.1379310344827587,lra_q
NetworkRewiring_Test,21,418,7,defect,1.1379310344827587,lra_q
NetworkRewiring_Test,21,418,8,defect,1.1379310344827587,lra_q
NetworkRewiring_Test,21,418,9,defect,1.1379310344827587,lra_q
NetworkRewiring_Test,21,418,10,cooperate,0.10344827586206896,lra_q
NetworkRewiring_Test,21,418,11,defect,1.1379310344827587,lra_q
NetworkRewiring_Test,21,418,12,defect,1.0,lra_q
NetworkRewiring_Test,21,418,13,defect,1.0,lra_q
NetworkRewiring_Test,21,418,14,defect,1.2758620689655173,lra_q
NetworkRewiring_Test,21,418,15,defect,1.4137931034482758,tit_for_tat
NetworkRewiring_Test,21,418,16,cooperate,0.3103448275862069,tit_for_tat
NetworkRewiring_Test,21,418,17,cooperate,0.20689655172413793,tit_for_tat
NetworkRewiring_Test,21,418,18,cooperate,0.20689655172413793,tit_for_tat
NetworkRewiring_Test,21,418,19,defect,1.4137931034482758,tit_for_tat
NetworkRewiring_Test,21,418,20,defect,1.2758620689655173,tit_for_tat
NetworkRewiring_Test,21,418,21,defect,1.1379310344827587,tit_for_tat
NetworkRewiring_Test,21,418,22,cooperate,0.10344827586206896,tit_for_tat
NetworkRewiring_Test,21,418,23,defect,1.1379310344827587,tit_for_tat
NetworkRewiring_Test,21,418,24,defect,1.1379310344827587,tit_for_tat
NetworkRewiring_Test,21,418,25,defect,1.2758620689655173,tit_for_tat
NetworkRewiring_Test,21,418,26,cooperate,0.10344827586206896,tit_for_tat
NetworkRewiring_Test,21,418,27,defect,1.0,tit_for_tat
NetworkRewiring_Test,21,418,28,defect,1.0,tit_for_tat
NetworkRewiring_Test,21,418,29,defect,1.1379310344827587,tit_for_tat
NetworkRewiring_Test,21,419,0,defect,1.2758620689655173,lra_q
NetworkRewiring_Test,21,419,1,defect,1.1379310344827587,lra_q
NetworkRewiring_Test,21,419,2,defect,1.4137931034482758,lra_q
NetworkRewiring_Test,21,419,3,defect,1.1379310344827587,lra_q
NetworkRewiring_Test,21,419,4,cooperate,0.10344827586206896,lra_q
NetworkRewiring_Test,21,419,5,defect,1.2758620689655173,lra_q
NetworkRewiring_Test,21,419,6,defect,1.1379310344827587,lra_q
NetworkRewiring_Test,21,419,7,defect,1.1379310344827587,lra_q
NetworkRewiring_Test,21,419,8,defect,1.2758620689655173,lra_q
NetworkRewiring_Test,21,419,9,defect,1.2758620689655173,lra_q
NetworkRewiring_Test,21,419,10,cooperate,0.3103448275862069,lra_q
NetworkRewiring_Test,21,419,11,cooperate,0.0,lra_q
NetworkRewiring_Test,21,419,12,defect,1.1379310344827587,lra_q
NetworkRewiring_Test,21,419,13,defect,1.1379310344827587,lra_q
NetworkRewiring_Test,21,419,14,cooperate,0.10344827586206896,lra_q
NetworkRewiring_Test,21,419,15,defect,1.4137931034482758,tit_for_tat
NetworkRewiring_Test,21,419,16,cooperate,0.10344827586206896,tit_for_tat
NetworkRewiring_Test,21,419,17,defect,1.4137931034482758,tit_for_tat
NetworkRewiring_Test,21,419,18,cooperate,0.20689655172413793,tit_for_tat
NetworkRewiring_Test,21,419,19,defect,1.2758620689655173,tit_for_tat
NetworkRewiring_Test,21,419,20,cooperate,0.20689655172413793,tit_for_tat
NetworkRewiring_Test,21,419,21,defect,1.1379310344827587,tit_for_tat
NetworkRewiring_Test,21,419,22,cooperate,0.20689655172413793,tit_for_tat
NetworkRewiring_Test,21,419,23,cooperate,0.0,tit_for_tat
NetworkRewiring_Test,21,419,24,defect,1.1379310344827587,tit_for_tat
NetworkRewiring_Test,21,419,25,cooperate,0.20689655172413793,tit_for_tat
NetworkRewiring_Test,21,419,26,defect,1.0,tit_for_tat
NetworkRewiring_Test,21,419,27,defect,1.1379310344827587,tit_for_tat
NetworkRewiring_Test,21,419,28,defect,1.0,tit_for_tat
NetworkRewiring_Test,21,419,29,defect,1.1379310344827587,tit_for_tat
NetworkRewiring_Test,21,420,0,defect,1.1379310344827587,lra_q
NetworkRewiring_Test,21,420,1,defect,1.1379310344827587,lra_q
NetworkRewiring_Test,21,420,2,defect,1.0,lra_q
NetworkRewiring_Test,21,420,3,defect,1.0,lra_q
NetworkRewiring_Test,21,420,4,cooperate,0.0,lra_q
NetworkRewiring_Test,21,420,5,defect,1.1379310344827587,lra_q
NetworkRewiring_Test,21,420,6,defect,1.0,lra_q
NetworkRewiring_Test,21,420,7,defect,1.1379310344827587,lra_q
NetworkRewiring_Test,21,420,8,defect,1.0,lra_q
NetworkRewiring_Test,21,420,9,defect,1.0,lra_q
NetworkRewiring_Test,21,420,10,defect,1.0,lra_q
NetworkRewiring_Test,21,420,11,defect,1.0,lra_q
NetworkRewiring_Test,21,420,12,defect,1.1379310344827587,lra_q
NetworkRewiring_Test,21,420,13,defect,1.0,lra_q
NetworkRewiring_Test,21,420,14,defect,1.2758620689655173,lra_q
NetworkRewiring_Test,21,420,15,cooperate,0.10344827586206896,tit_for_tat
NetworkRewiring_Test,21,420,16,defect,1.2758620689655173,tit_for_tat
NetworkRewiring_Test,21,420,17,cooperate,0.10344827586206896,tit_for_tat
NetworkRewiring_Test,21,420,18,defect,1.1379310344827587,tit_for_tat
NetworkRewiring_Test,21,420,19,defect,1.2758620689655173,tit_for_tat
NetworkRewiring_Test,21,420,20,defect,1.0,tit_for_tat
NetworkRewiring_Test,21,420,21,cooperate,0.0,tit_for_tat
NetworkRewiring_Test,21,420,22,defect,1.2758620689655173,tit_for_tat
NetworkRewiring_Test,21,420,23,defect,1.0,tit_for_tat
NetworkRewiring_Test,21,420,24,defect,1.0,tit_for_tat
NetworkRewiring_Test,21,420,25,defect,1.1379310344827587,tit_for_tat
NetworkRewiring_Test,21,420,26,defect,1.0,tit_for_tat
NetworkRewiring_Test,21,420,27,defect,1.0,tit_for_tat
NetworkRewiring_Test,21,420,28,defect,1.0,tit_for_tat
NetworkRewiring_Test,21,420,29,defect,1.0,tit_for_tat
NetworkRewiring_Test,21,421,0,defect,1.4137931034482758,lra_q
NetworkRewiring_Test,21,421,1,defect,1.1379310344827587,lra_q
NetworkRewiring_Test,21,421,2,defect,1.0,lra_q
NetworkRewiring_Test,21,421,3,defect,1.1379310344827587,lra_q
NetworkRewiring_Test,21,421,4,cooperate,0.20689655172413793,lra_q
NetworkRewiring_Test,21,421,5,cooperate,0.20689655172413793,lra_q
NetworkRewiring_Test,21,421,6,defect,1.2758620689655173,lra_q
NetworkRewiring_Test,21,421,7,defect,1.1379310344827587,lra_q
NetworkRewiring_Test,21,421,8,defect,1.1379310344827587,lra_q
NetworkRewiring_Test,21,421,9,defect,1.1379310344827587,lra_q
NetworkRewiring_Test,21,421,10,cooperate,0.41379310344827586,lra_q
NetworkRewiring_Test,21,421,11,defect,1.0,lra_q
NetworkRewiring_Test,21,421,12,defect,1.2758620689655173,lra_q
NetworkRewiring_Test,21,421,13,defect,1.1379310344827587,lra_q
NetworkRewiring_Test,21,421,14,cooperate,0.20689655172413793,lra_q
NetworkRewiring_Test,21,421,15,cooperate,0.20689655172413793,tit_for_tat
NetworkRewiring_Test,21,421,16,defect,1.1379310344827587,tit_for_tat
NetworkRewiring_Test,21,421,17,defect,1.4137931034482758,tit_for_tat
NetworkRewiring_Test,21,421,18,defect,1.1379310344827587,tit_for_tat
NetworkRewiring_Test,21,421,19,cooperate,0.0,tit_for_tat
NetworkRewiring_Test,21,421,20,defect,1.2758620689655173,tit_for_tat
NetworkRewiring_Test,21,421,21,defect,1.2758620689655173,tit_for_tat
NetworkRewiring_Test,21,421,22,cooperate,0.20689655172413793,tit_for_tat
NetworkRewiring_Test,21,421,23,defect,1.0,tit_for_tat
NetworkRewiring_Test,21,421,24,defect,1.0,tit_for_tat
NetworkRewiring_Test,21,421,25,cooperate,0.20689655172413793,tit_for_tat
NetworkRewiring_Test,21,421,26,defect,1.1379310344827587,tit_for_tat
NetworkRewiring_Test,21,421,27,defect,1.1379310344827587,tit_for_tat
NetworkRewiring_Test,21,421,28,defect,1.1379310344827587,tit_for_tat
NetworkRewiring_Test,21,421,29,defect,1.1379310344827587,tit_for_tat
NetworkRewiring_Test,21,422,0,defect,1.1379310344827587,lra_q
NetworkRewiring_Test,21,422,1,defect,1.0,lra_q
NetworkRewiring_Test,21,422,2,defect,1.2758620689655173,lra_q
NetworkRewiring_Test,21,422,3,defect,1.0,lra_q
NetworkRewiring_Test,21,422,4,defect,1.0,lra_q
NetworkRewiring_Test,21,422,5,defect,1.2758620689655173,lra_q
NetworkRewiring_Test,21,422,6,cooperate,0.20689655172413793,lra_q
NetworkRewiring_Test,21,422,7,cooperate,0.0,lra_q
NetworkRewiring_Test,21,422,8,defect,1.0,lra_q
NetworkRewiring_Test,21,422,9,defect,1.1379310344827587,lra_q
NetworkRewiring_Test,21,422,10,defect,1.1379310344827587,lra_q
NetworkRewiring_Test,21,422,11,defect,1.1379310344827587,lra_q
NetworkRewiring_Test,21,422,12,defect,1.1379310344827587,lra_q
NetworkRewiring_Test,21,422,13,cooperate,0.20689655172413793,lra_q
NetworkRewiring_Test,21,422,14,cooperate,0.20689655172413793,lra_q
NetworkRewiring_Test,21,422,15,cooperate,0.20689655172413793,tit_for_tat
NetworkRewiring_Test,21,422,16,cooperate,0.20689655172413793,tit_for_tat
NetworkRewiring_Test,21,422,17,defect,1.5517241379310345,tit_for_tat
NetworkRewiring_Test,21,422,18,defect,1.1379310344827587,tit_for_tat
NetworkRewiring_Test,21,422,19,defect,1.4137931034482758,tit_for_tat
NetworkRewiring_Test,21,422,20,defect,1.0,tit_for_tat
NetworkRewiring_Test,21,422,21,cooperate,0.0,tit_for_tat
NetworkRewiring_Test,21,422,22,defect,1.2758620689655173,tit_for_tat
NetworkRewiring_Test,21,422,23,defect,1.0,tit_for_tat
NetworkRewiring_Test,21,422,24,defect,1.1379310344827587,tit_for_tat
NetworkRewiring_Test,21,422,25,defect,1.1379310344827587,tit_for_tat
NetworkRewiring_Test,21,422,26,cooperate,0.0,tit_for_tat
NetworkRewiring_Test,21,422,27,cooperate,0.0,tit_for_tat
NetworkRewiring_Test,21,422,28,defect,1.1379310344827587,tit_for_tat
NetworkRewiring_Test,21,422,29,defect,1.1379310344827587,tit_for_tat
NetworkRewiring_Test,21,423,0,defect,1.1379310344827587,lra_q
NetworkRewiring_Test,21,423,1,defect,1.1379310344827587,lra_q
NetworkRewiring_Test,21,423,2,defect,1.1379310344827587,lra_q
NetworkRewiring_Test,21,423,3,defect,1.0,lra_q
NetworkRewiring_Test,21,423,4,cooperate,0.0,lra_q
NetworkRewiring_Test,21,423,5,defect,1.4137931034482758,lra_q
NetworkRewiring_Test,21,423,6,cooperate,0.10344827586206896,lra_q
NetworkRewiring_Test,21,423,7,defect,1.0,lra_q
NetworkRewiring_Test,21,423,8,defect,1.1379310344827587,lra_q
NetworkRewiring_Test,21,423,9,defect,1.1379310344827587,lra_q
NetworkRewiring_Test,21,423,10,cooperate,0.20689655172413793,lra_q
NetworkRewiring_Test,21,423,11,defect,1.0,lra_q
NetworkRewiring_Test,21,423,12,defect,1.0,lra_q
NetworkRewiring_Test,21,423,13,defect,1.2758620689655173,lra_q
NetworkRewiring_Test,21,423,14,cooperate,0.10344827586206896,lra_q
NetworkRewiring_Test,21,423,15,defect,1.4137931034482758,tit_for_tat
NetworkRewiring_Test,21,423,16,cooperate,0.10344827586206896,tit_for_tat
NetworkRewiring_Test,21,423,17,defect,1.2758620689655173,tit_for_tat
NetworkRewiring_Test,21,423,18,defect,1.1379310344827587,tit_for_tat
NetworkRewiring_Test,21,423,19,defect,1.1379310344827587,tit_for_tat
NetworkRewiring_Test,21,423,20,defect,1.1379310344827587,tit_for_tat
NetworkRewiring_Test,21,423,21,defect,1.1379310344827587,tit_for_tat
NetworkRewiring_Test,21,423,22,cooperate,0.10344827586206896,tit_for_tat
NetworkRewiring_Test,21,423,23,defect,1.0,tit_for_tat
NetworkRewiring_Test,21,423,24,defect,1.0,tit_for_tat
NetworkRewiring_Test,21,423,25,defect,1.2758620689655173,tit_for_tat
NetworkRewiring_Test,21,423,26,defect,1.0,tit_for_tat
NetworkRewiring_Test,21,423,27,defect,1.0,tit_for_tat
NetworkRewiring_Test,21,423,28,defect,1.0,tit_for_tat
NetworkRewiring_Test,21,423,29,defect,1.0,tit_for_tat
NetworkRewiring_Test,21,424,0,defect,1.2758620689655173,lra_q
NetworkRewiring_Test,21,424,1,defect,1.1379310344827587,lra_q
NetworkRewiring_Test,21,424,2,defect,1.1379310344827587,lra_q
NetworkRewiring_Test,21,424,3,defect,1.1379310344827587,lra_q
NetworkRewiring_Test,21,424,4,cooperate,0.10344827586206896,lra_q
NetworkRewiring_Test,21,424,5,defect,1.4137931034482758,lra_q
NetworkRewiring_Test,21,424,6,defect,1.2758620689655173,lra_q
NetworkRewiring_Test,21,424,7,cooperate,0.20689655172413793,lra_q
NetworkRewiring_Test,21,424,8,defect,1.2758620689655173,lra_q
NetworkRewiring_Test,21,424,9,defect,1.4137931034482758,lra_q
NetworkRewiring_Test,21,424,10,cooperate,0.10344827586206896,lra_q
NetworkRewiring_Test,21,424,11,cooperate,0.10344827586206896,lra_q
NetworkRewiring_Test,21,424,12,defect,1.2758620689655173,lra_q
NetworkRewiring_Test,21,424,13,cooperate,0.0,lra_q
NetworkRewiring_Test,21,424,14,defect,1.5517241379310345,lra_q
NetworkRewiring_Test,21,424,15,cooperate,0.10344827586206896,tit_for_tat
NetworkRewiring_Test,21,424,16,defect,1.4137931034482758,tit_for_tat
NetworkRewiring_Test,21,424,17,cooperate,0.41379310344827586,tit_for_tat
NetworkRewiring_Test,21,424,18,cooperate,0.20689655172413793,tit_for_tat
NetworkRewiring_Test,21,424,19,cooperate,0.3103448275862069,tit_for_tat
NetworkRewiring_Test,21,424,20,defect,1.2758620689655173,tit_for_tat
NetworkRewiring_Test,21,424,21,cooperate,0.10344827586206896,tit_for_tat
NetworkRewiring_Test,21,424,22,defect,1.4137931034482758,tit_for_tat
NetworkRewiring_Test,21,424,23,defect,1.0,tit_for_tat
NetworkRewiring_Test,21,424,24,defect,1.0,tit_for_tat
NetworkRewiring_Test,21,424,25,cooperate,0.20689655172413793,tit_for_tat
NetworkRewiring_Test,21,424,26,defect,1.1379310344827587,tit_for_tat
NetworkRewiring_Test,21,424,27,defect,1.1379310344827587,tit_for_tat
NetworkRewiring_Test,21,424,28,defect,1.0,tit_for_tat
NetworkRewiring_Test,21,424,29,defect,1.1379310344827587,tit_for_tat
NetworkRewiring_Test,21,425,0,defect,1.1379310344827587,lra_q
NetworkRewiring_Test,21,425,1,defect,1.1379310344827587,lra_q
NetworkRewiring_Test,21,425,2,defect,1.2758620689655173,lra_q
NetworkRewiring_Test,21,425,3,defect,1.0,lra_q
NetworkRewiring_Test,21,425,4,cooperate,0.0,lra_q
NetworkRewiring_Test,21,425,5,defect,1.4137931034482758,lra_q
NetworkRewiring_Test,21,425,6,cooperate,0.10344827586206896,lra_q
NetworkRewiring_Test,21,425,7,defect,1.1379310344827587,lra_q
NetworkRewiring_Test,21,425,8,defect,1.1379310344827587,lra_q
NetworkRewiring_Test,21,425,9,defect,1.1379310344827587,lra_q
NetworkRewiring_Test,21,425,10,cooperate,0.20689655172413793,lra_q
NetworkRewiring_Test,21,425,11,defect,1.0,lra_q
NetworkRewiring_Test,21,425,12,defect,1.0,lra_q
NetworkRewiring_Test,21,425,13,defect,1.2758620689655173,lra_q
NetworkRewiring_Test,21,425,14,cooperate,0.20689655172413793,lra_q
NetworkRewiring_Test,21,425,15,defect,1.5517241379310345,tit_for_tat
NetworkRewiring_Test,21,425,16,cooperate,0.3103448275862069,tit_for_tat
NetworkRewiring_Test,21,425,17,cooperate,0.3103448275862069,tit_for_tat
NetworkRewiring_Test,21,425,18,cooperate,0.20689655172413793,tit_for_tat
NetworkRewiring_Test,21,425,19,defect,1.6896551724137931,tit_for_tat
NetworkRewiring_Test,21,425,20,defect,1.2758620689655173,tit_for_tat
NetworkRewiring_Test,21,425,21,cooperate,0.10344827586206896,tit_for_tat
NetworkRewiring_Test,21,425,22,cooperate,0.20689655172413793,tit_for_tat
NetworkRewiring_Test,21,425,23,defect,1.0,tit_for_tat
NetworkRewiring_Test,21,425,24,defect,1.1379310344827587,tit_for_tat
NetworkRewiring_Test,21,425,25,defect,1.2758620689655173,tit_for_tat
NetworkRewiring_Test,21,425,26,cooperate,0.0,tit_for_tat
NetworkRewiring_Test,21,425,27,defect,1.0,tit_for_tat
NetworkRewiring_Test,21,425,28,defect,1.0,tit_for_tat
NetworkRewiring_Test,21,425,29,defect,1.0,tit_for_tat
NetworkRewiring_Test,21,426,0,defect,1.2758620689655173,lra_q
NetworkRewiring_Test,21,426,1,defect,1.1379310344827587,lra_q
NetworkRewiring_Test,21,426,2,defect,1.0,lra_q
NetworkRewiring_Test,21,426,3,defect,1.1379310344827587,lra_q
NetworkRewiring_Test,21,426,4,cooperate,0.20689655172413793,lra_q
NetworkRewiring_Test,21,426,5,cooperate,0.20689655172413793,lra_q
NetworkRewiring_Test,21,426,6,defect,1.2758620689655173,lra_q
NetworkRewiring_Test,21,426,7,defect,1.2758620689655173,lra_q
NetworkRewiring_Test,21,426,8,defect,1.1379310344827587,lra_q
NetworkRewiring_Test,21,426,9,defect,1.1379310344827587,lra_q
NetworkRewiring_Test,21,426,10,cooperate,0.41379310344827586,lra_q
NetworkRewiring_Test,21,426,11,defect,1.0,lra_q
NetworkRewiring_Test,21,426,12,defect,1.1379310344827587,lra_q
NetworkRewiring_Test,21,426,13,defect,1.1379310344827587,lra_q
NetworkRewiring_Test,21,426,14,cooperate,0.20689655172413793,lra_q
NetworkRewiring_Test,21,426,15,defect,1.4137931034482758,tit_for_tat
NetworkRewiring_Test,21,426,16,defect,1.2758620689655173,tit_for_tat
NetworkRewiring_Test,21,426,17,cooperate,0.3103448275862069,tit_for_tat
NetworkRewiring_Test,21,426,18,cooperate,0.3103448275862069,tit_for_tat
NetworkRewiring_Test,21,426,19,cooperate,0.3103448275862069,tit_for_tat
NetworkRewiring_Test,21,426,20,cooperate,0.3103448275862069,tit_for_tat
NetworkRewiring_Test,21,426,21,defect,1.2758620689655173,tit_for_tat
NetworkRewiring_Test,21,426,22,cooperate,0.20689655172413793,tit_for_tat
NetworkRewiring_Test,21,426,23,defect,1.1379310344827587,tit_for_tat
NetworkRewiring_Test,21,426,24,cooperate,0.0,tit_for_tat
NetworkRewiring_Test,21,426,25,cooperate,0.20689655172413793,tit_for_tat
NetworkRewiring_Test,21,426,26,defect,1.2758620689655173,tit_for_tat
NetworkRewiring_Test,21,426,27,defect,1.1379310344827587,tit_for_tat
NetworkRewiring_Test,21,426,28,defect,1.1379310344827587,tit_for_tat
NetworkRewiring_Test,21,426,29,defect,1.1379310344827587,tit_for_tat
NetworkRewiring_Test,21,427,0,defect,1.2758620689655173,lra_q
NetworkRewiring_Test,21,427,1,defect,1.0,lra_q
NetworkRewiring_Test,21,427,2,defect,1.2758620689655173,lra_q
NetworkRewiring_Test,21,427,3,defect,1.0,lra_q
NetworkRewiring_Test,21,427,4,defect,1.1379310344827587,lra_q
NetworkRewiring_Test,21,427,5,defect,1.1379310344827587,lra_q
NetworkRewiring_Test,21,427,6,cooperate,0.20689655172413793,lra_q
NetworkRewiring_Test,21,427,7,defect,1.0,lra_q
NetworkRewiring_Test,21,427,8,defect,1.0,lra_q
NetworkRewiring_Test,21,427,9,defect,1.0,lra_q
NetworkRewiring_Test,21,427,10,defect,1.2758620689655173,lra_q
NetworkRewiring_Test,21,427,11,defect,1.0,lra_q
NetworkRewiring_Test,21,427,12,defect,1.1379310344827587,lra_q
NetworkRewiring_Test,21,427,13,defect,1.2758620689655173,lra_q
NetworkRewiring_Test,21,427,14,cooperate,0.10344827586206896,lra_q
NetworkRewiring_Test,21,427,15,cooperate,0.20689655172413793,tit_for_tat
NetworkRewiring_Test,21,427,16,cooperate,0.20689655172413793,tit_for_tat
NetworkRewiring_Test,21,427,17,defect,1.5517241379310345,tit_for_tat
NetworkRewiring_Test,21,427,18,defect,1.4137931034482758,tit_for_tat
NetworkRewiring_Test,21,427,19,cooperate,0.3103448275862069,tit_for_tat
NetworkRewiring_Test,21,427,20,cooperate,0.10344827586206896,tit_for_tat
NetworkRewiring_Test,21,427,21,cooperate,0.10344827586206896,tit_for_tat
NetworkRewiring_Test,21,427,22,defect,1.4137931034482758,tit_for_tat
NetworkRewiring_Test,21,427,23,cooperate,0.0,tit_for_tat
NetworkRewiring_Test,21,427,24,defect,1.1379310344827587,tit_for_tat
NetworkRewiring_Test,21,427,25,cooperate,0.0,tit_for_tat
NetworkRewiring_Test,21,427,26,defect,1.1379310344827587,tit_for_tat
NetworkRewiring_Test,21,427,27,defect,1.1379310344827587,tit_for_tat
NetworkRewiring_Test,21,427,28,defect,1.0,tit_for_tat
NetworkRewiring_Test,21,427,29,defect,1.1379310344827587,tit_for_tat
NetworkRewiring_Test,21,428,0,defect,1.1379310344827587,lra_q
NetworkRewiring_Test,21,428,1,defect,1.2758620689655173,lra_q
NetworkRewiring_Test,21,428,2,defect,1.1379310344827587,lra_q
NetworkRewiring_Test,21,428,3,cooperate,0.10344827586206896,lra_q
NetworkRewiring_Test,21,428,4,cooperate,0.10344827586206896,lra_q
NetworkRewiring_Test,21,428,5,cooperate,0.41379310344827586,lra_q
NetworkRewiring_Test,21,428,6,cooperate,0.3103448275862069,lra_q
NetworkRewiring_Test,21,428,7,defect,1.2758620689655173,lra_q
NetworkRewiring_Test,21,428,8,defect,1.1379310344827587,lra_q
NetworkRewiring_Test,21,428,9,defect,1.1379310344827587,lra_q
NetworkRewiring_Test,21,428,10,cooperate,0.20689655172413793,lra_q
NetworkRewiring_Test,21,428,11,defect,1.1379310344827587,lra_q
NetworkRewiring_Test,21,428,12,defect,1.1379310344827587,lra_q
NetworkRewiring_Test,21,428,13,defect,1.1379310344827587,lra_q
NetworkRewiring_Test,21,428,14,defect,1.2758620689655173,lra_q
NetworkRewiring_Test,21,428,15,defect,1.4137931034482758,tit_for_tat
NetworkRewiring_Test,21,428,16,cooperate,0.3103448275862069,tit_for_tat
NetworkRewiring_Test,21,428,17,cooperate,0.3103448275862069,tit_for_tat
NetworkRewiring_Test,21,428,18,cooperate,0.3103448275862069,tit_for_tat
NetworkRewiring_Test,21,428,19,cooperate,0.41379310344827586,tit_for_tat
NetworkRewiring_Test,21,428,20,defect,1.4137931034482758,tit_for_tat
NetworkRewiring_Test,21,428,21,cooperate,0.20689655172413793,tit_for_tat
NetworkRewiring_Test,21,428,22,cooperate,0.20689655172413793,tit_for_tat
NetworkRewiring_Test,21,428,23,defect,1.0,tit_for_tat
NetworkRewiring_Test,21,428,24,defect,1.0,tit_for_tat
NetworkRewiring_Test,21,428,25,defect,1.2758620689655173,tit_for_tat
NetworkRewiring_Test,21,428,26,defect,1.1379310344827587,tit_for_tat
NetworkRewiring_Test,21,428,27,defect,1.0,tit_for_tat
NetworkRewiring_Test,21,428,28,defect,1.1379310344827587,tit_for_tat
NetworkRewiring_Test,21,428,29,defect,1.0,tit_for_tat
NetworkRewiring_Test,21,429,0,defect,1.0,lra_q
NetworkRewiring_Test,21,429,1,defect,1.1379310344827587,lra_q
NetworkRewiring_Test,21,429,2,defect,1.0,lra_q
NetworkRewiring_Test,21,429,3,defect,1.0,lra_q
NetworkRewiring_Test,21,429,4,cooperate,0.0,lra_q
NetworkRewiring_Test,21,429,5,defect,1.2758620689655173,lra_q
NetworkRewiring_Test,21,429,6,defect,1.1379310344827587,lra_q
NetworkRewiring_Test,21,429,7,defect,1.1379310344827587,lra_q
NetworkRewiring_Test,21,429,8,defect,1.1379310344827587,lra_q
NetworkRewiring_Test,21,429,9,defect,1.1379310344827587,lra_q
NetworkRewiring_Test,21,429,10,cooperate,0.10344827586206896,lra_q
NetworkRewiring_Test,21,429,11,defect,1.0,lra_q
NetworkRewiring_Test,21,429,12,defect,1.0,lra_q
NetworkRewiring_Test,21,429,13,defect,1.1379310344827587,lra_q
NetworkRewiring_Test,21,429,14,cooperate,0.20689655172413793,lra_q
NetworkRewiring_Test,21,429,15,defect,1.2758620689655173,tit_for_tat
NetworkRewiring_Test,21,429,16,defect,1.2758620689655173,tit_for_tat
NetworkRewiring_Test,21,429,17,cooperate,0.3103448275862069,tit_for_tat
NetworkRewiring_Test,21,429,18,cooperate,0.3103448275862069,tit_for_tat
NetworkRewiring_Test,21,429,19,cooperate,0.41379310344827586,tit_for_tat
NetworkRewiring_Test,21,429,20,cooperate,0.20689655172413793,tit_for_tat
NetworkRewiring_Test,21,429,21,cooperate,0.10344827586206896,tit_for_tat
NetworkRewiring_Test,21,429,22,defect,1.4137931034482758,tit_for_tat
NetworkRewiring_Test,21,429,23,defect,1.0,tit_for_tat
NetworkRewiring_Test,21,429,24,defect,1.0,tit_for_tat
NetworkRewiring_Test,21,429,25,defect,1.2758620689655173,tit_for_tat
NetworkRewiring_Test,21,429,26,defect,1.1379310344827587,tit_for_tat
NetworkRewiring_Test,21,429,27,defect,1.0,tit_for_tat
NetworkRewiring_Test,21,429,28,defect,1.0,tit_for_tat
NetworkRewiring_Test,21,429,29,defect,1.0,tit_for_tat
NetworkRewiring_Test,21,430,0,defect,1.0,lra_q
NetworkRewiring_Test,21,430,1,defect,1.1379310344827587,lra_q
NetworkRewiring_Test,21,430,2,defect,1.0,lra_q
NetworkRewiring_Test,21,430,3,defect,1.0,lra_q
NetworkRewiring_Test,21,430,4,cooperate,0.0,lra_q
NetworkRewiring_Test,21,430,5,defect,1.2758620689655173,lra_q
NetworkRewiring_Test,21,430,6,defect,1.0,lra_q
NetworkRewiring_Test,21,430,7,defect,1.1379310344827587,lra_q
NetworkRewiring_Test,21,430,8,defect,1.1379310344827587,lra_q
NetworkRewiring_Test,21,430,9,defect,1.1379310344827587,lra_q
NetworkRewiring_Test,21,430,10,cooperate,0.10344827586206896,lra_q
NetworkRewiring_Test,21,430,11,defect,1.0,lra_q
NetworkRewiring_Test,21,430,12,defect,1.0,lra_q
NetworkRewiring_Test,21,430,13,defect,1.1379310344827587,lra_q
NetworkRewiring_Test,21,430,14,cooperate,0.20689655172413793,lra_q
NetworkRewiring_Test,21,430,15,defect,1.2758620689655173,tit_for_tat
NetworkRewiring_Test,21,430,16,defect,1.2758620689655173,tit_for_tat
NetworkRewiring_Test,21,430,17,cooperate,0.20689655172413793,tit_for_tat
NetworkRewiring_Test,21,430,18,cooperate,0.20689655172413793,tit_for_tat
NetworkRewiring_Test,21,430,19,defect,1.4137931034482758,tit_for_tat
NetworkRewiring_Test,21,430,20,cooperate,0.10344827586206896,tit_for_tat
NetworkRewiring_Test,21,430,21,defect,1.0,tit_for_tat
NetworkRewiring_Test,21,430,22,defect,1.2758620689655173,tit_for_tat
NetworkRewiring_Test,21,430,23,defect,1.0,tit_for_tat
NetworkRewiring_Test,21,430,24,defect,1.0,tit_for_tat
NetworkRewiring_Test,21,430,25,defect,1.2758620689655173,tit_for_tat
NetworkRewiring_Test,21,430,26,defect,1.0,tit_for_tat
NetworkRewiring_Test,21,430,27,defect,1.0,tit_for_tat
NetworkRewiring_Test,21,430,28,defect,1.0,tit_for_tat
NetworkRewiring_Test,21,430,29,defect,1.0,tit_for_tat
NetworkRewiring_Test,21,431,0,defect,1.1379310344827587,lra_q
NetworkRewiring_Test,21,431,1,defect,1.1379310344827587,lra_q
NetworkRewiring_Test,21,431,2,defect,1.1379310344827587,lra_q
NetworkRewiring_Test,21,431,3,defect,1.0,lra_q
NetworkRewiring_Test,21,431,4,cooperate,0.0,lra_q
NetworkRewiring_Test,21,431,5,defect,1.2758620689655173,lra_q
NetworkRewiring_Test,21,431,6,defect,1.1379310344827587,lra_q
NetworkRewiring_Test,21,431,7,defect,1.0,lra_q
NetworkRewiring_Test,21,431,8,cooperate,0.10344827586206896,lra_q
NetworkRewiring_Test,21,431,9,defect,1.1379310344827587,lra_q
NetworkRewiring_Test,21,431,10,cooperate,0.20689655172413793,lra_q
NetworkRewiring_Test,21,431,11,defect,1.1379310344827587,lra_q
NetworkRewiring_Test,21,431,12,defect,1.0,lra_q
NetworkRewiring_Test,21,431,13,defect,1.1379310344827587,lra_q
NetworkRewiring_Test,21,431,14,cooperate,0.10344827586206896,lra_q
NetworkRewiring_Test,21,431,15,defect,1.2758620689655173,tit_for_tat
NetworkRewiring_Test,21,431,16,cooperate,0.0,tit_for_tat
NetworkRewiring_Test,21,431,17,defect,1.2758620689655173,tit_for_tat
NetworkRewiring_Test,21,431,18,defect,1.1379310344827587,tit_for_tat
NetworkRewiring_Test,21,431,19,defect,1.0,tit_for_tat
NetworkRewiring_Test,21,431,20,defect,1.0,tit_for_tat
NetworkRewiring_Test,21,431,21,defect,1.0,tit_for_tat
NetworkRewiring_Test,21,431,22,defect,1.1379310344827587,tit_for_tat
NetworkRewiring_Test,21,431,23,defect,1.0,tit_for_tat
NetworkRewiring_Test,21,431,24,defect,1.0,tit_for_tat
NetworkRewiring_Test,21,431,25,defect,1.2758620689655173,tit_for_tat
NetworkRewiring_Test,21,431,26,defect,1.0,tit_for_tat
NetworkRewiring_Test,21,431,27,defect,1.0,tit_for_tat
NetworkRewiring_Test,21,431,28,defect,1.0,tit_for_tat
NetworkRewiring_Test,21,431,29,defect,1.0,tit_for_tat
NetworkRewiring_Test,21,432,0,cooperate,0.20689655172413793,lra_q
NetworkRewiring_Test,21,432,1,defect,1.1379310344827587,lra_q
NetworkRewiring_Test,21,432,2,defect,1.0,lra_q
NetworkRewiring_Test,21,432,3,defect,1.0,lra_q
NetworkRewiring_Test,21,432,4,cooperate,0.10344827586206896,lra_q
NetworkRewiring_Test,21,432,5,defect,1.2758620689655173,lra_q
NetworkRewiring_Test,21,432,6,defect,1.0,lra_q
NetworkRewiring_Test,21,432,7,defect,1.0,lra_q
NetworkRewiring_Test,21,432,8,defect,1.2758620689655173,lra_q
NetworkRewiring_Test,21,432,9,defect,1.1379310344827587,lra_q
NetworkRewiring_Test,21,432,10,cooperate,0.10344827586206896,lra_q
NetworkRewiring_Test,21,432,11,defect,1.0,lra_q
NetworkRewiring_Test,21,432,12,defect,1.1379310344827587,lra_q
NetworkRewiring_Test,21,432,13,defect,1.0,lra_q
NetworkRewiring_Test,21,432,14,defect,1.2758620689655173,lra_q
NetworkRewiring_Test,21,432,15,cooperate,0.10344827586206896,tit_for_tat
NetworkRewiring_Test,21,432,16,defect,1.2758620689655173,tit_for_tat
NetworkRewiring_Test,21,432,17,defect,1.2758620689655173,tit_for_tat
NetworkRewiring_Test,21,432,18,cooperate,0.0,tit_for_tat
NetworkRewiring_Test,21,432,19,defect,1.1379310344827587,tit_for_tat
NetworkRewiring_Test,21,432,20,defect,1.1379310344827587,tit_for_tat
NetworkRewiring_Test,21,432,21,defect,1.0,tit_for_tat
NetworkRewiring_Test,21,432,22,defect,1.4137931034482758,tit_for_tat
NetworkRewiring_Test,21,432,23,defect,1.0,tit_for_tat
NetworkRewiring_Test,21,432,24,defect,1.0,tit_for_tat
NetworkRewiring_Test,21,432,25,cooperate,0.3103448275862069,tit_for_tat
NetworkRewiring_Test,21,432,26,defect,1.0,tit_for_tat
NetworkRewiring_Test,21,432,27,defect,1.1379310344827587,tit_for_tat
NetworkRewiring_Test,21,432,28,defect,1.1379310344827587,tit_for_tat
NetworkRewiring_Test,21,432,29,defect,1.1379310344827587,tit_for_tat
NetworkRewiring_Test,21,433,0,defect,1.0,lra_q
NetworkRewiring_Test,21,433,1,defect,1.1379310344827587,lra_q
NetworkRewiring_Test,21,433,2,defect,1.0,lra_q
NetworkRewiring_Test,21,433,3,defect,1.0,lra_q
NetworkRewiring_Test,21,433,4,cooperate,0.0,lra_q
NetworkRewiring_Test,21,433,5,defect,1.2758620689655173,lra_q
NetworkRewiring_Test,21,433,6,defect,1.0,lra_q
NetworkRewiring_Test,21,433,7,defect,1.1379310344827587,lra_q
NetworkRewiring_Test,21,433,8,defect,1.1379310344827587,lra_q
NetworkRewiring_Test,21,433,9,defect,1.1379310344827587,lra_q
NetworkRewiring_Test,21,433,10,cooperate,0.10344827586206896,lra_q
NetworkRewiring_Test,21,433,11,defect,1.0,lra_q
NetworkRewiring_Test,21,433,12,defect,1.0,lra_q
NetworkRewiring_Test,21,433,13,defect,1.1379310344827587,lra_q
NetworkRewiring_Test,21,433,14,cooperate,0.20689655172413793,lra_q
NetworkRewiring_Test,21,433,15,defect,1.2758620689655173,tit_for_tat
NetworkRewiring_Test,21,433,16,defect,1.1379310344827587,tit_for_tat
NetworkRewiring_Test,21,433,17,cooperate,0.10344827586206896,tit_for_tat
NetworkRewiring_Test,21,433,18,defect,1.2758620689655173,tit_for_tat
NetworkRewiring_Test,21,433,19,defect,1.2758620689655173,tit_for_tat
NetworkRewiring_Test,21,433,20,cooperate,0.0,tit_for_tat
NetworkRewiring_Test,21,433,21,defect,1.0,tit_for_tat
NetworkRewiring_Test,21,433,22,defect,1.2758620689655173,tit_for_tat
NetworkRewiring_Test,21,433,23,defect,1.0,tit_for_tat
NetworkRewiring_Test,21,433,24,defect,1.0,tit_for_tat
NetworkRewiring_Test,21,433,25,defect,1.2758620689655173,tit_for_tat
NetworkRewiring_Test,21,433,26,defect,1.0,tit_for_tat
NetworkRewiring_Test,21,433,27,defect,1.0,tit_for_tat
NetworkRewiring_Test,21,433,28,defect,1.0,tit_for_tat
NetworkRewiring_Test,21,433,29,defect,1.0,tit_for_tat
NetworkRewiring_Test,21,434,0,defect,1.1379310344827587,lra_q
NetworkRewiring_Test,21,434,1,defect,1.1379310344827587,lra_q
NetworkRewiring_Test,21,434,2,defect,1.0,lra_q
NetworkRewiring_Test,21,434,3,defect,1.0,lra_q
NetworkRewiring_Test,21,434,4,cooperate,0.0,lra_q
NetworkRewiring_Test,21,434,5,defect,1.2758620689655173,lra_q
NetworkRewiring_Test,21,434,6,defect,1.1379310344827587,lra_q
NetworkRewiring_Test,21,434,7,defect,1.0,lra_q
NetworkRewiring_Test,21,434,8,defect,1.1379310344827587,lra_q
NetworkRewiring_Test,21,434,9,defect,1.1379310344827587,lra_q
NetworkRewiring_Test,21,434,10,cooperate,0.20689655172413793,lra_q
NetworkRewiring_Test,21,434,11,defect,1.0,lra_q
NetworkRewiring_Test,21,434,12,defect,1.0,lra_q
NetworkRewiring_Test,21,434,13,cooperate,0.10344827586206896,lra_q
NetworkRewiring_Test,21,434,14,cooperate,0.20689655172413793,lra_q
NetworkRewiring_Test,21,434,15,defect,1.2758620689655173,tit_for_tat
NetworkRewiring_Test,21,434,16,defect,1.1379310344827587,tit_for_tat
NetworkRewiring_Test,21,434,17,defect,1.2758620689655173,tit_for_tat
NetworkRewiring_Test,21,434,18,cooperate,0.0,tit_for_tat
NetworkRewiring_Test,21,434,19,defect,1.1379310344827587,tit_for_tat
NetworkRewiring_Test,21,434,20,defect,1.2758620689655173,tit_for_tat
NetworkRewiring_Test,21,434,21,defect,1.1379310344827587,tit_for_tat
NetworkRewiring_Test,21,434,22,cooperate,0.10344827586206896,tit_for_tat
NetworkRewiring_Test,21,434,23,defect,1.0,tit_for_tat
NetworkRewiring_Test,21,434,24,defect,1.0,tit_for_tat
NetworkRewiring_Test,21,434,25,defect,1.2758620689655173,tit_for_tat
NetworkRewiring_Test,21,434,26,defect,1.0,tit_for_tat
NetworkRewiring_Test,21,434,27,defect,1.0,tit_for_tat
NetworkRewiring_Test,21,434,28,defect,1.0,tit_for_tat
NetworkRewiring_Test,21,434,29,defect,1.0,tit_for_tat
NetworkRewiring_Test,21,435,0,defect,1.2758620689655173,lra_q
NetworkRewiring_Test,21,435,1,cooperate,0.20689655172413793,lra_q
NetworkRewiring_Test,21,435,2,defect,1.0,lra_q
NetworkRewiring_Test,21,435,3,cooperate,0.10344827586206896,lra_q
NetworkRewiring_Test,21,435,4,cooperate,0.20689655172413793,lra_q
NetworkRewiring_Test,21,435,5,defect,1.4137931034482758,lra_q
NetworkRewiring_Test,21,435,6,defect,1.0,lra_q
NetworkRewiring_Test,21,435,7,defect,1.0,lra_q
NetworkRewiring_Test,21,435,8,defect,1.1379310344827587,lra_q
NetworkRewiring_Test,21,435,9,defect,1.1379310344827587,lra_q
NetworkRewiring_Test,21,435,10,cooperate,0.20689655172413793,lra_q
NetworkRewiring_Test,21,435,11,defect,1.1379310344827587,lra_q
NetworkRewiring_Test,21,435,12,defect,1.1379310344827587,lra_q
NetworkRewiring_Test,21,435,13,defect,1.1379310344827587,lra_q
NetworkRewiring_Test,21,435,14,cooperate,0.20689655172413793,lra_q
NetworkRewiring_Test,21,435,15,cooperate,0.10344827586206896,tit_for_tat
NetworkRewiring_Test,21,435,16,defect,1.1379310344827587,tit_for_tat
NetworkRewiring_Test,21,435,17,defect,1.2758620689655173,tit_for_tat
NetworkRewiring_Test,21,435,18,defect,1.0,tit_for_tat
NetworkRewiring_Test,21,435,19,defect,1.1379310344827587,tit_for_tat
NetworkRewiring_Test,21,435,20,defect,1.0,tit_for_tat
NetworkRewiring_Test,21,435,21,cooperate,0.0,tit_for_tat
NetworkRewiring_Test,21,435,22,defect,1.4137931034482758,tit_for_tat
NetworkRewiring_Test,21,435,23,defect,1.0,tit_for_tat
NetworkRewiring_Test,21,435,24,defect,1.0,tit_for_tat
NetworkRewiring_Test,21,435,25,cooperate,0.20689655172413793,tit_for_tat
NetworkRewiring_Test,21,435,26,defect,1.0,tit_for_tat
NetworkRewiring_Test,21,435,27,defect,1.1379310344827587,tit_for_tat
NetworkRewiring_Test,21,435,28,defect,1.0,tit_for_tat
NetworkRewiring_Test,21,435,29,defect,1.1379310344827587,tit_for_tat
NetworkRewiring_Test,21,436,0,defect,1.2758620689655173,lra_q
NetworkRewiring_Test,21,436,1,defect,1.0,lra_q
NetworkRewiring_Test,21,436,2,defect,1.1379310344827587,lra_q
NetworkRewiring_Test,21,436,3,defect,1.0,lra_q
NetworkRewiring_Test,21,436,4,defect,1.0,lra_q
NetworkRewiring_Test,21,436,5,defect,1.1379310344827587,lra_q
NetworkRewiring_Test,21,436,6,defect,1.1379310344827587,lra_q
NetworkRewiring_Test,21,436,7,defect,1.0,lra_q
NetworkRewiring_Test,21,436,8,defect,1.1379310344827587,lra_q
NetworkRewiring_Test,21,436,9,defect,1.1379310344827587,lra_q
NetworkRewiring_Test,21,436,10,cooperate,0.20689655172413793,lra_q
NetworkRewiring_Test,21,436,11,defect,1.0,lra_q
NetworkRewiring_Test,21,436,12,defect,1.1379310344827587,lra_q
NetworkRewiring_Test,21,436,13,defect,1.1379310344827587,lra_q
NetworkRewiring_Test,21,436,14,cooperate,0.20689655172413793,lra_q
NetworkRewiring_Test,21,436,15,cooperate,0.20689655172413793,tit_for_tat
NetworkRewiring_Test,21,436,16,defect,1.1379310344827587,tit_for_tat
NetworkRewiring_Test,21,436,17,defect,1.4137931034482758,tit_for_tat
NetworkRewiring_Test,21,436,18,defect,1.1379310344827587,tit_for_tat
NetworkRewiring_Test,21,436,19,cooperate,0.0,tit_for_tat
NetworkRewiring_Test,21,436,20,defect,1.2758620689655173,tit_for_tat
NetworkRewiring_Test,21,436,21,defect,1.2758620689655173,tit_for_tat
NetworkRewiring_Test,21,436,22,cooperate,0.20689655172413793,tit_for_tat
NetworkRewiring_Test,21,436,23,defect,1.0,tit_for_tat
NetworkRewiring_Test,21,436,24,defect,1.0,tit_for_tat
NetworkRewiring_Test,21,436,25,defect,1.2758620689655173,tit_for_tat
NetworkRewiring_Test,21,436,26,defect,1.1379310344827587,tit_for_tat
NetworkRewiring_Test,21,436,27,defect,1.1379310344827587,tit_for_tat
NetworkRewiring_Test,21,436,28,defect,1.1379310344827587,tit_for_tat
NetworkRewiring_Test,21,436,29,cooperate,0.0,tit_for_tat
NetworkRewiring_Test,21,437,0,defect,1.2758620689655173,lra_q
NetworkRewiring_Test,21,437,1,defect,1.1379310344827587,lra_q
NetworkRewiring_Test,21,437,2,defect,1.0,lra_q
NetworkRewiring_Test,21,437,3,defect,1.1379310344827587,lra_q
NetworkRewiring_Test,21,437,4,cooperate,0.20689655172413793,lra_q
NetworkRewiring_Test,21,437,5,cooperate,0.20689655172413793,lra_q
NetworkRewiring_Test,21,437,6,defect,1.1379310344827587,lra_q
NetworkRewiring_Test,21,437,7,defect,1.2758620689655173,lra_q
NetworkRewiring_Test,21,437,8,defect,1.1379310344827587,lra_q
NetworkRewiring_Test,21,437,9,defect,1.1379310344827587,lra_q
NetworkRewiring_Test,21,437,10,cooperate,0.41379310344827586,lra_q
NetworkRewiring_Test,21,437,11,defect,1.0,lra_q
NetworkRewiring_Test,21,437,12,defect,1.1379310344827587,lra_q
NetworkRewiring_Test,21,437,13,defect,1.1379310344827587,lra_q
NetworkRewiring_Test,21,437,14,cooperate,0.20689655172413793,lra_q
NetworkRewiring_Test,21,437,15,defect,1.4137931034482758,tit_for_tat
NetworkRewiring_Test,21,437,16,defect,1.1379310344827587,tit_for_tat
NetworkRewiring_Test,21,437,17,cooperate,0.10344827586206896,tit_for_tat
NetworkRewiring_Test,21,437,18,defect,1.2758620689655173,tit_for_tat
NetworkRewiring_Test,21,437,19,defect,1.4137931034482758,tit_for_tat
NetworkRewiring_Test,21,437,20,cooperate,0.10344827586206896,tit_for_tat
NetworkRewiring_Test,21,437,21,cooperate,0.10344827586206896,tit_for_tat
NetworkRewiring_Test,21,437,22,cooperate,0.3103448275862069,tit_for_tat
NetworkRewiring_Test,21,437,23,defect,1.0,tit_for_tat
NetworkRewiring_Test,21,437,24,defect,1.0,tit_for_tat
NetworkRewiring_Test,21,437,25,cooperate,0.20689655172413793,tit_for_tat
NetworkRewiring_Test,21,437,26,defect,1.0,tit_for_tat
NetworkRewiring_Test,21,437,27,defect,1.1379310344827587,tit_for_tat
NetworkRewiring_Test,21,437,28,defect,1.1379310344827587,tit_for_tat
NetworkRewiring_Test,21,437,29,defect,1.1379310344827587,tit_for_tat
NetworkRewiring_Test,21,438,0,defect,1.2758620689655173,lra_q
NetworkRewiring_Test,21,438,1,defect,1.0,lra_q
NetworkRewiring_Test,21,438,2,defect,1.0,lra_q
NetworkRewiring_Test,21,438,3,defect,1.0,lra_q
NetworkRewiring_Test,21,438,4,defect,1.0,lra_q
NetworkRewiring_Test,21,438,5,defect,1.0,lra_q
NetworkRewiring_Test,21,438,6,defect,1.1379310344827587,lra_q
NetworkRewiring_Test,21,438,7,defect,1.0,lra_q
NetworkRewiring_Test,21,438,8,defect,1.0,lra_q
NetworkRewiring_Test,21,438,9,defect,1.0,lra_q
NetworkRewiring_Test,21,438,10,defect,1.1379310344827587,lra_q
NetworkRewiring_Test,21,438,11,defect,1.0,lra_q
NetworkRewiring_Test,21,438,12,defect,1.1379310344827587,lra_q
NetworkRewiring_Test,21,438,13,defect,1.0,lra_q
NetworkRewiring_Test,21,438,14,defect,1.1379310344827587,lra_q
NetworkRewiring_Test,21,438,15,cooperate,0.10344827586206896,tit_for_tat
NetworkRewiring_Test,21,438,16,defect,1.1379310344827587,tit_for_tat
NetworkRewiring_Test,21,438,17,defect,1.2758620689655173,tit_for_tat
NetworkRewiring_Test,21,438,18,defect,1.1379310344827587,tit_for_tat
NetworkRewiring_Test,21,438,19,cooperate,0.0,tit_for_tat
NetworkRewiring_Test,21,438,20,defect,1.2758620689655173,tit_for_tat
NetworkRewiring_Test,21,438,21,defect,1.2758620689655173,tit_for_tat
NetworkRewiring_Test,21,438,22,cooperate,0.10344827586206896,tit_for_tat
NetworkRewiring_Test,21,438,23,defect,1.0,tit_for_tat
NetworkRewiring_Test,21,438,24,defect,1.0,tit_for_tat
NetworkRewiring_Test,21,438,25,defect,1.1379310344827587,tit_for_tat
NetworkRewiring_Test,21,438,26,defect,1.1379310344827587,tit_for_tat
NetworkRewiring_Test,21,438,27,cooperate,0.0,tit_for_tat
NetworkRewiring_Test,21,438,28,defect,1.1379310344827587,tit_for_tat
NetworkRewiring_Test,21,438,29,defect,1.1379310344827587,tit_for_tat
NetworkRewiring_Test,21,439,0,defect,1.0,lra_q
NetworkRewiring_Test,21,439,1,defect,1.1379310344827587,lra_q
NetworkRewiring_Test,21,439,2,defect,1.1379310344827587,lra_q
NetworkRewiring_Test,21,439,3,defect,1.1379310344827587,lra_q
NetworkRewiring_Test,21,439,4,cooperate,0.10344827586206896,lra_q
NetworkRewiring_Test,21,439,5,cooperate,0.20689655172413793,lra_q
NetworkRewiring_Test,21,439,6,defect,1.2758620689655173,lra_q
NetworkRewiring_Test,21,439,7,defect,1.1379310344827587,lra_q
NetworkRewiring_Test,21,439,8,defect,1.1379310344827587,lra_q
NetworkRewiring_Test,21,439,9,defect,1.1379310344827587,lra_q
NetworkRewiring_Test,21,439,10,cooperate,0.10344827586206896,lra_q
NetworkRewiring_Test,21,439,11,defect,1.0,lra_q
NetworkRewiring_Test,21,439,12,defect,1.1379310344827587,lra_q
NetworkRewiring_Test,21,439,13,defect,1.0,lra_q
NetworkRewiring_Test,21,439,14,defect,1.1379310344827587,lra_q
NetworkRewiring_Test,21,439,15,defect,1.1379310344827587,tit_for_tat
NetworkRewiring_Test,21,439,16,cooperate,0.0,tit_for_tat
NetworkRewiring_Test,21,439,17,defect,1.1379310344827587,tit_for_tat
NetworkRewiring_Test,21,439,18,defect,1.2758620689655173,tit_for_tat
NetworkRewiring_Test,21,439,19,defect,1.2758620689655173,tit_for_tat
NetworkRewiring_Test,21,439,20,cooperate,0.0,tit_for_tat
NetworkRewiring_Test,21,439,21,cooperate,0.0,tit_for_tat
NetworkRewiring_Test,21,439,22,defect,1.4137931034482758,tit_for_tat
NetworkRewiring_Test,21,439,23,defect,1.0,tit_for_tat
NetworkRewiring_Test,21,439,24,defect,1.0,tit_for_tat
NetworkRewiring_Test,21,439,25,defect,1.2758620689655173,tit_for_tat
NetworkRewiring_Test,21,439,26,defect,1.0,tit_for_tat
NetworkRewiring_Test,21,439,27,defect,1.0,tit_for_tat
NetworkRewiring_Test,21,439,28,defect,1.1379310344827587,tit_for_tat
NetworkRewiring_Test,21,439,29,defect,1.0,tit_for_tat
NetworkRewiring_Test,21,440,0,defect,1.6896551724137931,lra_q
NetworkRewiring_Test,21,440,1,defect,1.1379310344827587,lra_q
NetworkRewiring_Test,21,440,2,cooperate,0.0,lra_q
NetworkRewiring_Test,21,440,3,defect,1.0,lra_q
NetworkRewiring_Test,21,440,4,cooperate,0.10344827586206896,lra_q
NetworkRewiring_Test,21,440,5,defect,1.5517241379310345,lra_q
NetworkRewiring_Test,21,440,6,cooperate,0.10344827586206896,lra_q
NetworkRewiring_Test,21,440,7,defect,1.0,lra_q
NetworkRewiring_Test,21,440,8,cooperate,0.10344827586206896,lra_q
NetworkRewiring_Test,21,440,9,defect,1.1379310344827587,lra_q
NetworkRewiring_Test,21,440,10,cooperate,0.3103448275862069,lra_q
NetworkRewiring_Test,21,440,11,defect,1.2758620689655173,lra_q
NetworkRewiring_Test,21,440,12,defect,1.1379310344827587,lra_q
NetworkRewiring_Test,21,440,13,defect,1.1379310344827587,lra_q
NetworkRewiring_Test,21,440,14,defect,1.2758620689655173,lra_q
NetworkRewiring_Test,21,440,15,cooperate,0.10344827586206896,tit_for_tat
NetworkRewiring_Test,21,440,16,defect,1.5517241379310345,tit_for_tat
NetworkRewiring_Test,21,440,17,defect,1.4137931034482758,tit_for_tat
NetworkRewiring_Test,21,440,18,cooperate,0.10344827586206896,tit_for_tat
NetworkRewiring_Test,21,440,19,cooperate,0.20689655172413793,tit_for_tat
NetworkRewiring_Test,21,440,20,defect,1.4137931034482758,tit_for_tat
NetworkRewiring_Test,21,440,21,defect,1.2758620689655173,tit_for_tat
NetworkRewiring_Test,21,440,22,cooperate,0.20689655172413793,tit_for_tat
NetworkRewiring_Test,21,440,23,defect,1.1379310344827587,tit_for_tat
NetworkRewiring_Test,21,440,24,defect,1.0,tit_for_tat
NetworkRewiring_Test,21,440,25,cooperate,0.20689655172413793,tit_for_tat
NetworkRewiring_Test,21,440,26,defect,1.2758620689655173,tit_for_tat
NetworkRewiring_Test,21,440,27,defect,1.2758620689655173,tit_for_tat
NetworkRewiring_Test,21,440,28,cooperate,0.0,tit_for_tat
NetworkRewiring_Test,21,440,29,defect,1.4137931034482758,tit_for_tat
NetworkRewiring_Test,21,441,0,cooperate,0.0,lra_q
NetworkRewiring_Test,21,441,1,defect,1.1379310344827587,lra_q
NetworkRewiring_Test,21,441,2,defect,1.5517241379310345,lra_q
NetworkRewiring_Test,21,441,3,defect,1.0,lra_q
NetworkRewiring_Test,21,441,4,cooperate,0.0,lra_q
NetworkRewiring_Test,21,441,5,defect,1.1379310344827587,lra_q
NetworkRewiring_Test,21,441,6,defect,1.2758620689655173,lra_q
NetworkRewiring_Test,21,441,7,defect,1.0,lra_q
NetworkRewiring_Test,21,441,8,defect,1.1379310344827587,lra_q
NetworkRewiring_Test,21,441,9,defect,1.0,lra_q
NetworkRewiring_Test,21,441,10,defect,1.1379310344827587,lra_q
NetworkRewiring_Test,21,441,11,defect,1.0,lra_q
NetworkRewiring_Test,21,441,12,defect,1.0,lra_q
NetworkRewiring_Test,21,441,13,defect,1.1379310344827587,lra_q
NetworkRewiring_Test,21,441,14,cooperate,0.0,lra_q
NetworkRewiring_Test,21,441,15,defect,1.4137931034482758,tit_for_tat
NetworkRewiring_Test,21,441,16,cooperate,0.0,tit_for_tat
NetworkRewiring_Test,21,441,17,defect,1.4137931034482758,tit_for_tat
NetworkRewiring_Test,21,441,18,defect,1.4137931034482758,tit_for_tat
NetworkRewiring_Test,21,441,19,cooperate,0.3103448275862069,tit_for_tat
NetworkRewiring_Test,21,441,20,cooperate,0.10344827586206896,tit_for_tat
NetworkRewiring_Test,21,441,21,cooperate,0.10344827586206896,tit_for_tat
NetworkRewiring_Test,21,441,22,defect,1.4137931034482758,tit_for_tat
NetworkRewiring_Test,21,441,23,cooperate,0.0,tit_for_tat
NetworkRewiring_Test,21,441,24,defect,1.2758620689655173,tit_for_tat
NetworkRewiring_Test,21,441,25,defect,1.4137931034482758,tit_for_tat
NetworkRewiring_Test,21,441,26,cooperate,0.10344827586206896,tit_for_tat
NetworkRewiring_Test,21,441,27,defect,1.1379310344827587,tit_for_tat
NetworkRewiring_Test,21,441,28,defect,1.2758620689655173,tit_for_tat
NetworkRewiring_Test,21,441,29,cooperate,0.0,tit_for_tat
NetworkRewiring_Test,21,442,0,defect,1.1379310344827587,lra_q
NetworkRewiring_Test,21,442,1,defect,1.1379310344827587,lra_q
NetworkRewiring_Test,21,442,2,defect,1.2758620689655173,lra_q
NetworkRewiring_Test,21,442,3,defect,1.2758620689655173,lra_q
NetworkRewiring_Test,21,442,4,cooperate,0.10344827586206896,lra_q
NetworkRewiring_Test,21,442,5,cooperate,0.41379310344827586,lra_q
NetworkRewiring_Test,21,442,6,cooperate,0.10344827586206896,lra_q
NetworkRewiring_Test,21,442,7,defect,1.2758620689655173,lra_q
NetworkRewiring_Test,21,442,8,defect,1.2758620689655173,lra_q
NetworkRewiring_Test,21,442,9,defect,1.2758620689655173,lra_q
NetworkRewiring_Test,21,442,10,cooperate,0.20689655172413793,lra_q
NetworkRewiring_Test,21,442,11,cooperate,0.0,lra_q
NetworkRewiring_Test,21,442,12,defect,1.2758620689655173,lra_q
NetworkRewiring_Test,21,442,13,defect,1.2758620689655173,lra_q
NetworkRewiring_Test,21,442,14,cooperate,0.10344827586206896,lra_q
NetworkRewiring_Test,21,442,15,defect,1.1379310344827587,tit_for_tat
NetworkRewiring_Test,21,442,16,defect,1.1379310344827587,tit_for_tat
NetworkRewiring_Test,21,442,17,defect,1.1379310344827587,tit_for_tat
NetworkRewiring_Test,21,442,18,defect,1.1379310344827587,tit_for_tat
NetworkRewiring_Test,21,442,19,defect,1.4137931034482758,tit_for_tat
NetworkRewiring_Test,21,442,20,cooperate,0.0,tit_for_tat
NetworkRewiring_Test,21,442,21,defect,1.0,tit_for_tat
NetworkRewiring_Test,21,442,22,defect,1.2758620689655173,tit_for_tat
NetworkRewiring_Test,21,442,23,defect,1.1379310344827587,tit_for_tat
NetworkRewiring_Test,21,442,24,cooperate,0.10344827586206896,tit_for_tat
NetworkRewiring_Test,21,442,25,defect,1.2758620689655173,tit_for_tat
NetworkRewiring_Test,21,442,26,cooperate,0.10344827586206896,tit_for_tat
NetworkRewiring_Test,21,442,27,defect,1.1379310344827587,tit_for_tat
NetworkRewiring_Test,21,442,28,cooperate,0.10344827586206896,tit_for_tat
NetworkRewiring_Test,21,442,29,defect,1.1379310344827587,tit_for_tat
NetworkRewiring_Test,21,443,0,defect,1.2758620689655173,lra_q
NetworkRewiring_Test,21,443,1,defect,1.1379310344827587,lra_q
NetworkRewiring_Test,21,443,2,defect,1.0,lra_q
NetworkRewiring_Test,21,443,3,defect,1.0,lra_q
NetworkRewiring_Test,21,443,4,cooperate,0.10344827586206896,lra_q
NetworkRewiring_Test,21,443,5,defect,1.2758620689655173,lra_q
NetworkRewiring_Test,21,443,6,defect,1.0,lra_q
NetworkRewiring_Test,21,443,7,defect,1.0,lra_q
NetworkRewiring_Test,21,443,8,defect,1.1379310344827587,lra_q
NetworkRewiring_Test,21,443,9,defect,1.1379310344827587,lra_q
NetworkRewiring_Test,21,443,10,cooperate,0.20689655172413793,lra_q
NetworkRewiring_Test,21,443,11,defect,1.0,lra_q
NetworkRewiring_Test,21,443,12,defect,1.0,lra_q
NetworkRewiring_Test,21,443,13,defect,1.0,lra_q
NetworkRewiring_Test,21,443,14,defect,1.1379310344827587,lra_q
NetworkRewiring_Test,21,443,15,defect,1.1379310344827587,tit_for_tat
NetworkRewiring_Test,21,443,16,defect,1.0,tit_for_tat
NetworkRewiring_Test,21,443,17,defect,1.0,tit_for_tat
NetworkRewiring_Test,21,443,18,defect,1.0,tit_for_tat
NetworkRewiring_Test,21,443,19,defect,1.0,tit_for_tat
NetworkRewiring_Test,21,443,20,defect,1.1379310344827587,tit_for_tat
NetworkRewiring_Test,21,443,21,defect,1.1379310344827587,tit_for_tat
NetworkRewiring_Test,21,443,22,cooperate,0.10344827586206896,tit_for_tat
NetworkRewiring_Test,21,443,23,defect,1.1379310344827587,tit_for_tat
NetworkRewiring_Test,21,443,24,cooperate,0.0,tit_for_tat
NetworkRewiring_Test,21,443,25,cooperate,0.3103448275862069,tit_for_tat
NetworkRewiring_Test,21,443,26,defect,1.1379310344827587,tit_for_tat
NetworkRewiring_Test,21,443,27,cooperate,0.10344827586206896,tit_for_tat
NetworkRewiring_Test,21,443,28,defect,1.1379310344827587,tit_for_tat
NetworkRewiring_Test,21,443,29,defect,1.2758620689655173,tit_for_tat
NetworkRewiring_Test,21,444,0,defect,1.1379310344827587,lra_q
NetworkRewiring_Test,21,444,1,defect,1.1379310344827587,lra_q
NetworkRewiring_Test,21,444,2,defect,1.2758620689655173,lra_q
NetworkRewiring_Test,21,444,3,defect,1.1379310344827587,lra_q
NetworkRewiring_Test,21,444,4,cooperate,0.10344827586206896,lra_q
NetworkRewiring_Test,21,444,5,defect,1.4137931034482758,lra_q
NetworkRewiring_Test,21,444,6,defect,1.0,lra_q
NetworkRewiring_Test,21,444,7,cooperate,0.10344827586206896,lra_q
NetworkRewiring_Test,21,444,8,defect,1.2758620689655173,lra_q
NetworkRewiring_Test,21,444,9,defect,1.4137931034482758,lra_q
NetworkRewiring_Test,21,444,10,cooperate,0.10344827586206896,lra_q
NetworkRewiring_Test,21,444,11,cooperate,0.10344827586206896,lra_q
NetworkRewiring_Test,21,444,12,defect,1.1379310344827587,lra_q
NetworkRewiring_Test,21,444,13,defect,1.0,lra_q
NetworkRewiring_Test,21,444,14,defect,1.1379310344827587,lra_q
NetworkRewiring_Test,21,444,15,defect,1.0,tit_for_tat
NetworkRewiring_Test,21,444,16,defect,1.0,tit_for_tat
NetworkRewiring_Test,21,444,17,defect,1.1379310344827587,tit_for_tat
NetworkRewiring_Test,21,444,18,defect,1.0,tit_for_tat
NetworkRewiring_Test,21,444,19,defect,1.0,tit_for_tat
NetworkRewiring_Test,21,444,20,defect,1.0,tit_for_tat
NetworkRewiring_Test,21,444,21,defect,1.0,tit_for_tat
NetworkRewiring_Test,21,444,22,defect,1.1379310344827587,tit_for_tat
NetworkRewiring_Test,21,444,23,cooperate,0.0,tit_for_tat
NetworkRewiring_Test,21,444,24,defect,1.1379310344827587,tit_for_tat
NetworkRewiring_Test,21,444,25,cooperate,0.3103448275862069,tit_for_tat
NetworkRewiring_Test,21,444,26,defect,1.0,tit_for_tat
NetworkRewiring_Test,21,444,27,cooperate,0.10344827586206896,tit_for_tat
NetworkRewiring_Test,21,444,28,defect,1.1379310344827587,tit_for_tat
NetworkRewiring_Test,21,444,29,defect,1.2758620689655173,tit_for_tat
NetworkRewiring_Test,21,445,0,defect,1.1379310344827587,lra_q
NetworkRewiring_Test,21,445,1,defect,1.1379310344827587,lra_q
NetworkRewiring_Test,21,445,2,defect,1.1379310344827587,lra_q
NetworkRewiring_Test,21,445,3,defect,1.1379310344827587,lra_q
NetworkRewiring_Test,21,445,4,cooperate,0.20689655172413793,lra_q
NetworkRewiring_Test,21,445,5,cooperate,0.20689655172413793,lra_q
NetworkRewiring_Test,21,445,6,defect,1.1379310344827587,lra_q
NetworkRewiring_Test,21,445,7,defect,1.1379310344827587,lra_q
NetworkRewiring_Test,21,445,8,defect,1.1379310344827587,lra_q
NetworkRewiring_Test,21,445,9,defect,1.1379310344827587,lra_q
NetworkRewiring_Test,21,445,10,cooperate,0.20689655172413793,lra_q
NetworkRewiring_Test,21,445,11,defect,1.0,lra_q
NetworkRewiring_Test,21,445,12,defect,1.1379310344827587,lra_q
NetworkRewiring_Test,21,445,13,defect,1.0,lra_q
NetworkRewiring_Test,21,445,14,defect,1.1379310344827587,lra_q
NetworkRewiring_Test,21,445,15,defect,1.0,tit_for_tat
NetworkRewiring_Test,21,445,16,defect,1.0,tit_for_tat
NetworkRewiring_Test,21,445,17,defect,1.0,tit_for_tat
NetworkRewiring_Test,21,445,18,defect,1.0,tit_for_tat
NetworkRewiring_Test,21,445,19,defect,1.0,tit_for_tat
NetworkRewiring_Test,21,445,20,defect,1.0,tit_for_tat
NetworkRewiring_Test,21,445,21,defect,1.0,tit_for_tat
NetworkRewiring_Test,21,445,22,defect,1.1379310344827587,tit_for_tat
NetworkRewiring_Test,21,445,23,defect,1.0,tit_for_tat
NetworkRewiring_Test,21,445,24,defect,1.0,tit_for_tat
NetworkRewiring_Test,21,445,25,cooperate,0.41379310344827586,tit_for_tat
NetworkRewiring_Test,21,445,26,defect,1.0,tit_for_tat
NetworkRewiring_Test,21,445,27,cooperate,0.20689655172413793,tit_for_tat
NetworkRewiring_Test,21,445,28,defect,1.4137931034482758,tit_for_tat
NetworkRewiring_Test,21,445,29,cooperate,0.20689655172413793,tit_for_tat
NetworkRewiring_Test,21,446,0,defect,1.5517241379310345,lra_q
NetworkRewiring_Test,21,446,1,defect,1.0,lra_q
NetworkRewiring_Test,21,446,2,defect,1.0,lra_q
NetworkRewiring_Test,21,446,3,defect,1.0,lra_q
NetworkRewiring_Test,21,446,4,defect,1.1379310344827587,lra_q
NetworkRewiring_Test,21,446,5,defect,1.2758620689655173,lra_q
NetworkRewiring_Test,21,446,6,defect,1.0,lra_q
NetworkRewiring_Test,21,446,7,defect,1.0,lra_q
NetworkRewiring_Test,21,446,8,cooperate,0.10344827586206896,lra_q
NetworkRewiring_Test,21,446,9,defect,1.1379310344827587,lra_q
NetworkRewiring_Test,21,446,10,cooperate,0.3103448275862069,lra_q
NetworkRewiring_Test,21,446,11,defect,1.1379310344827587,lra_q
NetworkRewiring_Test,21,446,12,defect,1.0,lra_q
NetworkRewiring_Test,21,446,13,defect,1.0,lra_q
NetworkRewiring_Test,21,446,14,defect,1.1379310344827587,lra_q
NetworkRewiring_Test,21,446,15,defect,1.1379310344827587,tit_for_tat
NetworkRewiring_Test,21,446,16,defect,1.0,tit_for_tat
NetworkRewiring_Test,21,446,17,defect,1.0,tit_for_tat
NetworkRewiring_Test,21,446,18,defect,1.0,tit_for_tat
NetworkRewiring_Test,21,446,19,defect,1.0,tit_for_tat
NetworkRewiring_Test,21,446,20,defect,1.1379310344827587,tit_for_tat
NetworkRewiring_Test,21,446,21,defect,1.1379310344827587,tit_for_tat
NetworkRewiring_Test,21,446,22,cooperate,0.10344827586206896,tit_for_tat
NetworkRewiring_Test,21,446,23,defect,1.0,tit_for_tat
NetworkRewiring_Test,21,446,24,defect,1.0,tit_for_tat
NetworkRewiring_Test,21,446,25,cooperate,0.10344827586206896,tit_for_tat
NetworkRewiring_Test,21,446,26,defect,1.0,tit_for_tat
NetworkRewiring_Test,21,446,27,defect,1.2758620689655173,tit_for_tat
NetworkRewiring_Test,21,446,28,cooperate,0.0,tit_for_tat
NetworkRewiring_Test,21,446,29,defect,1.2758620689655173,tit_for_tat
NetworkRewiring_Test,21,447,0,defect,1.2758620689655173,lra_q
NetworkRewiring_Test,21,447,1,defect,1.1379310344827587,lra_q
NetworkRewiring_Test,21,447,2,defect,1.1379310344827587,lra_q
NetworkRewiring_Test,21,447,3,defect,1.0,lra_q
NetworkRewiring_Test,21,447,4,cooperate,0.10344827586206896,lra_q
NetworkRewiring_Test,21,447,5,defect,1.1379310344827587,lra_q
NetworkRewiring_Test,21,447,6,defect,1.0,lra_q
NetworkRewiring_Test,21,447,7,defect,1.0,lra_q
NetworkRewiring_Test,21,447,8,defect,1.0,lra_q
NetworkRewiring_Test,21,447,9,defect,1.0,lra_q
NetworkRewiring_Test,21,447,10,defect,1.1379310344827587,lra_q
NetworkRewiring_Test,21,447,11,defect,1.0,lra_q
NetworkRewiring_Test,21,447,12,defect,1.1379310344827587,lra_q
NetworkRewiring_Test,21,447,13,defect,1.0,lra_q
NetworkRewiring_Test,21,447,14,defect,1.1379310344827587,lra_q
NetworkRewiring_Test,21,447,15,cooperate,0.0,tit_for_tat
NetworkRewiring_Test,21,447,16,defect,1.1379310344827587,tit_for_tat
NetworkRewiring_Test,21,447,17,defect,1.1379310344827587,tit_for_tat
NetworkRewiring_Test,21,447,18,defect,1.1379310344827587,tit_for_tat
NetworkRewiring_Test,21,447,19,defect,1.2758620689655173,tit_for_tat
NetworkRewiring_Test,21,447,20,cooperate,0.0,tit_for_tat
NetworkRewiring_Test,21,447,21,cooperate,0.0,tit_for_tat
NetworkRewiring_Test,21,447,22,defect,1.4137931034482758,tit_for_tat
NetworkRewiring_Test,21,447,23,defect,1.0,tit_for_tat
NetworkRewiring_Test,21,447,24,defect,1.0,tit_for_tat
NetworkRewiring_Test,21,447,25,cooperate,0.3103448275862069,tit_for_tat
NetworkRewiring_Test,21,447,26,defect,1.0,tit_for_tat
NetworkRewiring_Test,21,447,27,cooperate,0.20689655172413793,tit_for_tat
NetworkRewiring_Test,21,447,28,defect,1.2758620689655173,tit_for_tat
NetworkRewiring_Test,21,447,29,cooperate,0.20689655172413793,tit_for_tat
NetworkRewiring_Test,21,448,0,defect,1.1379310344827587,lra_q
NetworkRewiring_Test,21,448,1,defect,1.1379310344827587,lra_q
NetworkRewiring_Test,21,448,2,defect,1.2758620689655173,lra_q
NetworkRewiring_Test,21,448,3,defect,1.1379310344827587,lra_q
NetworkRewiring_Test,21,448,4,cooperate,0.10344827586206896,lra_q
NetworkRewiring_Test,21,448,5,cooperate,0.3103448275862069,lra_q
NetworkRewiring_Test,21,448,6,defect,1.4137931034482758,lra_q
NetworkRewiring_Test,21,448,7,defect,1.1379310344827587,lra_q
NetworkRewiring_Test,21,448,8,defect,1.1379310344827587,lra_q
NetworkRewiring_Test,21,448,9,defect,1.1379310344827587,lra_q
NetworkRewiring_Test,21,448,10,cooperate,0.10344827586206896,lra_q
NetworkRewiring_Test,21,448,11,defect,1.0,lra_q
NetworkRewiring_Test,21,448,12,defect,1.1379310344827587,lra_q
NetworkRewiring_Test,21,448,13,defect,1.0,lra_q
NetworkRewiring_Test,21,448,14,defect,1.1379310344827587,lra_q
NetworkRewiring_Test,21,448,15,defect,1.1379310344827587,tit_for_tat
NetworkRewiring_Test,21,448,16,cooperate,0.0,tit_for_tat
NetworkRewiring_Test,21,448,17,defect,1.2758620689655173,tit_for_tat
NetworkRewiring_Test,21,448,18,defect,1.2758620689655173,tit_for_tat
NetworkRewiring_Test,21,448,19,cooperate,0.0,tit_for_tat
NetworkRewiring_Test,21,448,20,defect,1.1379310344827587,tit_for_tat
NetworkRewiring_Test,21,448,21,defect,1.1379310344827587,tit_for_tat
NetworkRewiring_Test,21,448,22,defect,1.1379310344827587,tit_for_tat
NetworkRewiring_Test,21,448,23,defect,1.0,tit_for_tat
NetworkRewiring_Test,21,448,24,defect,1.0,tit_for_tat
NetworkRewiring_Test,21,448,25,defect,1.4137931034482758,tit_for_tat
NetworkRewiring_Test,21,448,26,defect,1.1379310344827587,tit_for_tat
NetworkRewiring_Test,21,448,27,defect,1.2758620689655173,tit_for_tat
NetworkRewiring_Test,21,448,28,cooperate,0.20689655172413793,tit_for_tat
NetworkRewiring_Test,21,448,29,cooperate,0.10344827586206896,tit_for_tat
NetworkRewiring_Test,21,449,0,defect,1.2758620689655173,lra_q
NetworkRewiring_Test,21,449,1,defect,1.2758620689655173,lra_q
NetworkRewiring_Test,21,449,2,defect,1.1379310344827587,lra_q
NetworkRewiring_Test,21,449,3,cooperate,0.0,lra_q
NetworkRewiring_Test,21,449,4,cooperate,0.0,lra_q
NetworkRewiring_Test,21,449,5,defect,1.6896551724137931,lra_q
NetworkRewiring_Test,21,449,6,cooperate,0.0,lra_q
NetworkRewiring_Test,21,449,7,defect,1.0,lra_q
NetworkRewiring_Test,21,449,8,defect,1.1379310344827587,lra_q
NetworkRewiring_Test,21,449,9,defect,1.1379310344827587,lra_q
NetworkRewiring_Test,21,449,10,cooperate,0.0,lra_q
NetworkRewiring_Test,21,449,11,defect,1.1379310344827587,lra_q
NetworkRewiring_Test,21,449,12,defect,1.1379310344827587,lra_q
NetworkRewiring_Test,21,449,13,defect,1.1379310344827587,lra_q
NetworkRewiring_Test,21,449,14,defect,1.2758620689655173,lra_q
NetworkRewiring_Test,21,449,15,cooperate,0.0,tit_for_tat
NetworkRewiring_Test,21,449,16,defect,1.4137931034482758,tit_for_tat
NetworkRewiring_Test,21,449,17,defect,1.2758620689655173,tit_for_tat
NetworkRewiring_Test,21,449,18,cooperate,0.0,tit_for_tat
NetworkRewiring_Test,21,449,19,defect,1.2758620689655173,tit_for_tat
NetworkRewiring_Test,21,449,20,defect,1.1379310344827587,tit_for_tat
NetworkRewiring_Test,21,449,21,defect,1.0,tit_for_tat
NetworkRewiring_Test,21,449,22,defect,1.2758620689655173,tit_for_tat
NetworkRewiring_Test,21,449,23,defect,1.0,tit_for_tat
NetworkRewiring_Test,21,449,24,defect,1.0,tit_for_tat
NetworkRewiring_Test,21,449,25,defect,1.5517241379310345,tit_for_tat
NetworkRewiring_Test,21,449,26,defect,1.0,tit_for_tat
NetworkRewiring_Test,21,449,27,cooperate,0.20689655172413793,tit_for_tat
NetworkRewiring_Test,21,449,28,cooperate,0.20689655172413793,tit_for_tat
NetworkRewiring_Test,21,449,29,cooperate,0.20689655172413793,tit_for_tat
NetworkRewiring_Test,21,450,0,defect,1.2758620689655173,lra_q
NetworkRewiring_Test,21,450,1,defect,1.1379310344827587,lra_q
NetworkRewiring_Test,21,450,2,defect,1.0,lra_q
NetworkRewiring_Test,21,450,3,defect,1.0,lra_q
NetworkRewiring_Test,21,450,4,cooperate,0.10344827586206896,lra_q
NetworkRewiring_Test,21,450,5,defect,1.4137931034482758,lra_q
NetworkRewiring_Test,21,450,6,defect,1.0,lra_q
NetworkRewiring_Test,21,450,7,defect,1.1379310344827587,lra_q
NetworkRewiring_Test,21,450,8,defect,1.1379310344827587,lra_q
NetworkRewiring_Test,21,450,9,defect,1.1379310344827587,lra_q
NetworkRewiring_Test,21,450,10,cooperate,0.20689655172413793,lra_q
NetworkRewiring_Test,21,450,11,defect,1.0,lra_q
NetworkRewiring_Test,21,450,12,defect,1.0,lra_q
NetworkRewiring_Test,21,450,13,defect,1.1379310344827587,lra_q
NetworkRewiring_Test,21,450,14,cooperate,0.20689655172413793,lra_q
NetworkRewiring_Test,21,450,15,defect,1.2758620689655173,tit_for_tat
NetworkRewiring_Test,21,450,16,defect,1.1379310344827587,tit_for_tat
NetworkRewiring_Test,21,450,17,cooperate,0.10344827586206896,tit_for_tat
NetworkRewiring_Test,21,450,18,defect,1.2758620689655173,tit_for_tat
NetworkRewiring_Test,21,450,19,defect,1.2758620689655173,tit_for_tat
NetworkRewiring_Test,21,450,20,cooperate,0.0,tit_for_tat
NetworkRewiring_Test,21,450,21,defect,1.0,tit_for_tat
NetworkRewiring_Test,21,450,22,defect,1.2758620689655173,tit_for_tat
NetworkRewiring_Test,21,450,23,defect,1.0,tit_for_tat
NetworkRewiring_Test,21,450,24,defect,1.0,tit_for_tat
NetworkRewiring_Test,21,450,25,cooperate,0.3103448275862069,tit_for_tat
NetworkRewiring_Test,21,450,26,defect,1.0,tit_for_tat
NetworkRewiring_Test,21,450,27,cooperate,0.20689655172413793,tit_for_tat
NetworkRewiring_Test,21,450,28,cooperate,0.10344827586206896,tit_for_tat
NetworkRewiring_Test,21,450,29,defect,1.4137931034482758,tit_for_tat
NetworkRewiring_Test,21,451,0,defect,1.0,lra_q
NetworkRewiring_Test,21,451,1,defect,1.1379310344827587,lra_q
NetworkRewiring_Test,21,451,2,defect,1.1379310344827587,lra_q
NetworkRewiring_Test,21,451,3,defect,1.0,lra_q
NetworkRewiring_Test,21,451,4,cooperate,0.0,lra_q
NetworkRewiring_Test,21,451,5,defect,1.2758620689655173,lra_q
NetworkRewiring_Test,21,451,6,defect,1.0,lra_q
NetworkRewiring_Test,21,451,7,defect,1.0,lra_q
NetworkRewiring_Test,21,451,8,defect,1.1379310344827587,lra_q
NetworkRewiring_Test,21,451,9,defect,1.1379310344827587,lra_q
NetworkRewiring_Test,21,451,10,cooperate,0.10344827586206896,lra_q
NetworkRewiring_Test,21,451,11,defect,1.0,lra_q
NetworkRewiring_Test,21,451,12,defect,1.0,lra_q
NetworkRewiring_Test,21,451,13,defect,1.1379310344827587,lra_q
NetworkRewiring_Test,21,451,14,cooperate,0.10344827586206896,lra_q
NetworkRewiring_Test,21,451,15,defect,1.1379310344827587,tit_for_tat
NetworkRewiring_Test,21,451,16,defect,1.0,tit_for_tat
NetworkRewiring_Test,21,451,17,defect,1.1379310344827587,tit_for_tat
NetworkRewiring_Test,21,451,18,defect,1.0,tit_for_tat
NetworkRewiring_Test,21,451,19,defect,1.0,tit_for_tat
NetworkRewiring_Test,21,451,20,defect,1.0,tit_for_tat
NetworkRewiring_Test,21,451,21,defect,1.0,tit_for_tat
NetworkRewiring_Test,21,451,22,defect,1.1379310344827587,tit_for_tat
NetworkRewiring_Test,21,451,23,defect,1.0,tit_for_tat
NetworkRewiring_Test,21,451,24,defect,1.0,tit_for_tat
NetworkRewiring_Test,21,451,25,defect,1.4137931034482758,tit_for_tat
NetworkRewiring_Test,21,451,26,defect,1.0,tit_for_tat
NetworkRewiring_Test,21,451,27,defect,1.1379310344827587,tit_for_tat
NetworkRewiring_Test,21,451,28,defect,1.1379310344827587,tit_for_tat
NetworkRewiring_Test,21,451,29,cooperate,0.0,tit_for_tat
NetworkRewiring_Test,21,452,0,defect,1.0,lra_q
NetworkRewiring_Test,21,452,1,defect,1.1379310344827587,lra_q
NetworkRewiring_Test,21,452,2,defect,1.0,lra_q
NetworkRewiring_Test,21,452,3,defect,1.0,lra_q
NetworkRewiring_Test,21,452,4,cooperate,0.0,lra_q
NetworkRewiring_Test,21,452,5,defect,1.2758620689655173,lra_q
NetworkRewiring_Test,21,452,6,defect,1.0,lra_q
NetworkRewiring_Test,21,452,7,defect,1.0,lra_q
NetworkRewiring_Test,21,452,8,defect,1.1379310344827587,lra_q
NetworkRewiring_Test,21,452,9,defect,1.1379310344827587,lra_q
NetworkRewiring_Test,21,452,10,cooperate,0.0,lra_q
NetworkRewiring_Test,21,452,11,defect,1.0,lra_q
NetworkRewiring_Test,21,452,12,defect,1.0,lra_q
NetworkRewiring_Test,21,452,13,defect,1.0,lra_q
NetworkRewiring_Test,21,452,14,defect,1.1379310344827587,lra_q
NetworkRewiring_Test,21,452,15,defect,1.0,tit_for_tat
NetworkRewiring_Test,21,452,16,defect,1.0,tit_for_tat
NetworkRewiring_Test,21,452,17,defect,1.0,tit_for_tat
NetworkRewiring_Test,21,452,18,defect,1.0,tit_for_tat
NetworkRewiring_Test,21,452,19,defect,1.0,tit_for_tat
NetworkRewiring_Test,21,452,20,defect,1.0,tit_for_tat
NetworkRewiring_Test,21,452,21,defect,1.0,tit_for_tat
NetworkRewiring_Test,21,452,22,defect,1.1379310344827587,tit_for_tat
NetworkRewiring_Test,21,452,23,defect,1.0,tit_for_tat
NetworkRewiring_Test,21,452,24,defect,1.0,tit_for_tat
NetworkRewiring_Test,21,452,25,defect,1.2758620689655173,tit_for_tat
NetworkRewiring_Test,21,452,26,defect,1.0,tit_for_tat
NetworkRewiring_Test,21,452,27,defect,1.0,tit_for_tat
NetworkRewiring_Test,21,452,28,defect,1.0,tit_for_tat
NetworkRewiring_Test,21,452,29,defect,1.0,tit_for_tat
NetworkRewiring_Test,21,453,0,defect,1.1379310344827587,lra_q
NetworkRewiring_Test,21,453,1,defect,1.1379310344827587,lra_q
NetworkRewiring_Test,21,453,2,defect,1.0,lra_q
NetworkRewiring_Test,21,453,3,defect,1.0,lra_q
NetworkRewiring_Test,21,453,4,cooperate,0.10344827586206896,lra_q
NetworkRewiring_Test,21,453,5,defect,1.4137931034482758,lra_q
NetworkRewiring_Test,21,453,6,defect,1.0,lra_q
NetworkRewiring_Test,21,453,7,defect,1.0,lra_q
NetworkRewiring_Test,21,453,8,defect,1.1379310344827587,lra_q
NetworkRewiring_Test,21,453,9,defect,1.1379310344827587,lra_q
NetworkRewiring_Test,21,453,10,cooperate,0.10344827586206896,lra_q
NetworkRewiring_Test,21,453,11,defect,1.1379310344827587,lra_q
NetworkRewiring_Test,21,453,12,cooperate,0.0,lra_q
NetworkRewiring_Test,21,453,13,defect,1.0,lra_q
NetworkRewiring_Test,21,453,14,defect,1.1379310344827587,lra_q
NetworkRewiring_Test,21,453,15,defect,1.1379310344827587,tit_for_tat
NetworkRewiring_Test,21,453,16,defect,1.0,tit_for_tat
NetworkRewiring_Test,21,453,17,defect,1.0,tit_for_tat
NetworkRewiring_Test,21,453,18,defect,1.0,tit_for_tat
NetworkRewiring_Test,21,453,19,defect,1.0,tit_for_tat
NetworkRewiring_Test,21,453,20,defect,1.0,tit_for_tat
NetworkRewiring_Test,21,453,21,defect,1.0,tit_for_tat
NetworkRewiring_Test,21,453,22,defect,1.1379310344827587,tit_for_tat
NetworkRewiring_Test,21,453,23,defect,1.0,tit_for_tat
NetworkRewiring_Test,21,453,24,defect,1.0,tit_for_tat
NetworkRewiring_Test,21,453,25,cooperate,0.20689655172413793,tit_for_tat
NetworkRewiring_Test,21,453,26,defect,1.0,tit_for_tat
NetworkRewiring_Test,21,453,27,defect,1.1379310344827587,tit_for_tat
NetworkRewiring_Test,21,453,28,defect,1.0,tit_for_tat
NetworkRewiring_Test,21,453,29,defect,1.1379310344827587,tit_for_tat
NetworkRewiring_Test,21,454,0,defect,1.0,lra_q
NetworkRewiring_Test,21,454,1,defect,1.1379310344827587,lra_q
NetworkRewiring_Test,21,454,2,cooperate,0.0,lra_q
NetworkRewiring_Test,21,454,3,defect,1.1379310344827587,lra_q
NetworkRewiring_Test,21,454,4,cooperate,0.10344827586206896,lra_q
NetworkRewiring_Test,21,454,5,cooperate,0.3103448275862069,lra_q
NetworkRewiring_Test,21,454,6,defect,1.1379310344827587,lra_q
NetworkRewiring_Test,21,454,7,defect,1.1379310344827587,lra_q
NetworkRewiring_Test,21,454,8,defect,1.1379310344827587,lra_q
NetworkRewiring_Test,21,454,9,defect,1.1379310344827587,lra_q
NetworkRewiring_Test,21,454,10,cooperate,0.10344827586206896,lra_q
NetworkRewiring_Test,21,454,11,defect,1.2758620689655173,lra_q
NetworkRewiring_Test,21,454,12,cooperate,0.10344827586206896,lra_q
NetworkRewiring_Test,21,454,13,defect,1.0,lra_q
NetworkRewiring_Test,21,454,14,defect,1.1379310344827587,lra_q
NetworkRewiring_Test,21,454,15,defect,1.1379310344827587,tit_for_tat
NetworkRewiring_Test,21,454,16,defect,1.1379310344827587,tit_for_tat
NetworkRewiring_Test,21,454,17,defect,1.0,tit_for_tat
NetworkRewiring_Test,21,454,18,defect,1.0,tit_for_tat
NetworkRewiring_Test,21,454,19,defect,1.0,tit_for_tat
NetworkRewiring_Test,21,454,20,defect,1.0,tit_for_tat
NetworkRewiring_Test,21,454,21,defect,1.0,tit_for_tat
NetworkRewiring_Test,21,454,22,defect,1.1379310344827587,tit_for_tat
NetworkRewiring_Test,21,454,23,defect,1.1379310344827587,tit_for_tat
NetworkRewiring_Test,21,454,24,defect,1.0,tit_for_tat
NetworkRewiring_Test,21,454,25,defect,1.4137931034482758,tit_for_tat
NetworkRewiring_Test,21,454,26,defect,1.1379310344827587,tit_for_tat
NetworkRewiring_Test,21,454,27,cooperate,0.0,tit_for_tat
NetworkRewiring_Test,21,454,28,defect,1.2758620689655173,tit_for_tat
NetworkRewiring_Test,21,454,29,defect,1.2758620689655173,tit_for_tat
NetworkRewiring_Test,21,455,0,defect,1.2758620689655173,lra_q
NetworkRewiring_Test,21,455,1,defect,1.1379310344827587,lra_q
NetworkRewiring_Test,21,455,2,defect,1.0,lra_q
NetworkRewiring_Test,21,455,3,defect,1.0,lra_q
NetworkRewiring_Test,21,455,4,cooperate,0.0,lra_q
NetworkRewiring_Test,21,455,5,defect,1.4137931034482758,lra_q
NetworkRewiring_Test,21,455,6,defect,1.0,lra_q
NetworkRewiring_Test,21,455,7,cooperate,0.0,lra_q
NetworkRewiring_Test,21,455,8,defect,1.0,lra_q
NetworkRewiring_Test,21,455,9,defect,1.1379310344827587,lra_q
NetworkRewiring_Test,21,455,10,defect,1.0,lra_q
NetworkRewiring_Test,21,455,11,defect,1.1379310344827587,lra_q
NetworkRewiring_Test,21,455,12,defect,1.1379310344827587,lra_q
NetworkRewiring_Test,21,455,13,defect,1.0,lra_q
NetworkRewiring_Test,21,455,14,defect,1.1379310344827587,lra_q
NetworkRewiring_Test,21,455,15,cooperate,0.0,tit_for_tat
NetworkRewiring_Test,21,455,16,defect,1.1379310344827587,tit_for_tat
NetworkRewiring_Test,21,455,17,defect,1.2758620689655173,tit_for_tat
NetworkRewiring_Test,21,455,18,defect,1.0,tit_for_tat
NetworkRewiring_Test,21,455,19,defect,1.0,tit_for_tat
NetworkRewiring_Test,21,455,20,defect,1.0,tit_for_tat
NetworkRewiring_Test,21,455,21,defect,1.0,tit_for_tat
NetworkRewiring_Test,21,455,22,defect,1.1379310344827587,tit_for_tat
NetworkRewiring_Test,21,455,23,defect,1.0,tit_for_tat
NetworkRewiring_Test,21,455,24,defect,1.0,tit_for_tat
NetworkRewiring_Test,21,455,25,defect,1.1379310344827587,tit_for_tat
NetworkRewiring_Test,21,455,26,defect,1.0,tit_for_tat
NetworkRewiring_Test,21,455,27,defect,1.1379310344827587,tit_for_tat
NetworkRewiring_Test,21,455,28,cooperate,0.0,tit_for_tat
NetworkRewiring_Test,21,455,29,defect,1.1379310344827587,tit_for_tat
NetworkRewiring_Test,21,456,0,defect,1.0,lra_q
NetworkRewiring_Test,21,456,1,defect,1.1379310344827587,lra_q
NetworkRewiring_Test,21,456,2,defect,1.1379310344827587,lra_q
NetworkRewiring_Test,21,456,3,defect,1.0,lra_q
NetworkRewiring_Test,21,456,4,cooperate,0.0,lra_q
NetworkRewiring_Test,21,456,5,defect,1.2758620689655173,lra_q
NetworkRewiring_Test,21,456,6,defect,1.1379310344827587,lra_q
NetworkRewiring_Test,21,456,7,defect,1.1379310344827587,lra_q
NetworkRewiring_Test,21,456,8,defect,1.1379310344827587,lra_q
NetworkRewiring_Test,21,456,9,cooperate,0.10344827586206896,lra_q
NetworkRewiring_Test,21,456,10,cooperate,0.10344827586206896,lra_q
NetworkRewiring_Test,21,456,11,defect,1.1379310344827587,lra_q
NetworkRewiring_Test,21,456,12,defect,1.0,lra_q
NetworkRewiring_Test,21,456,13,defect,1.0,lra_q
NetworkRewiring_Test,21,456,14,defect,1.1379310344827587,lra_q
NetworkRewiring_Test,21,456,15,defect,1.1379310344827587,tit_for_tat
NetworkRewiring_Test,21,456,16,cooperate,0.0,tit_for_tat
NetworkRewiring_Test,21,456,17,defect,1.1379310344827587,tit_for_tat
NetworkRewiring_Test,21,456,18,defect,1.1379310344827587,tit_for_tat
NetworkRewiring_Test,21,456,19,defect,1.0,tit_for_tat
NetworkRewiring_Test,21,456,20,defect,1.0,tit_for_tat
NetworkRewiring_Test,21,456,21,defect,1.0,tit_for_tat
NetworkRewiring_Test,21,456,22,defect,1.1379310344827587,tit_for_tat
NetworkRewiring_Test,21,456,23,defect,1.0,tit_for_tat
NetworkRewiring_Test,21,456,24,defect,1.0,tit_for_tat
NetworkRewiring_Test,21,456,25,defect,1.2758620689655173,tit_for_tat
NetworkRewiring_Test,21,456,26,defect,1.0,tit_for_tat
NetworkRewiring_Test,21,456,27,defect,1.0,tit_for_tat
NetworkRewiring_Test,21,456,28,defect,1.0,tit_for_tat
NetworkRewiring_Test,21,456,29,defect,1.0,tit_for_tat
NetworkRewiring_Test,21,457,0,defect,1.2758620689655173,lra_q
NetworkRewiring_Test,21,457,1,defect,1.1379310344827587,lra_q
NetworkRewiring_Test,21,457,2,defect,1.0,lra_q
NetworkRewiring_Test,21,457,3,defect,1.0,lra_q
NetworkRewiring_Test,21,457,4,cooperate,0.10344827586206896,lra_q
NetworkRewiring_Test,21,457,5,defect,1.2758620689655173,lra_q
NetworkRewiring_Test,21,457,6,defect,1.0,lra_q
NetworkRewiring_Test,21,457,7,defect,1.0,lra_q
NetworkRewiring_Test,21,457,8,defect,1.1379310344827587,lra_q
NetworkRewiring_Test,21,457,9,defect,1.1379310344827587,lra_q
NetworkRewiring_Test,21,457,10,cooperate,0.20689655172413793,lra_q
NetworkRewiring_Test,21,457,11,defect,1.0,lra_q
NetworkRewiring_Test,21,457,12,defect,1.0,lra_q
NetworkRewiring_Test,21,457,13,defect,1.0,lra_q
NetworkRewiring_Test,21,457,14,defect,1.1379310344827587,lra_q
NetworkRewiring_Test,21,457,15,defect,1.1379310344827587,tit_for_tat
NetworkRewiring_Test,21,457,16,defect,1.0,tit_for_tat
NetworkRewiring_Test,21,457,17,defect,1.0,tit_for_tat
NetworkRewiring_Test,21,457,18,defect,1.0,tit_for_tat
NetworkRewiring_Test,21,457,19,defect,1.0,tit_for_tat
NetworkRewiring_Test,21,457,20,defect,1.1379310344827587,tit_for_tat
NetworkRewiring_Test,21,457,21,defect,1.1379310344827587,tit_for_tat
NetworkRewiring_Test,21,457,22,cooperate,0.10344827586206896,tit_for_tat
NetworkRewiring_Test,21,457,23,defect,1.0,tit_for_tat
NetworkRewiring_Test,21,457,24,defect,1.0,tit_for_tat
NetworkRewiring_Test,21,457,25,cooperate,0.20689655172413793,tit_for_tat
NetworkRewiring_Test,21,457,26,defect,1.0,tit_for_tat
NetworkRewiring_Test,21,457,27,defect,1.1379310344827587,tit_for_tat
NetworkRewiring_Test,21,457,28,defect,1.0,tit_for_tat
NetworkRewiring_Test,21,457,29,defect,1.1379310344827587,tit_for_tat
NetworkRewiring_Test,21,458,0,defect,1.1379310344827587,lra_q
NetworkRewiring_Test,21,458,1,defect,1.1379310344827587,lra_q
NetworkRewiring_Test,21,458,2,defect,1.0,lra_q
NetworkRewiring_Test,21,458,3,defect,1.0,lra_q
NetworkRewiring_Test,21,458,4,cooperate,0.0,lra_q
NetworkRewiring_Test,21,458,5,defect,1.2758620689655173,lra_q
NetworkRewiring_Test,21,458,6,defect,1.0,lra_q
NetworkRewiring_Test,21,458,7,defect,1.0,lra_q
NetworkRewiring_Test,21,458,8,defect,1.1379310344827587,lra_q
NetworkRewiring_Test,21,458,9,defect,1.1379310344827587,lra_q
NetworkRewiring_Test,21,458,10,cooperate,0.10344827586206896,lra_q
NetworkRewiring_Test,21,458,11,defect,1.0,lra_q
NetworkRewiring_Test,21,458,12,defect,1.0,lra_q
NetworkRewiring_Test,21,458,13,defect,1.0,lra_q
NetworkRewiring_Test,21,458,14,defect,1.1379310344827587,lra_q
NetworkRewiring_Test,21,458,15,defect,1.1379310344827587,tit_for_tat
NetworkRewiring_Test,21,458,16,defect,1.0,tit_for_tat
NetworkRewiring_Test,21,458,17,defect,1.0,tit_for_tat
NetworkRewiring_Test,21,458,18,defect,1.1379310344827587,tit_for_tat
NetworkRewiring_Test,21,458,19,defect,1.2758620689655173,tit_for_tat
NetworkRewiring_Test,21,458,20,cooperate,0.10344827586206896,tit_for_tat
NetworkRewiring_Test,21,458,21,cooperate,0.10344827586206896,tit_for_tat
NetworkRewiring_Test,21,458,22,cooperate,0.3103448275862069,tit_for_tat
NetworkRewiring_Test,21,458,23,defect,1.0,tit_for_tat
NetworkRewiring_Test,21,458,24,defect,1.0,tit_for_tat
NetworkRewiring_Test,21,458,25,defect,1.4137931034482758,tit_for_tat
NetworkRewiring_Test,21,458,26,defect,1.0,tit_for_tat
NetworkRewiring_Test,21,458,27,cooperate,0.0,tit_for_tat
NetworkRewiring_Test,21,458,28,defect,1.1379310344827587,tit_for_tat
NetworkRewiring_Test,21,458,29,defect,1.1379310344827587,tit_for_tat
NetworkRewiring_Test,21,459,0,defect,1.2758620689655173,lra_q
NetworkRewiring_Test,21,459,1,defect,1.2758620689655173,lra_q
NetworkRewiring_Test,21,459,2,defect,1.0,lra_q
NetworkRewiring_Test,21,459,3,cooperate,0.0,lra_q
NetworkRewiring_Test,21,459,4,cooperate,0.10344827586206896,lra_q
NetworkRewiring_Test,21,459,5,defect,1.4137931034482758,lra_q
NetworkRewiring_Test,21,459,6,defect,1.0,lra_q
NetworkRewiring_Test,21,459,7,defect,1.0,lra_q
NetworkRewiring_Test,21,459,8,defect,1.1379310344827587,lra_q
NetworkRewiring_Test,21,459,9,defect,1.1379310344827587,lra_q
NetworkRewiring_Test,21,459,10,cooperate,0.10344827586206896,lra_q
NetworkRewiring_Test,21,459,11,defect,1.1379310344827587,lra_q
NetworkRewiring_Test,21,459,12,defect,1.1379310344827587,lra_q
NetworkRewiring_Test,21,459,13,defect,1.0,lra_q
NetworkRewiring_Test,21,459,14,defect,1.2758620689655173,lra_q
NetworkRewiring_Test,21,459,15,cooperate,0.0,tit_for_tat
NetworkRewiring_Test,21,459,16,defect,1.1379310344827587,tit_for_tat
NetworkRewiring_Test,21,459,17,defect,1.1379310344827587,tit_for_tat
NetworkRewiring_Test,21,459,18,defect,1.0,tit_for_tat
NetworkRewiring_Test,21,459,19,defect,1.1379310344827587,tit_for_tat
NetworkRewiring_Test,21,459,20,defect,1.0,tit_for_tat
NetworkRewiring_Test,21,459,21,cooperate,0.0,tit_for_tat
NetworkRewiring_Test,21,459,22,defect,1.4137931034482758,tit_for_tat
NetworkRewiring_Test,21,459,23,defect,1.0,tit_for_tat
NetworkRewiring_Test,21,459,24,defect,1.0,tit_for_tat
NetworkRewiring_Test,21,459,25,cooperate,0.20689655172413793,tit_for_tat
NetworkRewiring_Test,21,459,26,defect,1.0,tit_for_tat
NetworkRewiring_Test,21,459,27,defect,1.1379310344827587,tit_for_tat
NetworkRewiring_Test,21,459,28,defect,1.0,tit_for_tat
NetworkRewiring_Test,21,459,29,defect,1.1379310344827587,tit_for_tat
NetworkRewiring_Test,21,460,0,defect,1.0,lra_q
NetworkRewiring_Test,21,460,1,defect,1.1379310344827587,lra_q
NetworkRewiring_Test,21,460,2,defect,1.1379310344827587,lra_q
NetworkRewiring_Test,21,460,3,defect,1.0,lra_q
NetworkRewiring_Test,21,460,4,cooperate,0.0,lra_q
NetworkRewiring_Test,21,460,5,defect,1.2758620689655173,lra_q
NetworkRewiring_Test,21,460,6,defect,1.0,lra_q
NetworkRewiring_Test,21,460,7,defect,1.0,lra_q
NetworkRewiring_Test,21,460,8,defect,1.1379310344827587,lra_q
NetworkRewiring_Test,21,460,9,defect,1.1379310344827587,lra_q
NetworkRewiring_Test,21,460,10,cooperate,0.10344827586206896,lra_q
NetworkRewiring_Test,21,460,11,defect,1.0,lra_q
NetworkRewiring_Test,21,460,12,defect,1.0,lra_q
NetworkRewiring_Test,21,460,13,defect,1.1379310344827587,lra_q
NetworkRewiring_Test,21,460,14,cooperate,0.10344827586206896,lra_q
NetworkRewiring_Test,21,460,15,defect,1.1379310344827587,tit_for_tat
NetworkRewiring_Test,21,460,16,defect,1.0,tit_for_tat
NetworkRewiring_Test,21,460,17,defect,1.1379310344827587,tit_for_tat
NetworkRewiring_Test,21,460,18,defect,1.0,tit_for_tat
NetworkRewiring_Test,21,460,19,defect,1.0,tit_for_tat
NetworkRewiring_Test,21,460,20,defect,1.0,tit_for_tat
NetworkRewiring_Test,21,460,21,defect,1.0,tit_for_tat
NetworkRewiring_Test,21,460,22,defect,1.1379310344827587,tit_for_tat
NetworkRewiring_Test,21,460,23,defect,1.0,tit_for_tat
NetworkRewiring_Test,21,460,24,defect,1.0,tit_for_tat
NetworkRewiring_Test,21,460,25,defect,1.4137931034482758,tit_for_tat
NetworkRewiring_Test,21,460,26,defect,1.0,tit_for_tat
NetworkRewiring_Test,21,460,27,defect,1.1379310344827587,tit_for_tat
NetworkRewiring_Test,21,460,28,defect,1.1379310344827587,tit_for_tat
NetworkRewiring_Test,21,460,29,cooperate,0.0,tit_for_tat
NetworkRewiring_Test,21,461,0,defect,1.2758620689655173,lra_q
NetworkRewiring_Test,21,461,1,defect,1.1379310344827587,lra_q
NetworkRewiring_Test,21,461,2,defect,1.0,lra_q
NetworkRewiring_Test,21,461,3,defect,1.0,lra_q
NetworkRewiring_Test,21,461,4,cooperate,0.0,lra_q
NetworkRewiring_Test,21,461,5,defect,1.4137931034482758,lra_q
NetworkRewiring_Test,21,461,6,defect,1.0,lra_q
NetworkRewiring_Test,21,461,7,defect,1.0,lra_q
NetworkRewiring_Test,21,461,8,defect,1.1379310344827587,lra_q
NetworkRewiring_Test,21,461,9,defect,1.1379310344827587,lra_q
NetworkRewiring_Test,21,461,10,cooperate,0.10344827586206896,lra_q
NetworkRewiring_Test,21,461,11,defect,1.0,lra_q
NetworkRewiring_Test,21,461,12,defect,1.0,lra_q
NetworkRewiring_Test,21,461,13,defect,1.0,lra_q
NetworkRewiring_Test,21,461,14,defect,1.1379310344827587,lra_q
NetworkRewiring_Test,21,461,15,defect,1.1379310344827587,tit_for_tat
NetworkRewiring_Test,21,461,16,defect,1.0,tit_for_tat
NetworkRewiring_Test,21,461,17,defect,1.0,tit_for_tat
NetworkRewiring_Test,21,461,18,defect,1.0,tit_for_tat
NetworkRewiring_Test,21,461,19,defect,1.0,tit_for_tat
NetworkRewiring_Test,21,461,20,defect,1.2758620689655173,tit_for_tat
NetworkRewiring_Test,21,461,21,defect,1.1379310344827587,tit_for_tat
NetworkRewiring_Test,21,461,22,cooperate,0.10344827586206896,tit_for_tat
NetworkRewiring_Test,21,461,23,defect,1.0,tit_for_tat
NetworkRewiring_Test,21,461,24,defect,1.0,tit_for_tat
NetworkRewiring_Test,21,461,25,defect,1.1379310344827587,tit_for_tat
NetworkRewiring_Test,21,461,26,defect,1.0,tit_for_tat
NetworkRewiring_Test,21,461,27,defect,1.1379310344827587,tit_for_tat
NetworkRewiring_Test,21,461,28,cooperate,0.0,tit_for_tat
NetworkRewiring_Test,21,461,29,defect,1.1379310344827587,tit_for_tat
NetworkRewiring_Test,21,462,0,defect,1.0,lra_q
NetworkRewiring_Test,21,462,1,defect,1.1379310344827587,lra_q
NetworkRewiring_Test,21,462,2,defect,1.0,lra_q
NetworkRewiring_Test,21,462,3,defect,1.0,lra_q
NetworkRewiring_Test,21,462,4,cooperate,0.0,lra_q
NetworkRewiring_Test,21,462,5,defect,1.2758620689655173,lra_q
NetworkRewiring_Test,21,462,6,defect,1.0,lra_q
NetworkRewiring_Test,21,462,7,defect,1.0,lra_q
NetworkRewiring_Test,21,462,8,defect,1.1379310344827587,lra_q
NetworkRewiring_Test,21,462,9,defect,1.1379310344827587,lra_q
NetworkRewiring_Test,21,462,10,cooperate,0.0,lra_q
NetworkRewiring_Test,21,462,11,defect,1.0,lra_q
NetworkRewiring_Test,21,462,12,defect,1.0,lra_q
NetworkRewiring_Test,21,462,13,defect,1.0,lra_q
NetworkRewiring_Test,21,462,14,defect,1.1379310344827587,lra_q
NetworkRewiring_Test,21,462,15,defect,1.0,tit_for_tat
NetworkRewiring_Test,21,462,16,defect,1.0,tit_for_tat
NetworkRewiring_Test,21,462,17,defect,1.0,tit_for_tat
NetworkRewiring_Test,21,462,18,defect,1.0,tit_for_tat
NetworkRewiring_Test,21,462,19,defect,1.1379310344827587,tit_for_tat
NetworkRewiring_Test,21,462,20,defect,1.1379310344827587,tit_for_tat
NetworkRewiring_Test,21,462,21,cooperate,0.0,tit_for_tat
NetworkRewiring_Test,21,462,22,defect,1.2758620689655173,tit_for_tat
NetworkRewiring_Test,21,462,23,defect,1.0,tit_for_tat
NetworkRewiring_Test,21,462,24,defect,1.0,tit_for_tat
NetworkRewiring_Test,21,462,25,defect,1.1379310344827587,tit_for_tat
NetworkRewiring_Test,21,462,26,defect,1.0,tit_for_tat
NetworkRewiring_Test,21,462,27,defect,1.0,tit_for_tat
NetworkRewiring_Test,21,462,28,defect,1.0,tit_for_tat
NetworkRewiring_Test,21,462,29,defect,1.0,tit_for_tat
NetworkRewiring_Test,21,463,0,defect,1.1379310344827587,lra_q
NetworkRewiring_Test,21,463,1,defect,1.1379310344827587,lra_q
NetworkRewiring_Test,21,463,2,cooperate,0.0,lra_q
NetworkRewiring_Test,21,463,3,defect,1.0,lra_q
NetworkRewiring_Test,21,463,4,cooperate,0.0,lra_q
NetworkRewiring_Test,21,463,5,defect,1.2758620689655173,lra_q
NetworkRewiring_Test,21,463,6,defect,1.0,lra_q
NetworkRewiring_Test,21,463,7,defect,1.0,lra_q
NetworkRewiring_Test,21,463,8,defect,1.1379310344827587,lra_q
NetworkRewiring_Test,21,463,9,defect,1.1379310344827587,lra_q
NetworkRewiring_Test,21,463,10,cooperate,0.10344827586206896,lra_q
NetworkRewiring_Test,21,463,11,defect,1.1379310344827587,lra_q
NetworkRewiring_Test,21,463,12,defect,1.0,lra_q
NetworkRewiring_Test,21,463,13,defect,1.0,lra_q
NetworkRewiring_Test,21,463,14,defect,1.1379310344827587,lra_q
NetworkRewiring_Test,21,463,15,defect,1.1379310344827587,tit_for_tat
NetworkRewiring_Test,21,463,16,defect,1.1379310344827587,tit_for_tat
NetworkRewiring_Test,21,463,17,defect,1.0,tit_for_tat
NetworkRewiring_Test,21,463,18,defect,1.0,tit_for_tat
NetworkRewiring_Test,21,463,19,defect,1.0,tit_for_tat
NetworkRewiring_Test,21,463,20,defect,1.2758620689655173,tit_for_tat
NetworkRewiring_Test,21,463,21,defect,1.1379310344827587,tit_for_tat
NetworkRewiring_Test,21,463,22,cooperate,0.10344827586206896,tit_for_tat
NetworkRewiring_Test,21,463,23,defect,1.1379310344827587,tit_for_tat
NetworkRewiring_Test,21,463,24,defect,1.0,tit_for_tat
NetworkRewiring_Test,21,463,25,defect,1.1379310344827587,tit_for_tat
NetworkRewiring_Test,21,463,26,defect,1.1379310344827587,tit_for_tat
NetworkRewiring_Test,21,463,27,defect,1.0,tit_for_tat
NetworkRewiring_Test,21,463,28,defect,1.0,tit_for_tat
NetworkRewiring_Test,21,463,29,defect,1.1379310344827587,tit_for_tat
NetworkRewiring_Test,21,464,0,defect,1.1379310344827587,lra_q
NetworkRewiring_Test,21,464,1,defect,1.1379310344827587,lra_q
NetworkRewiring_Test,21,464,2,defect,1.0,lra_q
NetworkRewiring_Test,21,464,3,defect,1.0,lra_q
NetworkRewiring_Test,21,464,4,cooperate,0.0,lra_q
NetworkRewiring_Test,21,464,5,defect,1.2758620689655173,lra_q
NetworkRewiring_Test,21,464,6,defect,1.0,lra_q
NetworkRewiring_Test,21,464,7,defect,1.0,lra_q
NetworkRewiring_Test,21,464,8,defect,1.1379310344827587,lra_q
NetworkRewiring_Test,21,464,9,defect,1.1379310344827587,lra_q
NetworkRewiring_Test,21,464,10,cooperate,0.10344827586206896,lra_q
NetworkRewiring_Test,21,464,11,defect,1.0,lra_q
NetworkRewiring_Test,21,464,12,defect,1.1379310344827587,lra_q
NetworkRewiring_Test,21,464,13,defect,1.0,lra_q
NetworkRewiring_Test,21,464,14,defect,1.2758620689655173,lra_q
NetworkRewiring_Test,21,464,15,cooperate,0.0,tit_for_tat
NetworkRewiring_Test,21,464,16,defect,1.1379310344827587,tit_for_tat
NetworkRewiring_Test,21,464,17,defect,1.1379310344827587,tit_for_tat
NetworkRewiring_Test,21,464,18,defect,1.1379310344827587,tit_for_tat
NetworkRewiring_Test,21,464,19,defect,1.1379310344827587,tit_for_tat
NetworkRewiring_Test,21,464,20,cooperate,0.10344827586206896,tit_for_tat
NetworkRewiring_Test,21,464,21,defect,1.0,tit_for_tat
NetworkRewiring_Test,21,464,22,defect,1.4137931034482758,tit_for_tat
NetworkRewiring_Test,21,464,23,defect,1.0,tit_for_tat
NetworkRewiring_Test,21,464,24,defect,1.0,tit_for_tat
NetworkRewiring_Test,21,464,25,defect,1.1379310344827587,tit_for_tat
NetworkRewiring_Test,21,464,26,defect,1.0,tit_for_tat
NetworkRewiring_Test,21,464,27,defect,1.0,tit_for_tat
NetworkRewiring_Test,21,464,28,defect,1.0,tit_for_tat
NetworkRewiring_Test,21,464,29,defect,1.0,tit_for_tat
NetworkRewiring_Test,21,465,0,defect,1.0,lra_q
NetworkRewiring_Test,21,465,1,defect,1.1379310344827587,lra_q
NetworkRewiring_Test,21,465,2,defect,1.1379310344827587,lra_q
NetworkRewiring_Test,21,465,3,defect,1.1379310344827587,lra_q
NetworkRewiring_Test,21,465,4,cooperate,0.0,lra_q
NetworkRewiring_Test,21,465,5,defect,1.2758620689655173,lra_q
NetworkRewiring_Test,21,465,6,defect,1.0,lra_q
NetworkRewiring_Test,21,465,7,defect,1.1379310344827587,lra_q
NetworkRewiring_Test,21,465,8,defect,1.2758620689655173,lra_q
NetworkRewiring_Test,21,465,9,defect,1.2758620689655173,lra_q
NetworkRewiring_Test,21,465,10,cooperate,0.10344827586206896,lra_q
NetworkRewiring_Test,21,465,11,cooperate,0.0,lra_q
NetworkRewiring_Test,21,465,12,defect,1.1379310344827587,lra_q
NetworkRewiring_Test,21,465,13,defect,1.1379310344827587,lra_q
NetworkRewiring_Test,21,465,14,cooperate,0.10344827586206896,lra_q
NetworkRewiring_Test,21,465,15,defect,1.1379310344827587,tit_for_tat
NetworkRewiring_Test,21,465,16,defect,1.0,tit_for_tat
NetworkRewiring_Test,21,465,17,defect,1.1379310344827587,tit_for_tat
NetworkRewiring_Test,21,465,18,defect,1.0,tit_for_tat
NetworkRewiring_Test,21,465,19,defect,1.0,tit_for_tat
NetworkRewiring_Test,21,465,20,defect,1.1379310344827587,tit_for_tat
NetworkRewiring_Test,21,465,21,defect,1.0,tit_for_tat
NetworkRewiring_Test,21,465,22,defect,1.1379310344827587,tit_for_tat
NetworkRewiring_Test,21,465,23,defect,1.0,tit_for_tat
NetworkRewiring_Test,21,465,24,defect,1.0,tit_for_tat
NetworkRewiring_Test,21,465,25,defect,1.1379310344827587,tit_for_tat
NetworkRewiring_Test,21,465,26,defect,1.0,tit_for_tat
NetworkRewiring_Test,21,465,27,defect,1.0,tit_for_tat
NetworkRewiring_Test,21,465,28,defect,1.0,tit_for_tat
NetworkRewiring_Test,21,465,29,defect,1.0,tit_for_tat
NetworkRewiring_Test,21,466,0,defect,1.0,lra_q
NetworkRewiring_Test,21,466,1,defect,1.1379310344827587,lra_q
NetworkRewiring_Test,21,466,2,defect,1.0,lra_q
NetworkRewiring_Test,21,466,3,defect,1.0,lra_q
NetworkRewiring_Test,21,466,4,cooperate,0.0,lra_q
NetworkRewiring_Test,21,466,5,defect,1.2758620689655173,lra_q
NetworkRewiring_Test,21,466,6,defect,1.0,lra_q
NetworkRewiring_Test,21,466,7,defect,1.1379310344827587,lra_q
NetworkRewiring_Test,21,466,8,defect,1.1379310344827587,lra_q
NetworkRewiring_Test,21,466,9,defect,1.1379310344827587,lra_q
NetworkRewiring_Test,21,466,10,cooperate,0.0,lra_q
NetworkRewiring_Test,21,466,11,defect,1.0,lra_q
NetworkRewiring_Test,21,466,12,defect,1.0,lra_q
NetworkRewiring_Test,21,466,13,defect,1.0,lra_q
NetworkRewiring_Test,21,466,14,defect,1.2758620689655173,lra_q
NetworkRewiring_Test,21,466,15,defect,1.1379310344827587,tit_for_tat
NetworkRewiring_Test,21,466,16,defect,1.1379310344827587,tit_for_tat
NetworkRewiring_Test,21,466,17,cooperate,0.0,tit_for_tat
NetworkRewiring_Test,21,466,18,defect,1.1379310344827587,tit_for_tat
NetworkRewiring_Test,21,466,19,defect,1.1379310344827587,tit_for_tat
NetworkRewiring_Test,21,466,20,defect,1.1379310344827587,tit_for_tat
NetworkRewiring_Test,21,466,21,defect,1.0,tit_for_tat
NetworkRewiring_Test,21,466,22,defect,1.1379310344827587,tit_for_tat
NetworkRewiring_Test,21,466,23,defect,1.0,tit_for_tat
NetworkRewiring_Test,21,466,24,defect,1.0,tit_for_tat
NetworkRewiring_Test,21,466,25,defect,1.1379310344827587,tit_for_tat
NetworkRewiring_Test,21,466,26,defect,1.0,tit_for_tat
NetworkRewiring_Test,21,466,27,defect,1.0,tit_for_tat
NetworkRewiring_Test,21,466,28,defect,1.0,tit_for_tat
NetworkRewiring_Test,21,466,29,defect,1.0,tit_for_tat
NetworkRewiring_Test,21,467,0,defect,1.0,lra_q
NetworkRewiring_Test,21,467,1,defect,1.1379310344827587,lra_q
NetworkRewiring_Test,21,467,2,defect,1.1379310344827587,lra_q
NetworkRewiring_Test,21,467,3,defect,1.0,lra_q
NetworkRewiring_Test,21,467,4,cooperate,0.0,lra_q
NetworkRewiring_Test,21,467,5,defect,1.2758620689655173,lra_q
NetworkRewiring_Test,21,467,6,defect,1.1379310344827587,lra_q
NetworkRewiring_Test,21,467,7,defect,1.0,lra_q
NetworkRewiring_Test,21,467,8,defect,1.1379310344827587,lra_q
NetworkRewiring_Test,21,467,9,defect,1.1379310344827587,lra_q
NetworkRewiring_Test,21,467,10,cooperate,0.10344827586206896,lra_q
NetworkRewiring_Test,21,467,11,defect,1.0,lra_q
NetworkRewiring_Test,21,467,12,defect,1.0,lra_q
NetworkRewiring_Test,21,467,13,defect,1.1379310344827587,lra_q
NetworkRewiring_Test,21,467,14,cooperate,0.10344827586206896,lra_q
NetworkRewiring_Test,21,467,15,defect,1.2758620689655173,tit_for_tat
NetworkRewiring_Test,21,467,16,cooperate,0.10344827586206896,tit_for_tat
NetworkRewiring_Test,21,467,17,defect,1.4137931034482758,tit_for_tat
NetworkRewiring_Test,21,467,18,cooperate,0.10344827586206896,tit_for_tat
NetworkRewiring_Test,21,467,19,defect,1.1379310344827587,tit_for_tat
NetworkRewiring_Test,21,467,20,defect,1.2758620689655173,tit_for_tat
NetworkRewiring_Test,21,467,21,defect,1.0,tit_for_tat
NetworkRewiring_Test,21,467,22,defect,1.1379310344827587,tit_for_tat
NetworkRewiring_Test,21,467,23,defect,1.0,tit_for_tat
NetworkRewiring_Test,21,467,24,defect,1.0,tit_for_tat
NetworkRewiring_Test,21,467,25,defect,1.1379310344827587,tit_for_tat
NetworkRewiring_Test,21,467,26,defect,1.0,tit_for_tat
NetworkRewiring_Test,21,467,27,defect,1.0,tit_for_tat
NetworkRewiring_Test,21,467,28,defect,1.0,tit_for_tat
NetworkRewiring_Test,21,467,29,defect,1.0,tit_for_tat
NetworkRewiring_Test,21,468,0,defect,1.1379310344827587,lra_q
NetworkRewiring_Test,21,468,1,defect,1.1379310344827587,lra_q
NetworkRewiring_Test,21,468,2,defect,1.1379310344827587,lra_q
NetworkRewiring_Test,21,468,3,defect,1.0,lra_q
NetworkRewiring_Test,21,468,4,cooperate,0.0,lra_q
NetworkRewiring_Test,21,468,5,defect,1.2758620689655173,lra_q
NetworkRewiring_Test,21,468,6,defect,1.2758620689655173,lra_q
NetworkRewiring_Test,21,468,7,defect,1.0,lra_q
NetworkRewiring_Test,21,468,8,defect,1.1379310344827587,lra_q
NetworkRewiring_Test,21,468,9,defect,1.1379310344827587,lra_q
NetworkRewiring_Test,21,468,10,cooperate,0.0,lra_q
NetworkRewiring_Test,21,468,11,defect,1.0,lra_q
NetworkRewiring_Test,21,468,12,defect,1.1379310344827587,lra_q
NetworkRewiring_Test,21,468,13,cooperate,0.0,lra_q
NetworkRewiring_Test,21,468,14,defect,1.4137931034482758,lra_q
NetworkRewiring_Test,21,468,15,cooperate,0.10344827586206896,tit_for_tat
NetworkRewiring_Test,21,468,16,cooperate,0.20689655172413793,tit_for_tat
NetworkRewiring_Test,21,468,17,defect,1.4137931034482758,tit_for_tat
NetworkRewiring_Test,21,468,18,cooperate,0.10344827586206896,tit_for_tat
NetworkRewiring_Test,21,468,19,defect,1.1379310344827587,tit_for_tat
NetworkRewiring_Test,21,468,20,defect,1.2758620689655173,tit_for_tat
NetworkRewiring_Test,21,468,21,defect,1.0,tit_for_tat
NetworkRewiring_Test,21,468,22,defect,1.2758620689655173,tit_for_tat
NetworkRewiring_Test,21,468,23,defect,1.0,tit_for_tat
NetworkRewiring_Test,21,468,24,defect,1.0,tit_for_tat
NetworkRewiring_Test,21,468,25,defect,1.1379310344827587,tit_for_tat
NetworkRewiring_Test,21,468,26,defect,1.0,tit_for_tat
NetworkRewiring_Test,21,468,27,defect,1.0,tit_for_tat
NetworkRewiring_Test,21,468,28,defect,1.0,tit_for_tat
NetworkRewiring_Test,21,468,29,defect,1.0,tit_for_tat
NetworkRewiring_Test,21,469,0,defect,1.1379310344827587,lra_q
NetworkRewiring_Test,21,469,1,defect,1.1379310344827587,lra_q
NetworkRewiring_Test,21,469,2,defect,1.1379310344827587,lra_q
NetworkRewiring_Test,21,469,3,defect,1.0,lra_q
NetworkRewiring_Test,21,469,4,cooperate,0.0,lra_q
NetworkRewiring_Test,21,469,5,defect,1.4137931034482758,lra_q
NetworkRewiring_Test,21,469,6,cooperate,0.20689655172413793,lra_q
NetworkRewiring_Test,21,469,7,defect,1.1379310344827587,lra_q
NetworkRewiring_Test,21,469,8,defect,1.1379310344827587,lra_q
NetworkRewiring_Test,21,469,9,cooperate,0.10344827586206896,lra_q
NetworkRewiring_Test,21,469,10,cooperate,0.3103448275862069,lra_q
NetworkRewiring_Test,21,469,11,defect,1.1379310344827587,lra_q
NetworkRewiring_Test,21,469,12,defect,1.0,lra_q
NetworkRewiring_Test,21,469,13,defect,1.1379310344827587,lra_q
NetworkRewiring_Test,21,469,14,defect,1.1379310344827587,lra_q
NetworkRewiring_Test,21,469,15,defect,1.2758620689655173,tit_for_tat
NetworkRewiring_Test,21,469,16,cooperate,0.10344827586206896,tit_for_tat
NetworkRewiring_Test,21,469,17,defect,1.2758620689655173,tit_for_tat
NetworkRewiring_Test,21,469,18,defect,1.4137931034482758,tit_for_tat
NetworkRewiring_Test,21,469,19,cooperate,0.20689655172413793,tit_for_tat
NetworkRewiring_Test,21,469,20,cooperate,0.3103448275862069,tit_for_tat
NetworkRewiring_Test,21,469,21,defect,1.2758620689655173,tit_for_tat
NetworkRewiring_Test,21,469,22,cooperate,0.20689655172413793,tit_for_tat
NetworkRewiring_Test,21,469,23,defect,1.0,tit_for_tat
NetworkRewiring_Test,21,469,24,defect,1.0,tit_for_tat
NetworkRewiring_Test,21,469,25,defect,1.1379310344827587,tit_for_tat
NetworkRewiring_Test,21,469,26,defect,1.1379310344827587,tit_for_tat
NetworkRewiring_Test,21,469,27,defect,1.0,tit_for_tat
NetworkRewiring_Test,21,469,28,defect,1.0,tit_for_tat
NetworkRewiring_Test,21,469,29,defect,1.0,tit_for_tat
NetworkRewiring_Test,21,470,0,defect,1.1379310344827587,lra_q
NetworkRewiring_Test,21,470,1,defect,1.1379310344827587,lra_q
NetworkRewiring_Test,21,470,2,defect,1.1379310344827587,lra_q
NetworkRewiring_Test,21,470,3,defect,1.0,lra_q
NetworkRewiring_Test,21,470,4,cooperate,0.0,lra_q
NetworkRewiring_Test,21,470,5,defect,1.2758620689655173,lra_q
NetworkRewiring_Test,21,470,6,cooperate,0.20689655172413793,lra_q
NetworkRewiring_Test,21,470,7,defect,1.0,lra_q
NetworkRewiring_Test,21,470,8,defect,1.0,lra_q
NetworkRewiring_Test,21,470,9,defect,1.0,lra_q
NetworkRewiring_Test,21,470,10,defect,1.1379310344827587,lra_q
NetworkRewiring_Test,21,470,11,defect,1.0,lra_q
NetworkRewiring_Test,21,470,12,defect,1.1379310344827587,lra_q
NetworkRewiring_Test,21,470,13,defect,1.1379310344827587,lra_q
NetworkRewiring_Test,21,470,14,defect,1.1379310344827587,lra_q
NetworkRewiring_Test,21,470,15,cooperate,0.10344827586206896,tit_for_tat
NetworkRewiring_Test,21,470,16,cooperate,0.3103448275862069,tit_for_tat
NetworkRewiring_Test,21,470,17,defect,1.5517241379310345,tit_for_tat
NetworkRewiring_Test,21,470,18,cooperate,0.3103448275862069,tit_for_tat
NetworkRewiring_Test,21,470,19,cooperate,0.41379310344827586,tit_for_tat
NetworkRewiring_Test,21,470,20,cooperate,0.20689655172413793,tit_for_tat
NetworkRewiring_Test,21,470,21,cooperate,0.10344827586206896,tit_for_tat
NetworkRewiring_Test,21,470,22,defect,1.4137931034482758,tit_for_tat
NetworkRewiring_Test,21,470,23,defect,1.0,tit_for_tat
NetworkRewiring_Test,21,470,24,defect,1.0,tit_for_tat
NetworkRewiring_Test,21,470,25,defect,1.1379310344827587,tit_for_tat
NetworkRewiring_Test,21,470,26,defect,1.1379310344827587,tit_for_tat
NetworkRewiring_Test,21,470,27,defect,1.0,tit_for_tat
NetworkRewiring_Test,21,470,28,defect,1.0,tit_for_tat
NetworkRewiring_Test,21,470,29,defect,1.0,tit_for_tat
NetworkRewiring_Test,21,471,0,defect,1.1379310344827587,lra_q
NetworkRewiring_Test,21,471,1,defect,1.1379310344827587,lra_q
NetworkRewiring_Test,21,471,2,defect,1.0,lra_q
NetworkRewiring_Test,21,471,3,defect,1.0,lra_q
NetworkRewiring_Test,21,471,4,cooperate,0.0,lra_q
NetworkRewiring_Test,21,471,5,defect,1.4137931034482758,lra_q
NetworkRewiring_Test,21,471,6,cooperate,0.0,lra_q
NetworkRewiring_Test,21,471,7,defect,1.0,lra_q
NetworkRewiring_Test,21,471,8,defect,1.1379310344827587,lra_q
NetworkRewiring_Test,21,471,9,defect,1.1379310344827587,lra_q
NetworkRewiring_Test,21,471,10,cooperate,0.20689655172413793,lra_q
NetworkRewiring_Test,21,471,11,defect,1.0,lra_q
NetworkRewiring_Test,21,471,12,defect,1.0,lra_q
NetworkRewiring_Test,21,471,13,defect,1.1379310344827587,lra_q
NetworkRewiring_Test,21,471,14,defect,1.1379310344827587,lra_q
NetworkRewiring_Test,21,471,15,defect,1.1379310344827587,tit_for_tat
NetworkRewiring_Test,21,471,16,defect,1.2758620689655173,tit_for_tat
NetworkRewiring_Test,21,471,17,defect,1.1379310344827587,tit_for_tat
NetworkRewiring_Test,21,471,18,cooperate,0.10344827586206896,tit_for_tat
NetworkRewiring_Test,21,471,19,defect,1.4137931034482758,tit_for_tat
NetworkRewiring_Test,21,471,20,cooperate,0.3103448275862069,tit_for_tat
NetworkRewiring_Test,21,471,21,defect,1.1379310344827587,tit_for_tat
NetworkRewiring_Test,21,471,22,cooperate,0.20689655172413793,tit_for_tat
NetworkRewiring_Test,21,471,23,defect,1.0,tit_for_tat
NetworkRewiring_Test,21,471,24,defect,1.0,tit_for_tat
NetworkRewiring_Test,21,471,25,defect,1.1379310344827587,tit_for_tat
NetworkRewiring_Test,21,471,26,defect,1.0,tit_for_tat
NetworkRewiring_Test,21,471,27,defect,1.0,tit_for_tat
NetworkRewiring_Test,21,471,28,defect,1.0,tit_for_tat
NetworkRewiring_Test,21,471,29,defect,1.0,tit_for_tat
NetworkRewiring_Test,21,472,0,defect,1.0,lra_q
NetworkRewiring_Test,21,472,1,defect,1.1379310344827587,lra_q
NetworkRewiring_Test,21,472,2,defect,1.1379310344827587,lra_q
NetworkRewiring_Test,21,472,3,defect,1.0,lra_q
NetworkRewiring_Test,21,472,4,cooperate,0.0,lra_q
NetworkRewiring_Test,21,472,5,defect,1.2758620689655173,lra_q
NetworkRewiring_Test,21,472,6,defect,1.2758620689655173,lra_q
NetworkRewiring_Test,21,472,7,defect,1.0,lra_q
NetworkRewiring_Test,21,472,8,defect,1.1379310344827587,lra_q
NetworkRewiring_Test,21,472,9,defect,1.1379310344827587,lra_q
NetworkRewiring_Test,21,472,10,cooperate,0.10344827586206896,lra_q
NetworkRewiring_Test,21,472,11,defect,1.0,lra_q
NetworkRewiring_Test,21,472,12,defect,1.0,lra_q
NetworkRewiring_Test,21,472,13,defect,1.0,lra_q
NetworkRewiring_Test,21,472,14,defect,1.1379310344827587,lra_q
NetworkRewiring_Test,21,472,15,defect,1.1379310344827587,tit_for_tat
NetworkRewiring_Test,21,472,16,cooperate,0.0,tit_for_tat
NetworkRewiring_Test,21,472,17,defect,1.2758620689655173,tit_for_tat
NetworkRewiring_Test,21,472,18,defect,1.4137931034482758,tit_for_tat
NetworkRewiring_Test,21,472,19,cooperate,0.20689655172413793,tit_for_tat
NetworkRewiring_Test,21,472,20,cooperate,0.20689655172413793,tit_for_tat
NetworkRewiring_Test,21,472,21,cooperate,0.10344827586206896,tit_for_tat
NetworkRewiring_Test,21,472,22,defect,1.4137931034482758,tit_for_tat
NetworkRewiring_Test,21,472,23,defect,1.0,tit_for_tat
NetworkRewiring_Test,21,472,24,defect,1.0,tit_for_tat
NetworkRewiring_Test,21,472,25,defect,1.1379310344827587,tit_for_tat
NetworkRewiring_Test,21,472,26,defect,1.1379310344827587,tit_for_tat
NetworkRewiring_Test,21,472,27,defect,1.0,tit_for_tat
NetworkRewiring_Test,21,472,28,defect,1.0,tit_for_tat
NetworkRewiring_Test,21,472,29,defect,1.0,tit_for_tat
NetworkRewiring_Test,21,473,0,defect,1.1379310344827587,lra_q
NetworkRewiring_Test,21,473,1,defect,1.1379310344827587,lra_q
NetworkRewiring_Test,21,473,2,defect,1.0,lra_q
NetworkRewiring_Test,21,473,3,defect,1.0,lra_q
NetworkRewiring_Test,21,473,4,cooperate,0.0,lra_q
NetworkRewiring_Test,21,473,5,defect,1.4137931034482758,lra_q
NetworkRewiring_Test,21,473,6,cooperate,0.0,lra_q
NetworkRewiring_Test,21,473,7,defect,1.1379310344827587,lra_q
NetworkRewiring_Test,21,473,8,defect,1.1379310344827587,lra_q
NetworkRewiring_Test,21,473,9,defect,1.1379310344827587,lra_q
NetworkRewiring_Test,21,473,10,cooperate,0.20689655172413793,lra_q
NetworkRewiring_Test,21,473,11,defect,1.0,lra_q
NetworkRewiring_Test,21,473,12,defect,1.0,lra_q
NetworkRewiring_Test,21,473,13,defect,1.1379310344827587,lra_q
NetworkRewiring_Test,21,473,14,defect,1.2758620689655173,lra_q
NetworkRewiring_Test,21,473,15,defect,1.2758620689655173,tit_for_tat
NetworkRewiring_Test,21,473,16,defect,1.4137931034482758,tit_for_tat
NetworkRewiring_Test,21,473,17,cooperate,0.10344827586206896,tit_for_tat
NetworkRewiring_Test,21,473,18,cooperate,0.20689655172413793,tit_for_tat
NetworkRewiring_Test,21,473,19,defect,1.5517241379310345,tit_for_tat
NetworkRewiring_Test,21,473,20,cooperate,0.3103448275862069,tit_for_tat
NetworkRewiring_Test,21,473,21,defect,1.1379310344827587,tit_for_tat
NetworkRewiring_Test,21,473,22,cooperate,0.20689655172413793,tit_for_tat
NetworkRewiring_Test,21,473,23,defect,1.0,tit_for_tat
NetworkRewiring_Test,21,473,24,defect,1.0,tit_for_tat
NetworkRewiring_Test,21,473,25,defect,1.1379310344827587,tit_for_tat
NetworkRewiring_Test,21,473,26,defect,1.0,tit_for_tat
NetworkRewiring_Test,21,473,27,defect,1.0,tit_for_tat
NetworkRewiring_Test,21,473,28,defect,1.0,tit_for_tat
NetworkRewiring_Test,21,473,29,defect,1.0,tit_for_tat
NetworkRewiring_Test,21,474,0,defect,1.0,lra_q
NetworkRewiring_Test,21,474,1,defect,1.1379310344827587,lra_q
NetworkRewiring_Test,21,474,2,defect,1.0,lra_q
NetworkRewiring_Test,21,474,3,defect,1.0,lra_q
NetworkRewiring_Test,21,474,4,cooperate,0.0,lra_q
NetworkRewiring_Test,21,474,5,defect,1.2758620689655173,lra_q
NetworkRewiring_Test,21,474,6,defect,1.1379310344827587,lra_q
NetworkRewiring_Test,21,474,7,defect,1.0,lra_q
NetworkRewiring_Test,21,474,8,defect,1.1379310344827587,lra_q
NetworkRewiring_Test,21,474,9,defect,1.1379310344827587,lra_q
NetworkRewiring_Test,21,474,10,cooperate,0.20689655172413793,lra_q
NetworkRewiring_Test,21,474,11,defect,1.0,lra_q
NetworkRewiring_Test,21,474,12,defect,1.0,lra_q
NetworkRewiring_Test,21,474,13,defect,1.1379310344827587,lra_q
NetworkRewiring_Test,21,474,14,cooperate,0.10344827586206896,lra_q
NetworkRewiring_Test,21,474,15,defect,1.1379310344827587,tit_for_tat
NetworkRewiring_Test,21,474,16,defect,1.1379310344827587,tit_for_tat
NetworkRewiring_Test,21,474,17,defect,1.4137931034482758,tit_for_tat
NetworkRewiring_Test,21,474,18,cooperate,0.20689655172413793,tit_for_tat
NetworkRewiring_Test,21,474,19,cooperate,0.20689655172413793,tit_for_tat
NetworkRewiring_Test,21,474,20,cooperate,0.3103448275862069,tit_for_tat
NetworkRewiring_Test,21,474,21,defect,1.1379310344827587,tit_for_tat
NetworkRewiring_Test,21,474,22,defect,1.2758620689655173,tit_for_tat
NetworkRewiring_Test,21,474,23,defect,1.0,tit_for_tat
NetworkRewiring_Test,21,474,24,defect,1.0,tit_for_tat
NetworkRewiring_Test,21,474,25,defect,1.1379310344827587,tit_for_tat
NetworkRewiring_Test,21,474,26,defect,1.1379310344827587,tit_for_tat
NetworkRewiring_Test,21,474,27,defect,1.0,tit_for_tat
NetworkRewiring_Test,21,474,28,defect,1.0,tit_for_tat
NetworkRewiring_Test,21,474,29,defect,1.0,tit_for_tat
NetworkRewiring_Test,21,475,0,defect,1.0,lra_q
NetworkRewiring_Test,21,475,1,defect,1.1379310344827587,lra_q
NetworkRewiring_Test,21,475,2,defect,1.1379310344827587,lra_q
NetworkRewiring_Test,21,475,3,defect,1.0,lra_q
NetworkRewiring_Test,21,475,4,cooperate,0.0,lra_q
NetworkRewiring_Test,21,475,5,defect,1.4137931034482758,lra_q
NetworkRewiring_Test,21,475,6,defect,1.1379310344827587,lra_q
NetworkRewiring_Test,21,475,7,defect,1.1379310344827587,lra_q
NetworkRewiring_Test,21,475,8,defect,1.1379310344827587,lra_q
NetworkRewiring_Test,21,475,9,defect,1.1379310344827587,lra_q
NetworkRewiring_Test,21,475,10,cooperate,0.0,lra_q
NetworkRewiring_Test,21,475,11,defect,1.1379310344827587,lra_q
NetworkRewiring_Test,21,475,12,cooperate,0.0,lra_q
NetworkRewiring_Test,21,475,13,defect,1.0,lra_q
NetworkRewiring_Test,21,475,14,defect,1.2758620689655173,lra_q
NetworkRewiring_Test,21,475,15,defect,1.2758620689655173,tit_for_tat
NetworkRewiring_Test,21,475,16,defect,1.2758620689655173,tit_for_tat
NetworkRewiring_Test,21,475,17,cooperate,0.20689655172413793,tit_for_tat
NetworkRewiring_Test,21,475,18,cooperate,0.20689655172413793,tit_for_tat
NetworkRewiring_Test,21,475,19,cooperate,0.41379310344827586,tit_for_tat
NetworkRewiring_Test,21,475,20,defect,1.4137931034482758,tit_for_tat
NetworkRewiring_Test,21,475,21,cooperate,0.10344827586206896,tit_for_tat
NetworkRewiring_Test,21,475,22,defect,1.2758620689655173,tit_for_tat
NetworkRewiring_Test,21,475,23,defect,1.0,tit_for_tat
NetworkRewiring_Test,21,475,24,defect,1.1379310344827587,tit_for_tat
NetworkRewiring_Test,21,475,25,defect,1.1379310344827587,tit_for_tat
NetworkRewiring_Test,21,475,26,cooperate,0.10344827586206896,tit_for_tat
NetworkRewiring_Test,21,475,27,defect,1.0,tit_for_tat
NetworkRewiring_Test,21,475,28,defect,1.0,tit_for_tat
NetworkRewiring_Test,21,475,29,defect,1.0,tit_for_tat
NetworkRewiring_Test,21,476,0,defect,1.0,lra_q
NetworkRewiring_Test,21,476,1,defect,1.1379310344827587,lra_q
NetworkRewiring_Test,21,476,2,defect,1.1379310344827587,lra_q
NetworkRewiring_Test,21,476,3,defect,1.0,lra_q
NetworkRewiring_Test,21,476,4,cooperate,0.0,lra_q
NetworkRewiring_Test,21,476,5,defect,1.2758620689655173,lra_q
NetworkRewiring_Test,21,476,6,defect,1.1379310344827587,lra_q
NetworkRewiring_Test,21,476,7,defect,1.0,lra_q
NetworkRewiring_Test,21,476,8,defect,1.1379310344827587,lra_q
NetworkRewiring_Test,21,476,9,defect,1.1379310344827587,lra_q
NetworkRewiring_Test,21,476,10,cooperate,0.20689655172413793,lra_q
NetworkRewiring_Test,21,476,11,defect,1.0,lra_q
NetworkRewiring_Test,21,476,12,defect,1.0,lra_q
NetworkRewiring_Test,21,476,13,defect,1.1379310344827587,lra_q
NetworkRewiring_Test,21,476,14,cooperate,0.10344827586206896,lra_q
NetworkRewiring_Test,21,476,15,defect,1.1379310344827587,tit_for_tat
NetworkRewiring_Test,21,476,16,defect,1.1379310344827587,tit_for_tat
NetworkRewiring_Test,21,476,17,defect,1.4137931034482758,tit_for_tat
NetworkRewiring_Test,21,476,18,cooperate,0.20689655172413793,tit_for_tat
NetworkRewiring_Test,21,476,19,cooperate,0.3103448275862069,tit_for_tat
NetworkRewiring_Test,21,476,20,cooperate,0.3103448275862069,tit_for_tat
NetworkRewiring_Test,21,476,21,defect,1.1379310344827587,tit_for_tat
NetworkRewiring_Test,21,476,22,defect,1.2758620689655173,tit_for_tat
NetworkRewiring_Test,21,476,23,defect,1.1379310344827587,tit_for_tat
NetworkRewiring_Test,21,476,24,cooperate,0.10344827586206896,tit_for_tat
NetworkRewiring_Test,21,476,25,defect,1.1379310344827587,tit_for_tat
NetworkRewiring_Test,21,476,26,cooperate,0.20689655172413793,tit_for_tat
NetworkRewiring_Test,21,476,27,defect,1.0,tit_for_tat
NetworkRewiring_Test,21,476,28,defect,1.0,tit_for_tat
NetworkRewiring_Test,21,476,29,defect,1.0,tit_for_tat
NetworkRewiring_Test,21,477,0,defect,1.0,lra_q
NetworkRewiring_Test,21,477,1,defect,1.1379310344827587,lra_q
NetworkRewiring_Test,21,477,2,defect,1.1379310344827587,lra_q
NetworkRewiring_Test,21,477,3,defect,1.0,lra_q
NetworkRewiring_Test,21,477,4,cooperate,0.0,lra_q
NetworkRewiring_Test,21,477,5,defect,1.2758620689655173,lra_q
NetworkRewiring_Test,21,477,6,defect,1.1379310344827587,lra_q
NetworkRewiring_Test,21,477,7,defect,1.1379310344827587,lra_q
NetworkRewiring_Test,21,477,8,defect,1.1379310344827587,lra_q
NetworkRewiring_Test,21,477,9,defect,1.1379310344827587,lra_q
NetworkRewiring_Test,21,477,10,cooperate,0.0,lra_q
NetworkRewiring_Test,21,477,11,defect,1.0,lra_q
NetworkRewiring_Test,21,477,12,defect,1.0,lra_q
NetworkRewiring_Test,21,477,13,defect,1.0,lra_q
NetworkRewiring_Test,21,477,14,defect,1.2758620689655173,lra_q
NetworkRewiring_Test,21,477,15,defect,1.1379310344827587,tit_for_tat
NetworkRewiring_Test,21,477,16,defect,1.1379310344827587,tit_for_tat
NetworkRewiring_Test,21,477,17,cooperate,0.10344827586206896,tit_for_tat
NetworkRewiring_Test,21,477,18,defect,1.2758620689655173,tit_for_tat
NetworkRewiring_Test,21,477,19,cooperate,0.20689655172413793,tit_for_tat
NetworkRewiring_Test,21,477,20,defect,1.2758620689655173,tit_for_tat
NetworkRewiring_Test,21,477,21,cooperate,0.10344827586206896,tit_for_tat
NetworkRewiring_Test,21,477,22,defect,1.2758620689655173,tit_for_tat
NetworkRewiring_Test,21,477,23,cooperate,0.0,tit_for_tat
NetworkRewiring_Test,21,477,24,defect,1.1379310344827587,tit_for_tat
NetworkRewiring_Test,21,477,25,defect,1.1379310344827587,tit_for_tat
NetworkRewiring_Test,21,477,26,defect,1.1379310344827587,tit_for_tat
NetworkRewiring_Test,21,477,27,defect,1.0,tit_for_tat
NetworkRewiring_Test,21,477,28,defect,1.0,tit_for_tat
NetworkRewiring_Test,21,477,29,defect,1.0,tit_for_tat
NetworkRewiring_Test,21,478,0,defect,1.1379310344827587,lra_q
NetworkRewiring_Test,21,478,1,defect,1.1379310344827587,lra_q
NetworkRewiring_Test,21,478,2,cooperate,0.10344827586206896,lra_q
NetworkRewiring_Test,21,478,3,defect,1.0,lra_q
NetworkRewiring_Test,21,478,4,cooperate,0.10344827586206896,lra_q
NetworkRewiring_Test,21,478,5,defect,1.2758620689655173,lra_q
NetworkRewiring_Test,21,478,6,defect,1.0,lra_q
NetworkRewiring_Test,21,478,7,defect,1.1379310344827587,lra_q
NetworkRewiring_Test,21,478,8,defect,1.1379310344827587,lra_q
NetworkRewiring_Test,21,478,9,defect,1.1379310344827587,lra_q
NetworkRewiring_Test,21,478,10,cooperate,0.10344827586206896,lra_q
NetworkRewiring_Test,21,478,11,defect,1.1379310344827587,lra_q
NetworkRewiring_Test,21,478,12,defect,1.0,lra_q
NetworkRewiring_Test,21,478,13,defect,1.0,lra_q
NetworkRewiring_Test,21,478,14,defect,1.2758620689655173,lra_q
NetworkRewiring_Test,21,478,15,defect,1.1379310344827587,tit_for_tat
NetworkRewiring_Test,21,478,16,defect,1.4137931034482758,tit_for_tat
NetworkRewiring_Test,21,478,17,cooperate,0.10344827586206896,tit_for_tat
NetworkRewiring_Test,21,478,18,cooperate,0.20689655172413793,tit_for_tat
NetworkRewiring_Test,21,478,19,defect,1.6896551724137931,tit_for_tat
NetworkRewiring_Test,21,478,20,cooperate,0.20689655172413793,tit_for_tat
NetworkRewiring_Test,21,478,21,cooperate,0.0,tit_for_tat
NetworkRewiring_Test,21,478,22,defect,1.4137931034482758,tit_for_tat
NetworkRewiring_Test,21,478,23,defect,1.1379310344827587,tit_for_tat
NetworkRewiring_Test,21,478,24,defect,1.1379310344827587,tit_for_tat
NetworkRewiring_Test,21,478,25,cooperate,0.10344827586206896,tit_for_tat
NetworkRewiring_Test,21,478,26,cooperate,0.10344827586206896,tit_for_tat
NetworkRewiring_Test,21,478,27,defect,1.1379310344827587,tit_for_tat
NetworkRewiring_Test,21,478,28,defect,1.0,tit_for_tat
NetworkRewiring_Test,21,478,29,defect,1.2758620689655173,tit_for_tat
NetworkRewiring_Test,21,479,0,defect,1.4137931034482758,lra_q
NetworkRewiring_Test,21,479,1,defect,1.1379310344827587,lra_q
NetworkRewiring_Test,21,479,2,defect,1.4137931034482758,lra_q
NetworkRewiring_Test,21,479,3,defect,1.0,lra_q
NetworkRewiring_Test,21,479,4,cooperate,0.10344827586206896,lra_q
NetworkRewiring_Test,21,479,5,defect,1.2758620689655173,lra_q
NetworkRewiring_Test,21,479,6,defect,1.0,lra_q
NetworkRewiring_Test,21,479,7,defect,1.0,lra_q
NetworkRewiring_Test,21,479,8,defect,1.1379310344827587,lra_q
NetworkRewiring_Test,21,479,9,defect,1.1379310344827587,lra_q
NetworkRewiring_Test,21,479,10,cooperate,0.20689655172413793,lra_q
NetworkRewiring_Test,21,479,11,defect,1.0,lra_q
NetworkRewiring_Test,21,479,12,defect,1.1379310344827587,lra_q
NetworkRewiring_Test,21,479,13,defect,1.1379310344827587,lra_q
NetworkRewiring_Test,21,479,14,cooperate,0.20689655172413793,lra_q
NetworkRewiring_Test,21,479,15,cooperate,0.20689655172413793,tit_for_tat
NetworkRewiring_Test,21,479,16,defect,1.1379310344827587,tit_for_tat
NetworkRewiring_Test,21,479,17,defect,1.2758620689655173,tit_for_tat
NetworkRewiring_Test,21,479,18,defect,1.0,tit_for_tat
NetworkRewiring_Test,21,479,19,defect,1.1379310344827587,tit_for_tat
NetworkRewiring_Test,21,479,20,defect,1.2758620689655173,tit_for_tat
NetworkRewiring_Test,21,479,21,defect,1.1379310344827587,tit_for_tat
NetworkRewiring_Test,21,479,22,cooperate,0.20689655172413793,tit_for_tat
NetworkRewiring_Test,21,479,23,cooperate,0.0,tit_for_tat
NetworkRewiring_Test,21,479,24,defect,1.2758620689655173,tit_for_tat
NetworkRewiring_Test,21,479,25,cooperate,0.20689655172413793,tit_for_tat
NetworkRewiring_Test,21,479,26,cooperate,0.0,tit_for_tat
NetworkRewiring_Test,21,479,27,defect,1.2758620689655173,tit_for_tat
NetworkRewiring_Test,21,479,28,defect,1.1379310344827587,tit_for_tat
NetworkRewiring_Test,21,479,29,cooperate,0.10344827586206896,tit_for_tat
NetworkRewiring_Test,21,480,0,defect,1.1379310344827587,lra_q
NetworkRewiring_Test,21,480,1,defect,1.1379310344827587,lra_q
NetworkRewiring_Test,21,480,2,defect,1.0,lra_q
NetworkRewiring_Test,21,480,3,defect,1.0,lra_q
NetworkRewiring_Test,21,480,4,cooperate,0.10344827586206896,lra_q
NetworkRewiring_Test,21,480,5,defect,1.2758620689655173,lra_q
NetworkRewiring_Test,21,480,6,defect,1.0,lra_q
NetworkRewiring_Test,21,480,7,defect,1.0,lra_q
NetworkRewiring_Test,21,480,8,defect,1.1379310344827587,lra_q
NetworkRewiring_Test,21,480,9,defect,1.1379310344827587,lra_q
NetworkRewiring_Test,21,480,10,cooperate,0.20689655172413793,lra_q
NetworkRewiring_Test,21,480,11,defect,1.0,lra_q
NetworkRewiring_Test,21,480,12,defect,1.0,lra_q
NetworkRewiring_Test,21,480,13,defect,1.1379310344827587,lra_q
NetworkRewiring_Test,21,480,14,cooperate,0.10344827586206896,lra_q
NetworkRewiring_Test,21,480,15,defect,1.1379310344827587,tit_for_tat
NetworkRewiring_Test,21,480,16,defect,1.0,tit_for_tat
NetworkRewiring_Test,21,480,17,defect,1.1379310344827587,tit_for_tat
NetworkRewiring_Test,21,480,18,defect,1.1379310344827587,tit_for_tat
NetworkRewiring_Test,21,480,19,defect,1.1379310344827587,tit_for_tat
NetworkRewiring_Test,21,480,20,cooperate,0.10344827586206896,tit_for_tat
NetworkRewiring_Test,21,480,21,defect,1.0,tit_for_tat
NetworkRewiring_Test,21,480,22,defect,1.2758620689655173,tit_for_tat
NetworkRewiring_Test,21,480,23,defect,1.1379310344827587,tit_for_tat
NetworkRewiring_Test,21,480,24,cooperate,0.0,tit_for_tat
NetworkRewiring_Test,21,480,25,cooperate,0.10344827586206896,tit_for_tat
NetworkRewiring_Test,21,480,26,defect,1.1379310344827587,tit_for_tat
NetworkRewiring_Test,21,480,27,defect,1.1379310344827587,tit_for_tat
NetworkRewiring_Test,21,480,28,defect,1.0,tit_for_tat
NetworkRewiring_Test,21,480,29,defect,1.1379310344827587,tit_for_tat
NetworkRewiring_Test,21,481,0,defect,1.2758620689655173,lra_q
NetworkRewiring_Test,21,481,1,defect,1.1379310344827587,lra_q
NetworkRewiring_Test,21,481,2,defect,1.1379310344827587,lra_q
NetworkRewiring_Test,21,481,3,defect,1.0,lra_q
NetworkRewiring_Test,21,481,4,cooperate,0.10344827586206896,lra_q
NetworkRewiring_Test,21,481,5,defect,1.2758620689655173,lra_q
NetworkRewiring_Test,21,481,6,defect,1.2758620689655173,lra_q
NetworkRewiring_Test,21,481,7,defect,1.1379310344827587,lra_q
NetworkRewiring_Test,21,481,8,defect,1.1379310344827587,lra_q
NetworkRewiring_Test,21,481,9,cooperate,0.10344827586206896,lra_q
NetworkRewiring_Test,21,481,10,cooperate,0.3103448275862069,lra_q
NetworkRewiring_Test,21,481,11,defect,1.1379310344827587,lra_q
NetworkRewiring_Test,21,481,12,defect,1.1379310344827587,lra_q
NetworkRewiring_Test,21,481,13,defect,1.0,lra_q
NetworkRewiring_Test,21,481,14,defect,1.1379310344827587,lra_q
NetworkRewiring_Test,21,481,15,cooperate,0.10344827586206896,tit_for_tat
NetworkRewiring_Test,21,481,16,defect,1.2758620689655173,tit_for_tat
NetworkRewiring_Test,21,481,17,defect,1.4137931034482758,tit_for_tat
NetworkRewiring_Test,21,481,18,cooperate,0.10344827586206896,tit_for_tat
NetworkRewiring_Test,21,481,19,cooperate,0.10344827586206896,tit_for_tat
NetworkRewiring_Test,21,481,20,defect,1.5517241379310345,tit_for_tat
NetworkRewiring_Test,21,481,21,defect,1.2758620689655173,tit_for_tat
NetworkRewiring_Test,21,481,22,cooperate,0.20689655172413793,tit_for_tat
NetworkRewiring_Test,21,481,23,cooperate,0.0,tit_for_tat
NetworkRewiring_Test,21,481,24,defect,1.1379310344827587,tit_for_tat
NetworkRewiring_Test,21,481,25,defect,1.2758620689655173,tit_for_tat
NetworkRewiring_Test,21,481,26,defect,1.1379310344827587,tit_for_tat
NetworkRewiring_Test,21,481,27,cooperate,0.10344827586206896,tit_for_tat
NetworkRewiring_Test,21,481,28,defect,1.2758620689655173,tit_for_tat
NetworkRewiring_Test,21,481,29,cooperate,0.10344827586206896,tit_for_tat
NetworkRewiring_Test,21,482,0,defect,1.2758620689655173,lra_q
NetworkRewiring_Test,21,482,1,cooperate,0.10344827586206896,lra_q
NetworkRewiring_Test,21,482,2,defect,1.2758620689655173,lra_q
NetworkRewiring_Test,21,482,3,defect,1.1379310344827587,lra_q
NetworkRewiring_Test,21,482,4,cooperate,0.10344827586206896,lra_q
NetworkRewiring_Test,21,482,5,defect,1.2758620689655173,lra_q
NetworkRewiring_Test,21,482,6,defect,1.0,lra_q
NetworkRewiring_Test,21,482,7,defect,1.0,lra_q
NetworkRewiring_Test,21,482,8,defect,1.0,lra_q
NetworkRewiring_Test,21,482,9,defect,1.0,lra_q
NetworkRewiring_Test,21,482,10,defect,1.4137931034482758,lra_q
NetworkRewiring_Test,21,482,11,defect,1.1379310344827587,lra_q
NetworkRewiring_Test,21,482,12,defect,1.0,lra_q
NetworkRewiring_Test,21,482,13,defect,1.0,lra_q
NetworkRewiring_Test,21,482,14,defect,1.0,lra_q
NetworkRewiring_Test,21,482,15,defect,1.1379310344827587,tit_for_tat
NetworkRewiring_Test,21,482,16,defect,1.0,tit_for_tat
NetworkRewiring_Test,21,482,17,defect,1.0,tit_for_tat
NetworkRewiring_Test,21,482,18,defect,1.1379310344827587,tit_for_tat
NetworkRewiring_Test,21,482,19,defect,1.2758620689655173,tit_for_tat
NetworkRewiring_Test,21,482,20,cooperate,0.10344827586206896,tit_for_tat
NetworkRewiring_Test,21,482,21,cooperate,0.10344827586206896,tit_for_tat
NetworkRewiring_Test,21,482,22,cooperate,0.20689655172413793,tit_for_tat
NetworkRewiring_Test,21,482,23,defect,1.1379310344827587,tit_for_tat
NetworkRewiring_Test,21,482,24,cooperate,0.0,tit_for_tat
NetworkRewiring_Test,21,482,25,cooperate,0.20689655172413793,tit_for_tat
NetworkRewiring_Test,21,482,26,defect,1.0,tit_for_tat
NetworkRewiring_Test,21,482,27,cooperate,0.3103448275862069,tit_for_tat
NetworkRewiring_Test,21,482,28,cooperate,0.20689655172413793,tit_for_tat
NetworkRewiring_Test,21,482,29,cooperate,0.3103448275862069,tit_for_tat
NetworkRewiring_Test,21,483,0,defect,1.0,lra_q
NetworkRewiring_Test,21,483,1,defect,1.1379310344827587,lra_q
NetworkRewiring_Test,21,483,2,defect,1.1379310344827587,lra_q
NetworkRewiring_Test,21,483,3,defect,1.0,lra_q
NetworkRewiring_Test,21,483,4,cooperate,0.0,lra_q
NetworkRewiring_Test,21,483,5,defect,1.1379310344827587,lra_q
NetworkRewiring_Test,21,483,6,defect,1.1379310344827587,lra_q
NetworkRewiring_Test,21,483,7,defect,1.0,lra_q
NetworkRewiring_Test,21,483,8,defect,1.0,lra_q
NetworkRewiring_Test,21,483,9,defect,1.0,lra_q
NetworkRewiring_Test,21,483,10,defect,1.2758620689655173,lra_q
NetworkRewiring_Test,21,483,11,defect,1.0,lra_q
NetworkRewiring_Test,21,483,12,defect,1.0,lra_q
NetworkRewiring_Test,21,483,13,defect,1.1379310344827587,lra_q
NetworkRewiring_Test,21,483,14,cooperate,0.0,lra_q
NetworkRewiring_Test,21,483,15,defect,1.1379310344827587,tit_for_tat
NetworkRewiring_Test,21,483,16,defect,1.1379310344827587,tit_for_tat
NetworkRewiring_Test,21,483,17,defect,1.4137931034482758,tit_for_tat
NetworkRewiring_Test,21,483,18,cooperate,0.20689655172413793,tit_for_tat
NetworkRewiring_Test,21,483,19,cooperate,0.20689655172413793,tit_for_tat
NetworkRewiring_Test,21,483,20,cooperate,0.20689655172413793,tit_for_tat
NetworkRewiring_Test,21,483,21,defect,1.1379310344827587,tit_for_tat
NetworkRewiring_Test,21,483,22,defect,1.1379310344827587,tit_for_tat
NetworkRewiring_Test,21,483,23,cooperate,0.0,tit_for_tat
NetworkRewiring_Test,21,483,24,defect,1.1379310344827587,tit_for_tat
NetworkRewiring_Test,21,483,25,defect,1.2758620689655173,tit_for_tat
NetworkRewiring_Test,21,483,26,defect,1.1379310344827587,tit_for_tat
NetworkRewiring_Test,21,483,27,cooperate,0.10344827586206896,tit_for_tat
NetworkRewiring_Test,21,483,28,defect,1.2758620689655173,tit_for_tat
NetworkRewiring_Test,21,483,29,cooperate,0.10344827586206896,tit_for_tat
NetworkRewiring_Test,21,484,0,defect,1.0,lra_q
NetworkRewiring_Test,21,484,1,defect,1.1379310344827587,lra_q
NetworkRewiring_Test,21,484,2,defect,1.1379310344827587,lra_q
NetworkRewiring_Test,21,484,3,defect,1.1379310344827587,lra_q
NetworkRewiring_Test,21,484,4,cooperate,0.20689655172413793,lra_q
NetworkRewiring_Test,21,484,5,cooperate,0.3103448275862069,lra_q
NetworkRewiring_Test,21,484,6,defect,1.4137931034482758,lra_q
NetworkRewiring_Test,21,484,7,defect,1.1379310344827587,lra_q
NetworkRewiring_Test,21,484,8,defect,1.1379310344827587,lra_q
NetworkRewiring_Test,21,484,9,defect,1.1379310344827587,lra_q
NetworkRewiring_Test,21,484,10,cooperate,0.3103448275862069,lra_q
NetworkRewiring_Test,21,484,11,defect,1.1379310344827587,lra_q
NetworkRewiring_Test,21,484,12,defect,1.1379310344827587,lra_q
NetworkRewiring_Test,21,484,13,defect,1.1379310344827587,lra_q
NetworkRewiring_Test,21,484,14,cooperate,0.0,lra_q
NetworkRewiring_Test,21,484,15,defect,1.1379310344827587,tit_for_tat
NetworkRewiring_Test,21,484,16,defect,1.0,tit_for_tat
NetworkRewiring_Test,21,484,17,defect,1.2758620689655173,tit_for_tat
NetworkRewiring_Test,21,484,18,defect,1.2758620689655173,tit_for_tat
NetworkRewiring_Test,21,484,19,cooperate,0.20689655172413793,tit_for_tat
NetworkRewiring_Test,21,484,20,cooperate,0.20689655172413793,tit_for_tat
NetworkRewiring_Test,21,484,21,cooperate,0.10344827586206896,tit_for_tat
NetworkRewiring_Test,21,484,22,defect,1.4137931034482758,tit_for_tat
NetworkRewiring_Test,21,484,23,defect,1.1379310344827587,tit_for_tat
NetworkRewiring_Test,21,484,24,cooperate,0.0,tit_for_tat
NetworkRewiring_Test,21,484,25,defect,1.0,tit_for_tat
NetworkRewiring_Test,21,484,26,defect,1.1379310344827587,tit_for_tat
NetworkRewiring_Test,21,484,27,defect,1.1379310344827587,tit_for_tat
NetworkRewiring_Test,21,484,28,cooperate,0.10344827586206896,tit_for_tat
NetworkRewiring_Test,21,484,29,defect,1.1379310344827587,tit_for_tat
NetworkRewiring_Test,21,485,0,defect,1.0,lra_q
NetworkRewiring_Test,21,485,1,defect,1.0,lra_q
NetworkRewiring_Test,21,485,2,defect,1.1379310344827587,lra_q
NetworkRewiring_Test,21,485,3,defect,1.0,lra_q
NetworkRewiring_Test,21,485,4,defect,1.0,lra_q
NetworkRewiring_Test,21,485,5,defect,1.1379310344827587,lra_q
NetworkRewiring_Test,21,485,6,cooperate,0.10344827586206896,lra_q
NetworkRewiring_Test,21,485,7,defect,1.0,lra_q
NetworkRewiring_Test,21,485,8,defect,1.0,lra_q
NetworkRewiring_Test,21,485,9,defect,1.0,lra_q
NetworkRewiring_Test,21,485,10,defect,1.1379310344827587,lra_q
NetworkRewiring_Test,21,485,11,defect,1.0,lra_q
NetworkRewiring_Test,21,485,12,defect,1.0,lra_q
NetworkRewiring_Test,21,485,13,defect,1.2758620689655173,lra_q
NetworkRewiring_Test,21,485,14,cooperate,0.0,lra_q
NetworkRewiring_Test,21,485,15,defect,1.1379310344827587,tit_for_tat
NetworkRewiring_Test,21,485,16,defect,1.2758620689655173,tit_for_tat
NetworkRewiring_Test,21,485,17,defect,1.4137931034482758,tit_for_tat
NetworkRewiring_Test,21,485,18,cooperate,0.10344827586206896,tit_for_tat
NetworkRewiring_Test,21,485,19,cooperate,0.3103448275862069,tit_for_tat
NetworkRewiring_Test,21,485,20,defect,1.2758620689655173,tit_for_tat
NetworkRewiring_Test,21,485,21,defect,1.1379310344827587,tit_for_tat
NetworkRewiring_Test,21,485,22,defect,1.0,tit_for_tat
NetworkRewiring_Test,21,485,23,cooperate,0.0,tit_for_tat
NetworkRewiring_Test,21,485,24,defect,1.1379310344827587,tit_for_tat
NetworkRewiring_Test,21,485,25,defect,1.0,tit_for_tat
NetworkRewiring_Test,21,485,26,cooperate,0.10344827586206896,tit_for_tat
NetworkRewiring_Test,21,485,27,defect,1.0,tit_for_tat
NetworkRewiring_Test,21,485,28,defect,1.0,tit_for_tat
NetworkRewiring_Test,21,485,29,defect,1.0,tit_for_tat
NetworkRewiring_Test,21,486,0,defect,1.1379310344827587,lra_q
NetworkRewiring_Test,21,486,1,defect,1.1379310344827587,lra_q
NetworkRewiring_Test,21,486,2,defect,1.0,lra_q
NetworkRewiring_Test,21,486,3,defect,1.1379310344827587,lra_q
NetworkRewiring_Test,21,486,4,cooperate,0.20689655172413793,lra_q
NetworkRewiring_Test,21,486,5,cooperate,0.3103448275862069,lra_q
NetworkRewiring_Test,21,486,6,defect,1.4137931034482758,lra_q
NetworkRewiring_Test,21,486,7,defect,1.1379310344827587,lra_q
NetworkRewiring_Test,21,486,8,defect,1.1379310344827587,lra_q
NetworkRewiring_Test,21,486,9,defect,1.1379310344827587,lra_q
NetworkRewiring_Test,21,486,10,cooperate,0.3103448275862069,lra_q
NetworkRewiring_Test,21,486,11,defect,1.2758620689655173,lra_q
NetworkRewiring_Test,21,486,12,cooperate,0.20689655172413793,lra_q
NetworkRewiring_Test,21,486,13,cooperate,0.10344827586206896,lra_q
NetworkRewiring_Test,21,486,14,cooperate,0.20689655172413793,lra_q
NetworkRewiring_Test,21,486,15,cooperate,0.20689655172413793,tit_for_tat
NetworkRewiring_Test,21,486,16,defect,1.2758620689655173,tit_for_tat
NetworkRewiring_Test,21,486,17,defect,1.4137931034482758,tit_for_tat
NetworkRewiring_Test,21,486,18,cooperate,0.10344827586206896,tit_for_tat
NetworkRewiring_Test,21,486,19,defect,1.2758620689655173,tit_for_tat
NetworkRewiring_Test,21,486,20,cooperate,0.20689655172413793,tit_for_tat
NetworkRewiring_Test,21,486,21,defect,1.0,tit_for_tat
NetworkRewiring_Test,21,486,22,defect,1.4137931034482758,tit_for_tat
NetworkRewiring_Test,21,486,23,defect,1.1379310344827587,tit_for_tat
NetworkRewiring_Test,21,486,24,cooperate,0.0,tit_for_tat
NetworkRewiring_Test,21,486,25,defect,1.0,tit_for_tat
NetworkRewiring_Test,21,486,26,defect,1.0,tit_for_tat
NetworkRewiring_Test,21,486,27,defect,1.0,tit_for_tat
NetworkRewiring_Test,21,486,28,defect,1.1379310344827587,tit_for_tat
NetworkRewiring_Test,21,486,29,defect,1.0,tit_for_tat
NetworkRewiring_Test,21,487,0,defect,1.2758620689655173,lra_q
NetworkRewiring_Test,21,487,1,defect,1.0,lra_q
NetworkRewiring_Test,21,487,2,defect,1.0,lra_q
NetworkRewiring_Test,21,487,3,defect,1.0,lra_q
NetworkRewiring_Test,21,487,4,defect,1.0,lra_q
NetworkRewiring_Test,21,487,5,defect,1.1379310344827587,lra_q
NetworkRewiring_Test,21,487,6,cooperate,0.0,lra_q
NetworkRewiring_Test,21,487,7,defect,1.0,lra_q
NetworkRewiring_Test,21,487,8,defect,1.0,lra_q
NetworkRewiring_Test,21,487,9,defect,1.0,lra_q
NetworkRewiring_Test,21,487,10,defect,1.2758620689655173,lra_q
NetworkRewiring_Test,21,487,11,defect,1.0,lra_q
NetworkRewiring_Test,21,487,12,defect,1.1379310344827587,lra_q
NetworkRewiring_Test,21,487,13,defect,1.1379310344827587,lra_q
NetworkRewiring_Test,21,487,14,defect,1.1379310344827587,lra_q
NetworkRewiring_Test,21,487,15,cooperate,0.10344827586206896,tit_for_tat
NetworkRewiring_Test,21,487,16,defect,1.2758620689655173,tit_for_tat
NetworkRewiring_Test,21,487,17,defect,1.1379310344827587,tit_for_tat
NetworkRewiring_Test,21,487,18,defect,1.0,tit_for_tat
NetworkRewiring_Test,21,487,19,defect,1.1379310344827587,tit_for_tat
NetworkRewiring_Test,21,487,20,defect,1.1379310344827587,tit_for_tat
NetworkRewiring_Test,21,487,21,defect,1.1379310344827587,tit_for_tat
NetworkRewiring_Test,21,487,22,cooperate,0.10344827586206896,tit_for_tat
NetworkRewiring_Test,21,487,23,cooperate,0.0,tit_for_tat
NetworkRewiring_Test,21,487,24,defect,1.1379310344827587,tit_for_tat
NetworkRewiring_Test,21,487,25,defect,1.0,tit_for_tat
NetworkRewiring_Test,21,487,26,defect,1.0,tit_for_tat
NetworkRewiring_Test,21,487,27,defect,1.0,tit_for_tat
NetworkRewiring_Test,21,487,28,defect,1.0,tit_for_tat
NetworkRewiring_Test,21,487,29,defect,1.0,tit_for_tat
NetworkRewiring_Test,21,488,0,defect,1.2758620689655173,lra_q
NetworkRewiring_Test,21,488,1,defect,1.1379310344827587,lra_q
NetworkRewiring_Test,21,488,2,defect,1.1379310344827587,lra_q
NetworkRewiring_Test,21,488,3,defect,1.2758620689655173,lra_q
NetworkRewiring_Test,21,488,4,cooperate,0.20689655172413793,lra_q
NetworkRewiring_Test,21,488,5,cooperate,0.3103448275862069,lra_q
NetworkRewiring_Test,21,488,6,defect,1.2758620689655173,lra_q
NetworkRewiring_Test,21,488,7,defect,1.2758620689655173,lra_q
NetworkRewiring_Test,21,488,8,defect,1.2758620689655173,lra_q
NetworkRewiring_Test,21,488,9,defect,1.2758620689655173,lra_q
NetworkRewiring_Test,21,488,10,cooperate,0.3103448275862069,lra_q
NetworkRewiring_Test,21,488,11,cooperate,0.10344827586206896,lra_q
NetworkRewiring_Test,21,488,12,cooperate,0.20689655172413793,lra_q
NetworkRewiring_Test,21,488,13,defect,1.0,lra_q
NetworkRewiring_Test,21,488,14,defect,1.0,lra_q
NetworkRewiring_Test,21,488,15,defect,1.2758620689655173,tit_for_tat
NetworkRewiring_Test,21,488,16,defect,1.0,tit_for_tat
NetworkRewiring_Test,21,488,17,defect,1.0,tit_for_tat
NetworkRewiring_Test,21,488,18,defect,1.0,tit_for_tat
NetworkRewiring_Test,21,488,19,defect,1.0,tit_for_tat
NetworkRewiring_Test,21,488,20,defect,1.2758620689655173,tit_for_tat
NetworkRewiring_Test,21,488,21,defect,1.1379310344827587,tit_for_tat
NetworkRewiring_Test,21,488,22,cooperate,0.10344827586206896,tit_for_tat
NetworkRewiring_Test,21,488,23,defect,1.0,tit_for_tat
NetworkRewiring_Test,21,488,24,defect,1.1379310344827587,tit_for_tat
NetworkRewiring_Test,21,488,25,defect,1.0,tit_for_tat
NetworkRewiring_Test,21,488,26,defect,1.0,tit_for_tat
NetworkRewiring_Test,21,488,27,defect,1.0,tit_for_tat
NetworkRewiring_Test,21,488,28,defect,1.1379310344827587,tit_for_tat
NetworkRewiring_Test,21,488,29,defect,1.0,tit_for_tat
NetworkRewiring_Test,21,489,0,cooperate,0.10344827586206896,lra_q
NetworkRewiring_Test,21,489,1,defect,1.0,lra_q
NetworkRewiring_Test,21,489,2,defect,1.1379310344827587,lra_q
NetworkRewiring_Test,21,489,3,defect,1.0,lra_q
NetworkRewiring_Test,21,489,4,defect,1.0,lra_q
NetworkRewiring_Test,21,489,5,defect,1.1379310344827587,lra_q
NetworkRewiring_Test,21,489,6,defect,1.0,lra_q
NetworkRewiring_Test,21,489,7,defect,1.0,lra_q
NetworkRewiring_Test,21,489,8,defect,1.1379310344827587,lra_q
NetworkRewiring_Test,21,489,9,defect,1.0,lra_q
NetworkRewiring_Test,21,489,10,defect,1.1379310344827587,lra_q
NetworkRewiring_Test,21,489,11,defect,1.1379310344827587,lra_q
NetworkRewiring_Test,21,489,12,defect,1.0,lra_q
NetworkRewiring_Test,21,489,13,defect,1.1379310344827587,lra_q
NetworkRewiring_Test,21,489,14,cooperate,0.0,lra_q
NetworkRewiring_Test,21,489,15,defect,1.4137931034482758,tit_for_tat
NetworkRewiring_Test,21,489,16,defect,1.0,tit_for_tat
NetworkRewiring_Test,21,489,17,defect,1.1379310344827587,tit_for_tat
NetworkRewiring_Test,21,489,18,defect,1.0,tit_for_tat
NetworkRewiring_Test,21,489,19,defect,1.1379310344827587,tit_for_tat
NetworkRewiring_Test,21,489,20,defect,1.1379310344827587,tit_for_tat
NetworkRewiring_Test,21,489,21,cooperate,0.10344827586206896,tit_for_tat
NetworkRewiring_Test,21,489,22,cooperate,0.20689655172413793,tit_for_tat
NetworkRewiring_Test,21,489,23,defect,1.0,tit_for_tat
NetworkRewiring_Test,21,489,24,defect,1.0,tit_for_tat
NetworkRewiring_Test,21,489,25,defect,1.1379310344827587,tit_for_tat
NetworkRewiring_Test,21,489,26,defect,1.0,tit_for_tat
NetworkRewiring_Test,21,489,27,defect,1.1379310344827587,tit_for_tat
NetworkRewiring_Test,21,489,28,cooperate,0.0,tit_for_tat
NetworkRewiring_Test,21,489,29,defect,1.1379310344827587,tit_for_tat
NetworkRewiring_Test,21,490,0,defect,1.1379310344827587,lra_q
NetworkRewiring_Test,21,490,1,defect,1.1379310344827587,lra_q
NetworkRewiring_Test,21,490,2,defect,1.0,lra_q
NetworkRewiring_Test,21,490,3,defect,1.1379310344827587,lra_q
NetworkRewiring_Test,21,490,4,cooperate,0.20689655172413793,lra_q
NetworkRewiring_Test,21,490,5,cooperate,0.20689655172413793,lra_q
NetworkRewiring_Test,21,490,6,defect,1.2758620689655173,lra_q
NetworkRewiring_Test,21,490,7,defect,1.2758620689655173,lra_q
NetworkRewiring_Test,21,490,8,defect,1.1379310344827587,lra_q
NetworkRewiring_Test,21,490,9,defect,1.1379310344827587,lra_q
NetworkRewiring_Test,21,490,10,cooperate,0.3103448275862069,lra_q
NetworkRewiring_Test,21,490,11,defect,1.0,lra_q
NetworkRewiring_Test,21,490,12,defect,1.1379310344827587,lra_q
NetworkRewiring_Test,21,490,13,defect,1.1379310344827587,lra_q
NetworkRewiring_Test,21,490,14,cooperate,0.10344827586206896,lra_q
NetworkRewiring_Test,21,490,15,defect,1.4137931034482758,tit_for_tat
NetworkRewiring_Test,21,490,16,defect,1.1379310344827587,tit_for_tat
NetworkRewiring_Test,21,490,17,cooperate,0.10344827586206896,tit_for_tat
NetworkRewiring_Test,21,490,18,defect,1.1379310344827587,tit_for_tat
NetworkRewiring_Test,21,490,19,defect,1.1379310344827587,tit_for_tat
NetworkRewiring_Test,21,490,20,defect,1.2758620689655173,tit_for_tat
NetworkRewiring_Test,21,490,21,defect,1.1379310344827587,tit_for_tat
NetworkRewiring_Test,21,490,22,cooperate,0.10344827586206896,tit_for_tat
NetworkRewiring_Test,21,490,23,defect,1.0,tit_for_tat
NetworkRewiring_Test,21,490,24,defect,1.0,tit_for_tat
NetworkRewiring_Test,21,490,25,defect,1.0,tit_for_tat
NetworkRewiring_Test,21,490,26,defect,1.0,tit_for_tat
NetworkRewiring_Test,21,490,27,defect,1.0,tit_for_tat
NetworkRewiring_Test,21,490,28,defect,1.1379310344827587,tit_for_tat
NetworkRewiring_Test,21,490,29,defect,1.0,tit_for_tat
NetworkRewiring_Test,21,491,0,defect,1.4137931034482758,lra_q
NetworkRewiring_Test,21,491,1,defect,1.0,lra_q
NetworkRewiring_Test,21,491,2,defect,1.2758620689655173,lra_q
NetworkRewiring_Test,21,491,3,defect,1.1379310344827587,lra_q
NetworkRewiring_Test,21,491,4,defect,1.0,lra_q
NetworkRewiring_Test,21,491,5,defect,1.0,lra_q
NetworkRewiring_Test,21,491,6,defect,1.0,lra_q
NetworkRewiring_Test,21,491,7,defect,1.1379310344827587,lra_q
NetworkRewiring_Test,21,491,8,defect,1.1379310344827587,lra_q
NetworkRewiring_Test,21,491,9,defect,1.1379310344827587,lra_q
NetworkRewiring_Test,21,491,10,defect,1.2758620689655173,lra_q
NetworkRewiring_Test,21,491,11,cooperate,0.0,lra_q
NetworkRewiring_Test,21,491,12,defect,1.2758620689655173,lra_q
NetworkRewiring_Test,21,491,13,defect,1.0,lra_q
NetworkRewiring_Test,21,491,14,defect,1.1379310344827587,lra_q
NetworkRewiring_Test,21,491,15,cooperate,0.10344827586206896,tit_for_tat
NetworkRewiring_Test,21,491,16,defect,1.1379310344827587,tit_for_tat
NetworkRewiring_Test,21,491,17,defect,1.1379310344827587,tit_for_tat
NetworkRewiring_Test,21,491,18,defect,1.1379310344827587,tit_for_tat
NetworkRewiring_Test,21,491,19,defect,1.2758620689655173,tit_for_tat
NetworkRewiring_Test,21,491,20,cooperate,0.10344827586206896,tit_for_tat
NetworkRewiring_Test,21,491,21,cooperate,0.10344827586206896,tit_for_tat
NetworkRewiring_Test,21,491,22,cooperate,0.3103448275862069,tit_for_tat
NetworkRewiring_Test,21,491,23,defect,1.0,tit_for_tat
NetworkRewiring_Test,21,491,24,defect,1.1379310344827587,tit_for_tat
NetworkRewiring_Test,21,491,25,defect,1.0,tit_for_tat
NetworkRewiring_Test,21,491,26,defect,1.0,tit_for_tat
NetworkRewiring_Test,21,491,27,defect,1.0,tit_for_tat
NetworkRewiring_Test,21,491,28,defect,1.0,tit_for_tat
NetworkRewiring_Test,21,491,29,defect,1.0,tit_for_tat
NetworkRewiring_Test,21,492,0,defect,1.1379310344827587,lra_q
NetworkRewiring_Test,21,492,1,defect,1.1379310344827587,lra_q
NetworkRewiring_Test,21,492,2,defect,1.0,lra_q
NetworkRewiring_Test,21,492,3,defect,1.1379310344827587,lra_q
NetworkRewiring_Test,21,492,4,cooperate,0.20689655172413793,lra_q
NetworkRewiring_Test,21,492,5,cooperate,0.20689655172413793,lra_q
NetworkRewiring_Test,21,492,6,defect,1.2758620689655173,lra_q
NetworkRewiring_Test,21,492,7,defect,1.1379310344827587,lra_q
NetworkRewiring_Test,21,492,8,defect,1.1379310344827587,lra_q
NetworkRewiring_Test,21,492,9,defect,1.1379310344827587,lra_q
NetworkRewiring_Test,21,492,10,cooperate,0.3103448275862069,lra_q
NetworkRewiring_Test,21,492,11,defect,1.0,lra_q
NetworkRewiring_Test,21,492,12,defect,1.1379310344827587,lra_q
NetworkRewiring_Test,21,492,13,defect,1.0,lra_q
NetworkRewiring_Test,21,492,14,defect,1.0,lra_q
NetworkRewiring_Test,21,492,15,defect,1.1379310344827587,tit_for_tat
NetworkRewiring_Test,21,492,16,defect,1.1379310344827587,tit_for_tat
NetworkRewiring_Test,21,492,17,defect,1.1379310344827587,tit_for_tat
NetworkRewiring_Test,21,492,18,cooperate,0.0,tit_for_tat
NetworkRewiring_Test,21,492,19,defect,1.1379310344827587,tit_for_tat
NetworkRewiring_Test,21,492,20,defect,1.4137931034482758,tit_for_tat
NetworkRewiring_Test,21,492,21,defect,1.1379310344827587,tit_for_tat
NetworkRewiring_Test,21,492,22,cooperate,0.10344827586206896,tit_for_tat
NetworkRewiring_Test,21,492,23,defect,1.0,tit_for_tat
NetworkRewiring_Test,21,492,24,defect,1.0,tit_for_tat
NetworkRewiring_Test,21,492,25,defect,1.0,tit_for_tat
NetworkRewiring_Test,21,492,26,defect,1.0,tit_for_tat
NetworkRewiring_Test,21,492,27,defect,1.0,tit_for_tat
NetworkRewiring_Test,21,492,28,defect,1.1379310344827587,tit_for_tat
NetworkRewiring_Test,21,492,29,defect,1.0,tit_for_tat
NetworkRewiring_Test,21,493,0,defect,1.0,lra_q
NetworkRewiring_Test,21,493,1,defect,1.0,lra_q
NetworkRewiring_Test,21,493,2,defect,1.1379310344827587,lra_q
NetworkRewiring_Test,21,493,3,defect,1.0,lra_q
NetworkRewiring_Test,21,493,4,defect,1.0,lra_q
NetworkRewiring_Test,21,493,5,defect,1.0,lra_q
NetworkRewiring_Test,21,493,6,defect,1.1379310344827587,lra_q
NetworkRewiring_Test,21,493,7,defect,1.1379310344827587,lra_q
NetworkRewiring_Test,21,493,8,defect,1.0,lra_q
NetworkRewiring_Test,21,493,9,defect,1.0,lra_q
NetworkRewiring_Test,21,493,10,defect,1.1379310344827587,lra_q
NetworkRewiring_Test,21,493,11,defect,1.0,lra_q
NetworkRewiring_Test,21,493,12,defect,1.0,lra_q
NetworkRewiring_Test,21,493,13,defect,1.1379310344827587,lra_q
NetworkRewiring_Test,21,493,14,cooperate,0.10344827586206896,lra_q
NetworkRewiring_Test,21,493,15,defect,1.4137931034482758,tit_for_tat
NetworkRewiring_Test,21,493,16,cooperate,0.10344827586206896,tit_for_tat
NetworkRewiring_Test,21,493,17,cooperate,0.20689655172413793,tit_for_tat
NetworkRewiring_Test,21,493,18,defect,1.4137931034482758,tit_for_tat
NetworkRewiring_Test,21,493,19,defect,1.2758620689655173,tit_for_tat
NetworkRewiring_Test,21,493,20,cooperate,0.0,tit_for_tat
NetworkRewiring_Test,21,493,21,defect,1.0,tit_for_tat
NetworkRewiring_Test,21,493,22,defect,1.1379310344827587,tit_for_tat
NetworkRewiring_Test,21,493,23,defect,1.0,tit_for_tat
NetworkRewiring_Test,21,493,24,defect,1.0,tit_for_tat
NetworkRewiring_Test,21,493,25,defect,1.0,tit_for_tat
NetworkRewiring_Test,21,493,26,defect,1.0,tit_for_tat
NetworkRewiring_Test,21,493,27,defect,1.0,tit_for_tat
NetworkRewiring_Test,21,493,28,defect,1.0,tit_for_tat
NetworkRewiring_Test,21,493,29,defect,1.0,tit_for_tat
NetworkRewiring_Test,21,494,0,defect,1.0,lra_q
NetworkRewiring_Test,21,494,1,defect,1.1379310344827587,lra_q
NetworkRewiring_Test,21,494,2,defect,1.1379310344827587,lra_q
NetworkRewiring_Test,21,494,3,defect,1.1379310344827587,lra_q
NetworkRewiring_Test,21,494,4,cooperate,0.20689655172413793,lra_q
NetworkRewiring_Test,21,494,5,cooperate,0.3103448275862069,lra_q
NetworkRewiring_Test,21,494,6,defect,1.4137931034482758,lra_q
NetworkRewiring_Test,21,494,7,defect,1.1379310344827587,lra_q
NetworkRewiring_Test,21,494,8,defect,1.1379310344827587,lra_q
NetworkRewiring_Test,21,494,9,defect,1.1379310344827587,lra_q
NetworkRewiring_Test,21,494,10,cooperate,0.20689655172413793,lra_q
NetworkRewiring_Test,21,494,11,defect,1.1379310344827587,lra_q
NetworkRewiring_Test,21,494,12,cooperate,0.10344827586206896,lra_q
NetworkRewiring_Test,21,494,13,defect,1.0,lra_q
NetworkRewiring_Test,21,494,14,defect,1.0,lra_q
NetworkRewiring_Test,21,494,15,defect,1.2758620689655173,tit_for_tat
NetworkRewiring_Test,21,494,16,cooperate,0.10344827586206896,tit_for_tat
NetworkRewiring_Test,21,494,17,defect,1.2758620689655173,tit_for_tat
NetworkRewiring_Test,21,494,18,cooperate,0.10344827586206896,tit_for_tat
NetworkRewiring_Test,21,494,19,defect,1.1379310344827587,tit_for_tat
NetworkRewiring_Test,21,494,20,defect,1.2758620689655173,tit_for_tat
NetworkRewiring_Test,21,494,21,defect,1.0,tit_for_tat
NetworkRewiring_Test,21,494,22,defect,1.1379310344827587,tit_for_tat
NetworkRewiring_Test,21,494,23,defect,1.0,tit_for_tat
NetworkRewiring_Test,21,494,24,defect,1.0,tit_for_tat
NetworkRewiring_Test,21,494,25,defect,1.0,tit_for_tat
NetworkRewiring_Test,21,494,26,defect,1.0,tit_for_tat
NetworkRewiring_Test,21,494,27,defect,1.0,tit_for_tat
NetworkRewiring_Test,21,494,28,defect,1.1379310344827587,tit_for_tat
NetworkRewiring_Test,21,494,29,defect,1.0,tit_for_tat
NetworkRewiring_Test,21,495,0,defect,1.1379310344827587,lra_q
NetworkRewiring_Test,21,495,1,defect,1.0,lra_q
NetworkRewiring_Test,21,495,2,defect,1.0,lra_q
NetworkRewiring_Test,21,495,3,defect,1.0,lra_q
NetworkRewiring_Test,21,495,4,defect,1.1379310344827587,lra_q
NetworkRewiring_Test,21,495,5,defect,1.2758620689655173,lra_q
NetworkRewiring_Test,21,495,6,cooperate,0.10344827586206896,lra_q
NetworkRewiring_Test,21,495,7,defect,1.1379310344827587,lra_q
NetworkRewiring_Test,21,495,8,defect,1.1379310344827587,lra_q
NetworkRewiring_Test,21,495,9,defect,1.1379310344827587,lra_q
NetworkRewiring_Test,21,495,10,cooperate,0.20689655172413793,lra_q
NetworkRewiring_Test,21,495,11,defect,1.0,lra_q
NetworkRewiring_Test,21,495,12,defect,1.1379310344827587,lra_q
NetworkRewiring_Test,21,495,13,defect,1.2758620689655173,lra_q
NetworkRewiring_Test,21,495,14,cooperate,0.20689655172413793,lra_q
NetworkRewiring_Test,21,495,15,cooperate,0.20689655172413793,tit_for_tat
NetworkRewiring_Test,21,495,16,defect,1.4137931034482758,tit_for_tat
NetworkRewiring_Test,21,495,17,cooperate,0.20689655172413793,tit_for_tat
NetworkRewiring_Test,21,495,18,defect,1.2758620689655173,tit_for_tat
NetworkRewiring_Test,21,495,19,defect,1.4137931034482758,tit_for_tat
NetworkRewiring_Test,21,495,20,cooperate,0.10344827586206896,tit_for_tat
NetworkRewiring_Test,21,495,21,defect,1.0,tit_for_tat
NetworkRewiring_Test,21,495,22,defect,1.4137931034482758,tit_for_tat
NetworkRewiring_Test,21,495,23,defect,1.0,tit_for_tat
NetworkRewiring_Test,21,495,24,defect,1.0,tit_for_tat
NetworkRewiring_Test,21,495,25,defect,1.0,tit_for_tat
NetworkRewiring_Test,21,495,26,defect,1.0,tit_for_tat
NetworkRewiring_Test,21,495,27,defect,1.0,tit_for_tat
NetworkRewiring_Test,21,495,28,defect,1.0,tit_for_tat
NetworkRewiring_Test,21,495,29,defect,1.0,tit_for_tat
NetworkRewiring_Test,21,496,0,defect,1.1379310344827587,lra_q
NetworkRewiring_Test,21,496,1,defect,1.1379310344827587,lra_q
NetworkRewiring_Test,21,496,2,defect,1.0,lra_q
NetworkRewiring_Test,21,496,3,defect,1.0,lra_q
NetworkRewiring_Test,21,496,4,cooperate,0.10344827586206896,lra_q
NetworkRewiring_Test,21,496,5,defect,1.2758620689655173,lra_q
NetworkRewiring_Test,21,496,6,defect,1.2758620689655173,lra_q
NetworkRewiring_Test,21,496,7,defect,1.1379310344827587,lra_q
NetworkRewiring_Test,21,496,8,defect,1.1379310344827587,lra_q
NetworkRewiring_Test,21,496,9,defect,1.1379310344827587,lra_q
NetworkRewiring_Test,21,496,10,cooperate,0.10344827586206896,lra_q
NetworkRewiring_Test,21,496,11,defect,1.0,lra_q
NetworkRewiring_Test,21,496,12,defect,1.1379310344827587,lra_q
NetworkRewiring_Test,21,496,13,defect,1.0,lra_q
NetworkRewiring_Test,21,496,14,defect,1.2758620689655173,lra_q
NetworkRewiring_Test,21,496,15,cooperate,0.10344827586206896,tit_for_tat
NetworkRewiring_Test,21,496,16,defect,1.4137931034482758,tit_for_tat
NetworkRewiring_Test,21,496,17,cooperate,0.3103448275862069,tit_for_tat
NetworkRewiring_Test,21,496,18,cooperate,0.20689655172413793,tit_for_tat
NetworkRewiring_Test,21,496,19,cooperate,0.20689655172413793,tit_for_tat
NetworkRewiring_Test,21,496,20,defect,1.4137931034482758,tit_for_tat
NetworkRewiring_Test,21,496,21,defect,1.1379310344827587,tit_for_tat
NetworkRewiring_Test,21,496,22,defect,1.2758620689655173,tit_for_tat
NetworkRewiring_Test,21,496,23,defect,1.0,tit_for_tat
NetworkRewiring_Test,21,496,24,defect,1.0,tit_for_tat
NetworkRewiring_Test,21,496,25,defect,1.0,tit_for_tat
NetworkRewiring_Test,21,496,26,defect,1.1379310344827587,tit_for_tat
NetworkRewiring_Test,21,496,27,defect,1.0,tit_for_tat
NetworkRewiring_Test,21,496,28,defect,1.0,tit_for_tat
NetworkRewiring_Test,21,496,29,defect,1.0,tit_for_tat
NetworkRewiring_Test,21,497,0,defect,1.0,lra_q
NetworkRewiring_Test,21,497,1,defect,1.1379310344827587,lra_q
NetworkRewiring_Test,21,497,2,defect,1.2758620689655173,lra_q
NetworkRewiring_Test,21,497,3,defect,1.0,lra_q
NetworkRewiring_Test,21,497,4,cooperate,0.10344827586206896,lra_q
NetworkRewiring_Test,21,497,5,defect,1.2758620689655173,lra_q
NetworkRewiring_Test,21,497,6,defect,1.4137931034482758,lra_q
NetworkRewiring_Test,21,497,7,defect,1.0,lra_q
NetworkRewiring_Test,21,497,8,defect,1.1379310344827587,lra_q
NetworkRewiring_Test,21,497,9,defect,1.1379310344827587,lra_q
NetworkRewiring_Test,21,497,10,cooperate,0.20689655172413793,lra_q
NetworkRewiring_Test,21,497,11,defect,1.0,lra_q
NetworkRewiring_Test,21,497,12,defect,1.0,lra_q
NetworkRewiring_Test,21,497,13,defect,1.0,lra_q
NetworkRewiring_Test,21,497,14,defect,1.0,lra_q
NetworkRewiring_Test,21,497,15,defect,1.1379310344827587,tit_for_tat
NetworkRewiring_Test,21,497,16,cooperate,0.0,tit_for_tat
NetworkRewiring_Test,21,497,17,defect,1.2758620689655173,tit_for_tat
NetworkRewiring_Test,21,497,18,defect,1.4137931034482758,tit_for_tat
NetworkRewiring_Test,21,497,19,cooperate,0.20689655172413793,tit_for_tat
NetworkRewiring_Test,21,497,20,cooperate,0.20689655172413793,tit_for_tat
NetworkRewiring_Test,21,497,21,defect,1.1379310344827587,tit_for_tat
NetworkRewiring_Test,21,497,22,defect,1.2758620689655173,tit_for_tat
NetworkRewiring_Test,21,497,23,defect,1.0,tit_for_tat
NetworkRewiring_Test,21,497,24,defect,1.0,tit_for_tat
NetworkRewiring_Test,21,497,25,defect,1.0,tit_for_tat
NetworkRewiring_Test,21,497,26,cooperate,0.10344827586206896,tit_for_tat
NetworkRewiring_Test,21,497,27,defect,1.0,tit_for_tat
NetworkRewiring_Test,21,497,28,defect,1.0,tit_for_tat
NetworkRewiring_Test,21,497,29,defect,1.0,tit_for_tat
NetworkRewiring_Test,21,498,0,defect,1.0,lra_q
NetworkRewiring_Test,21,498,1,defect,1.1379310344827587,lra_q
NetworkRewiring_Test,21,498,2,defect,1.1379310344827587,lra_q
NetworkRewiring_Test,21,498,3,defect,1.0,lra_q
NetworkRewiring_Test,21,498,4,cooperate,0.10344827586206896,lra_q
NetworkRewiring_Test,21,498,5,defect,1.4137931034482758,lra_q
NetworkRewiring_Test,21,498,6,cooperate,0.10344827586206896,lra_q
NetworkRewiring_Test,21,498,7,defect,1.2758620689655173,lra_q
NetworkRewiring_Test,21,498,8,defect,1.1379310344827587,lra_q
NetworkRewiring_Test,21,498,9,cooperate,0.10344827586206896,lra_q
NetworkRewiring_Test,21,498,10,cooperate,0.41379310344827586,lra_q
NetworkRewiring_Test,21,498,11,defect,1.1379310344827587,lra_q
NetworkRewiring_Test,21,498,12,defect,1.0,lra_q
NetworkRewiring_Test,21,498,13,defect,1.2758620689655173,lra_q
NetworkRewiring_Test,21,498,14,cooperate,0.10344827586206896,lra_q
NetworkRewiring_Test,21,498,15,defect,1.2758620689655173,tit_for_tat
NetworkRewiring_Test,21,498,16,defect,1.4137931034482758,tit_for_tat
NetworkRewiring_Test,21,498,17,cooperate,0.20689655172413793,tit_for_tat
NetworkRewiring_Test,21,498,18,cooperate,0.20689655172413793,tit_for_tat
NetworkRewiring_Test,21,498,19,defect,1.6896551724137931,tit_for_tat
NetworkRewiring_Test,21,498,20,cooperate,0.20689655172413793,tit_for_tat
NetworkRewiring_Test,21,498,21,defect,1.0,tit_for_tat
NetworkRewiring_Test,21,498,22,defect,1.2758620689655173,tit_for_tat
NetworkRewiring_Test,21,498,23,defect,1.0,tit_for_tat
NetworkRewiring_Test,21,498,24,defect,1.0,tit_for_tat
NetworkRewiring_Test,21,498,25,defect,1.0,tit_for_tat
NetworkRewiring_Test,21,498,26,cooperate,0.0,tit_for_tat
NetworkRewiring_Test,21,498,27,defect,1.0,tit_for_tat
NetworkRewiring_Test,21,498,28,defect,1.0,tit_for_tat
NetworkRewiring_Test,21,498,29,defect,1.0,tit_for_tat
NetworkRewiring_Test,21,499,0,defect,1.0,lra_q
NetworkRewiring_Test,21,499,1,defect,1.1379310344827587,lra_q
NetworkRewiring_Test,21,499,2,defect,1.1379310344827587,lra_q
NetworkRewiring_Test,21,499,3,defect,1.0,lra_q
NetworkRewiring_Test,21,499,4,cooperate,0.0,lra_q
NetworkRewiring_Test,21,499,5,defect,1.1379310344827587,lra_q
NetworkRewiring_Test,21,499,6,defect,1.2758620689655173,lra_q
NetworkRewiring_Test,21,499,7,defect,1.0,lra_q
NetworkRewiring_Test,21,499,8,defect,1.0,lra_q
NetworkRewiring_Test,21,499,9,defect,1.0,lra_q
NetworkRewiring_Test,21,499,10,defect,1.1379310344827587,lra_q
NetworkRewiring_Test,21,499,11,defect,1.0,lra_q
NetworkRewiring_Test,21,499,12,defect,1.0,lra_q
NetworkRewiring_Test,21,499,13,defect,1.0,lra_q
NetworkRewiring_Test,21,499,14,defect,1.0,lra_q
NetworkRewiring_Test,21,499,15,defect,1.1379310344827587,tit_for_tat
NetworkRewiring_Test,21,499,16,cooperate,0.0,tit_for_tat
NetworkRewiring_Test,21,499,17,defect,1.2758620689655173,tit_for_tat
NetworkRewiring_Test,21,499,18,defect,1.2758620689655173,tit_for_tat
NetworkRewiring_Test,21,499,19,cooperate,0.0,tit_for_tat
NetworkRewiring_Test,21,499,20,defect,1.1379310344827587,tit_for_tat
NetworkRewiring_Test,21,499,21,defect,1.1379310344827587,tit_for_tat
NetworkRewiring_Test,21,499,22,defect,1.0,tit_for_tat
NetworkRewiring_Test,21,499,23,defect,1.0,tit_for_tat
NetworkRewiring_Test,21,499,24,defect,1.0,tit_for_tat
NetworkRewiring_Test,21,499,25,defect,1.0,tit_for_tat
NetworkRewiring_Test,21,499,26,defect,1.1379310344827587,tit_for_tat
NetworkRewiring_Test,21,499,27,defect,1.0,tit_for_tat
NetworkRewiring_Test,21,499,28,defect,1.0,tit_for_tat
NetworkRewiring_Test,21,499,29,defect,1.0,tit_for_tat
